7776.000000 5.02672e-05
7777.000000 5.10393e-05
7778.000000 5.18111e-05
7779.000000 5.25826e-05
7780.000000 5.33538e-05
7781.000000 5.41233e-05
7782.000000 5.48925e-05
7783.000000 5.56613e-05
7784.000000 5.64297e-05
7785.000000 5.71979e-05
7786.000000 5.79656e-05
7787.000000 5.87332e-05
7788.000000 5.95003e-05
7789.000000 6.02673e-05
7790.000000 6.10337e-05
7791.000000 6.17957e-05
7792.000000 6.25572e-05
7793.000000 6.33183e-05
7794.000000 6.40789e-05
7795.000000 6.48391e-05
7796.000000 6.55989e-05
7797.000000 6.63583e-05
7798.000000 6.71172e-05
7799.000000 6.78758e-05
7800.000000 6.86338e-05
7801.000000 7.01743e-05
7802.000000 7.17139e-05
7803.000000 7.32527e-05
7804.000000 7.47906e-05
7805.000000 7.63279e-05
7806.000000 7.78639e-05
7807.000000 7.93993e-05
7808.000000 8.09338e-05
7809.000000 8.24675e-05
7810.000000 8.40001e-05
7811.000000 8.55166e-05
7812.000000 8.70316e-05
7813.000000 8.85453e-05
7814.000000 9.00575e-05
7815.000000 9.15685e-05
7816.000000 9.3078e-05
7817.000000 9.45857e-05
7818.000000 9.60926e-05
7819.000000 9.75978e-05
7820.000000 9.91014e-05
7821.000000 0.000100613
7822.000000 0.000102123
7823.000000 0.000103632
7824.000000 0.00010514
7825.000000 0.000106647
7826.000000 0.000108153
7827.000000 0.000109658
7828.000000 0.000111161
7829.000000 0.000112663
7830.000000 0.000114164
7831.000000 0.000115653
7832.000000 0.000117139
7833.000000 0.000118624
7834.000000 0.000120108
7835.000000 0.00012159
7836.000000 0.000123071
7837.000000 0.00012455
7838.000000 0.000126028
7839.000000 0.000127505
7840.000000 0.00012898
7841.000000 0.000132033
7842.000000 0.000135085
7843.000000 0.000138135
7844.000000 0.000141184
7845.000000 0.000144232
7846.000000 0.000147279
7847.000000 0.000150324
7848.000000 0.000153368
7849.000000 0.00015641
7850.000000 0.000159451
7851.000000 0.000162438
7852.000000 0.000165421
7853.000000 0.000168401
7854.000000 0.000171378
7855.000000 0.000174351
7856.000000 0.000177322
7857.000000 0.000180288
7858.000000 0.000183252
7859.000000 0.000186212
7860.000000 0.000189169
7861.000000 0.000192172
7862.000000 0.000195172
7863.000000 0.000198172
7864.000000 0.000201169
7865.000000 0.000204165
7866.000000 0.000207158
7867.000000 0.00021015
7868.000000 0.000213141
7869.000000 0.000216129
7870.000000 0.000219115
7871.000000 0.000222076
7872.000000 0.000225034
7873.000000 0.00022799
7874.000000 0.000230944
7875.000000 0.000233894
7876.000000 0.000236843
7877.000000 0.000239789
7878.000000 0.000242733
7879.000000 0.000245674
7880.000000 0.000248613
7881.000000 0.000254616
7882.000000 0.000260616
7883.000000 0.00026661
7884.000000 0.0002726
7885.000000 0.000278586
7886.000000 0.000284568
7887.000000 0.000290545
7888.000000 0.000296518
7889.000000 0.000302487
7890.000000 0.000308451
7891.000000 0.000314403
7892.000000 0.000320349
7893.000000 0.000326292
7894.000000 0.000332229
7895.000000 0.000338163
7896.000000 0.00034409
7897.000000 0.000350014
7898.000000 0.000355934
7899.000000 0.000361848
7900.000000 0.000367757
7901.000000 0.000373652
7902.000000 0.000379542
7903.000000 0.000385427
7904.000000 0.000391307
7905.000000 0.000397183
7906.000000 0.000403054
7907.000000 0.000408919
7908.000000 0.000414779
7909.000000 0.000420635
7910.000000 0.000426485
7911.000000 0.000432312
7912.000000 0.000438134
7913.000000 0.00044395
7914.000000 0.000449762
7915.000000 0.000455569
7916.000000 0.000461368
7917.000000 0.000467164
7918.000000 0.000472954
7919.000000 0.000478736
7920.000000 0.000484515
7921.000000 0.000496545
7922.000000 0.000508565
7923.000000 0.000520575
7924.000000 0.000532578
7925.000000 0.00054457
7926.000000 0.000556553
7927.000000 0.000568528
7928.000000 0.000580494
7929.000000 0.000592449
7930.000000 0.000604398
7931.000000 0.000616366
7932.000000 0.000628326
7933.000000 0.000640278
7934.000000 0.000652222
7935.000000 0.000664158
7936.000000 0.000676087
7937.000000 0.000688006
7938.000000 0.000699921
7939.000000 0.000711826
7940.000000 0.000723721
7941.000000 0.000735476
7942.000000 0.000747217
7943.000000 0.000758942
7944.000000 0.000770661
7945.000000 0.000782364
7946.000000 0.000794055
7947.000000 0.000805736
7948.000000 0.000817402
7949.000000 0.000829055
7950.000000 0.000840698
7951.000000 0.000852342
7952.000000 0.00086397
7953.000000 0.000875589
7954.000000 0.000887195
7955.000000 0.000898787
7956.000000 0.000910372
7957.000000 0.000921942
7958.000000 0.0009335
7959.000000 0.000945045
7960.000000 0.000956582
7961.000000 0.000981626
7962.000000 0.00100665
7963.000000 0.00103165
7964.000000 0.00105663
7965.000000 0.00108158
7966.000000 0.00110652
7967.000000 0.00113143
7968.000000 0.00115632
7969.000000 0.00118118
7970.000000 0.00120603
7971.000000 0.00123089
7972.000000 0.00125572
7973.000000 0.00128053
7974.000000 0.00130533
7975.000000 0.0013301
7976.000000 0.00135485
7977.000000 0.00137958
7978.000000 0.00140429
7979.000000 0.00142898
7980.000000 0.00145365
7981.000000 0.00147896
7982.000000 0.00150428
7983.000000 0.00152961
7984.000000 0.00155493
7985.000000 0.00158026
7986.000000 0.00160558
7987.000000 0.00163091
7988.000000 0.00165624
7989.000000 0.00168157
7990.000000 0.0017069
7991.000000 0.00173181
7992.000000 0.00175671
7993.000000 0.0017816
7994.000000 0.00180647
7995.000000 0.00183134
7996.000000 0.0018562
7997.000000 0.00188104
7998.000000 0.00190588
7999.000000 0.0019307
8000.000000 0.00195551
8001.000000 0.00206182
8002.000000 0.002168
8003.000000 0.00227407
8004.000000 0.00238002
8005.000000 0.00248585
8006.000000 0.00259157
8007.000000 0.00269717
8008.000000 0.00280264
8009.000000 0.002908
8010.000000 0.00301325
8011.000000 0.00307086
8012.000000 0.00312843
8013.000000 0.00318595
8014.000000 0.00324343
8015.000000 0.00330086
8016.000000 0.00335825
8017.000000 0.0034156
8018.000000 0.00347289
8019.000000 0.00353014
8020.000000 0.00358734
8021.000000 0.00365259
8022.000000 0.0037178
8023.000000 0.00378296
8024.000000 0.0038481
8025.000000 0.00391319
8026.000000 0.00397826
8027.000000 0.00404328
8028.000000 0.00410828
8029.000000 0.00417322
8030.000000 0.00423815
8031.000000 0.00432044
8032.000000 0.00440266
8033.000000 0.00448484
8034.000000 0.00456694
8035.000000 0.00464897
8036.000000 0.00473093
8037.000000 0.00481284
8038.000000 0.00489467
8039.000000 0.00497644
8040.000000 0.00505814
8041.000000 0.00515494
8042.000000 0.00525169
8043.000000 0.00534835
8044.000000 0.00544492
8045.000000 0.00554142
8046.000000 0.00563785
8047.000000 0.00573418
8048.000000 0.00583044
8049.000000 0.00592661
8050.000000 0.00602272
8051.000000 0.00612421
8052.000000 0.00622565
8053.000000 0.00632708
8054.000000 0.00642847
8055.000000 0.00652985
8056.000000 0.00663119
8057.000000 0.00673249
8058.000000 0.00683378
8059.000000 0.00693505
8060.000000 0.00703627
8061.000000 0.00716015
8062.000000 0.00728386
8063.000000 0.0074074
8064.000000 0.00753079
8065.000000 0.00765398
8066.000000 0.00777702
8067.000000 0.0078999
8068.000000 0.00802259
8069.000000 0.00814514
8070.000000 0.00826752
8071.000000 0.0084054
8072.000000 0.00854329
8073.000000 0.00868111
8074.000000 0.00881893
8075.000000 0.00895668
8076.000000 0.00909438
8077.000000 0.00923206
8078.000000 0.00936968
8079.000000 0.00950731
8080.000000 0.00964485
8081.000000 0.00985571
8082.000000 0.0100664
8083.000000 0.010277
8084.000000 0.0104875
8085.000000 0.0106978
8086.000000 0.010908
8087.000000 0.011118
8088.000000 0.0113279
8089.000000 0.0115378
8090.000000 0.0117474
8091.000000 0.0119388
8092.000000 0.01213
8093.000000 0.0123209
8094.000000 0.0125117
8095.000000 0.0127022
8096.000000 0.0128924
8097.000000 0.0130825
8098.000000 0.0132723
8099.000000 0.0134619
8100.000000 0.0136513
8101.000000 0.0139173
8102.000000 0.0141831
8103.000000 0.0144489
8104.000000 0.0147146
8105.000000 0.0149803
8106.000000 0.0152459
8107.000000 0.0155114
8108.000000 0.0157768
8109.000000 0.0160422
8110.000000 0.0163074
8111.000000 0.0165319
8112.000000 0.0167562
8113.000000 0.0169803
8114.000000 0.0172043
8115.000000 0.0174281
8116.000000 0.0176518
8117.000000 0.0178752
8118.000000 0.0180985
8119.000000 0.0183217
8120.000000 0.0185447
8121.000000 0.0188695
8122.000000 0.0191941
8123.000000 0.0195183
8124.000000 0.0198423
8125.000000 0.0201659
8126.000000 0.0204893
8127.000000 0.0208124
8128.000000 0.0211352
8129.000000 0.0214577
8130.000000 0.0217799
8131.000000 0.0220621
8132.000000 0.0223442
8133.000000 0.0226259
8134.000000 0.0229074
8135.000000 0.0231887
8136.000000 0.0234697
8137.000000 0.0237506
8138.000000 0.0240311
8139.000000 0.0243115
8140.000000 0.0245916
8141.000000 0.0249801
8142.000000 0.0253682
8143.000000 0.0257558
8144.000000 0.0261432
8145.000000 0.0265301
8146.000000 0.0269168
8147.000000 0.027303
8148.000000 0.0276889
8149.000000 0.0280744
8150.000000 0.0284594
8151.000000 0.0288728
8152.000000 0.0292858
8153.000000 0.0296988
8154.000000 0.0301114
8155.000000 0.0305239
8156.000000 0.0309362
8157.000000 0.0313482
8158.000000 0.0317601
8159.000000 0.0321718
8160.000000 0.0325833
8161.000000 0.0330174
8162.000000 0.0334508
8163.000000 0.0338835
8164.000000 0.0343156
8165.000000 0.034747
8166.000000 0.0351777
8167.000000 0.0356077
8168.000000 0.036037
8169.000000 0.0364657
8170.000000 0.0368935
8171.000000 0.0373571
8172.000000 0.0378204
8173.000000 0.0382837
8174.000000 0.0387467
8175.000000 0.0392094
8176.000000 0.0396721
8177.000000 0.0401345
8178.000000 0.0405969
8179.000000 0.0410589
8180.000000 0.0415209
8181.000000 0.0420542
8182.000000 0.0425871
8183.000000 0.04312
8184.000000 0.0436525
8185.000000 0.0441849
8186.000000 0.0447169
8187.000000 0.0452488
8188.000000 0.0457805
8189.000000 0.0463119
8190.000000 0.0468431
8191.000000 0.0473942
8192.000000 0.0479447
8193.000000 0.0484946
8194.000000 0.0490439
8195.000000 0.0495924
8196.000000 0.0501405
8197.000000 0.0506879
8198.000000 0.0512348
8199.000000 0.0517809
8200.000000 0.0523266
8201.000000 0.0529509
8202.000000 0.0535749
8203.000000 0.0541983
8204.000000 0.0548211
8205.000000 0.0554436
8206.000000 0.0560654
8207.000000 0.0566869
8208.000000 0.0573078
8209.000000 0.0579283
8210.000000 0.058548
8211.000000 0.0590697
8212.000000 0.0595909
8213.000000 0.0601117
8214.000000 0.0606326
8215.000000 0.061153
8216.000000 0.0616732
8217.000000 0.0621932
8218.000000 0.0627129
8219.000000 0.0632323
8220.000000 0.0637515
8221.000000 0.0644813
8222.000000 0.06521
8223.000000 0.0659373
8224.000000 0.0666632
8225.000000 0.0673882
8226.000000 0.0681116
8227.000000 0.0688339
8228.000000 0.069555
8229.000000 0.0702744
8230.000000 0.070993
8231.000000 0.0715362
8232.000000 0.0720794
8233.000000 0.0726222
8234.000000 0.0731644
8235.000000 0.0737065
8236.000000 0.0742483
8237.000000 0.0747894
8238.000000 0.0753305
8239.000000 0.0758711
8240.000000 0.0764114
8241.000000 0.0770435
8242.000000 0.0776748
8243.000000 0.0783056
8244.000000 0.0789357
8245.000000 0.079565
8246.000000 0.0801939
8247.000000 0.0808219
8248.000000 0.0814495
8249.000000 0.0820764
8250.000000 0.0827028
8251.000000 0.0835146
8252.000000 0.0843257
8253.000000 0.0851367
8254.000000 0.0859467
8255.000000 0.0867563
8256.000000 0.0875651
8257.000000 0.0883736
8258.000000 0.0891813
8259.000000 0.0899882
8260.000000 0.0907946
8261.000000 0.0916605
8262.000000 0.0925251
8263.000000 0.0933892
8264.000000 0.0942524
8265.000000 0.0951147
8266.000000 0.0959761
8267.000000 0.0968368
8268.000000 0.0976964
8269.000000 0.0985556
8270.000000 0.0994137
8271.000000 0.10014
8272.000000 0.100866
8273.000000 0.101592
8274.000000 0.102317
8275.000000 0.103041
8276.000000 0.103765
8277.000000 0.104488
8278.000000 0.105211
8279.000000 0.105932
8280.000000 0.106654
8281.000000 0.107442
8282.000000 0.10823
8283.000000 0.109017
8284.000000 0.109803
8285.000000 0.110588
8286.000000 0.111373
8287.000000 0.112158
8288.000000 0.112941
8289.000000 0.113724
8290.000000 0.114506
8291.000000 0.115392
8292.000000 0.116276
8293.000000 0.11716
8294.000000 0.118042
8295.000000 0.118922
8296.000000 0.119801
8297.000000 0.12068
8298.000000 0.121556
8299.000000 0.122431
8300.000000 0.123306
8301.000000 0.124067
8302.000000 0.124827
8303.000000 0.125587
8304.000000 0.126346
8305.000000 0.127104
8306.000000 0.127862
8307.000000 0.128618
8308.000000 0.129374
8309.000000 0.130129
8310.000000 0.130883
8311.000000 0.131227
8312.000000 0.131569
8313.000000 0.131912
8314.000000 0.132254
8315.000000 0.132596
8316.000000 0.132937
8317.000000 0.133279
8318.000000 0.133618
8319.000000 0.133959
8320.000000 0.134299
8321.000000 0.135512
8322.000000 0.136724
8323.000000 0.137935
8324.000000 0.139144
8325.000000 0.140355
8326.000000 0.141563
8327.000000 0.142771
8328.000000 0.143978
8329.000000 0.145185
8330.000000 0.14639
8331.000000 0.147118
8332.000000 0.147844
8333.000000 0.14857
8334.000000 0.149294
8335.000000 0.150018
8336.000000 0.150741
8337.000000 0.151463
8338.000000 0.152184
8339.000000 0.152904
8340.000000 0.153623
8341.000000 0.154412
8342.000000 0.1552
8343.000000 0.155988
8344.000000 0.156776
8345.000000 0.157562
8346.000000 0.158348
8347.000000 0.159134
8348.000000 0.159918
8349.000000 0.160703
8350.000000 0.161487
8351.000000 0.161921
8352.000000 0.162353
8353.000000 0.162786
8354.000000 0.163217
8355.000000 0.163648
8356.000000 0.16408
8357.000000 0.16451
8358.000000 0.164941
8359.000000 0.16537
8360.000000 0.165799
8361.000000 0.166895
8362.000000 0.167989
8363.000000 0.169083
8364.000000 0.170175
8365.000000 0.171266
8366.000000 0.172357
8367.000000 0.173446
8368.000000 0.174534
8369.000000 0.175621
8370.000000 0.176707
8371.000000 0.177089
8372.000000 0.177469
8373.000000 0.17785
8374.000000 0.17823
8375.000000 0.178609
8376.000000 0.178987
8377.000000 0.179365
8378.000000 0.179742
8379.000000 0.180118
8380.000000 0.180494
8381.000000 0.181134
8382.000000 0.181774
8383.000000 0.182414
8384.000000 0.183053
8385.000000 0.183691
8386.000000 0.184329
8387.000000 0.184967
8388.000000 0.185604
8389.000000 0.186241
8390.000000 0.186877
8391.000000 0.187344
8392.000000 0.187809
8393.000000 0.188275
8394.000000 0.18874
8395.000000 0.189205
8396.000000 0.18967
8397.000000 0.190134
8398.000000 0.190599
8399.000000 0.191063
8400.000000 0.191527
8401.000000 0.192453
8402.000000 0.193376
8403.000000 0.194298
8404.000000 0.195218
8405.000000 0.196137
8406.000000 0.197053
8407.000000 0.197968
8408.000000 0.198882
8409.000000 0.199793
8410.000000 0.200703
8411.000000 0.201043
8412.000000 0.201383
8413.000000 0.201722
8414.000000 0.202061
8415.000000 0.202399
8416.000000 0.202737
8417.000000 0.203074
8418.000000 0.203411
8419.000000 0.203747
8420.000000 0.204082
8421.000000 0.203946
8422.000000 0.203808
8423.000000 0.20367
8424.000000 0.203534
8425.000000 0.203396
8426.000000 0.203259
8427.000000 0.203122
8428.000000 0.202985
8429.000000 0.202847
8430.000000 0.202711
8431.000000 0.20384
8432.000000 0.204966
8433.000000 0.20609
8434.000000 0.207213
8435.000000 0.208333
8436.000000 0.209452
8437.000000 0.210568
8438.000000 0.211682
8439.000000 0.212796
8440.000000 0.213906
8441.000000 0.214121
8442.000000 0.214337
8443.000000 0.214552
8444.000000 0.214766
8445.000000 0.21498
8446.000000 0.215194
8447.000000 0.215408
8448.000000 0.215621
8449.000000 0.215834
8450.000000 0.216047
8451.000000 0.216115
8452.000000 0.216184
8453.000000 0.216252
8454.000000 0.21632
8455.000000 0.216388
8456.000000 0.216456
8457.000000 0.216523
8458.000000 0.21659
8459.000000 0.216656
8460.000000 0.216723
8461.000000 0.217377
8462.000000 0.21803
8463.000000 0.218682
8464.000000 0.219334
8465.000000 0.219984
8466.000000 0.220633
8467.000000 0.221281
8468.000000 0.221928
8469.000000 0.222574
8470.000000 0.223219
8471.000000 0.223632
8472.000000 0.224046
8473.000000 0.224456
8474.000000 0.224868
8475.000000 0.225279
8476.000000 0.225688
8477.000000 0.226098
8478.000000 0.226507
8479.000000 0.226914
8480.000000 0.227322
8481.000000 0.227689
8482.000000 0.228056
8483.000000 0.228422
8484.000000 0.228787
8485.000000 0.229153
8486.000000 0.229518
8487.000000 0.229882
8488.000000 0.230247
8489.000000 0.230611
8490.000000 0.230976
8491.000000 0.231128
8492.000000 0.231279
8493.000000 0.231429
8494.000000 0.23158
8495.000000 0.231731
8496.000000 0.231879
8497.000000 0.232028
8498.000000 0.232176
8499.000000 0.232324
8500.000000 0.232471
8501.000000 0.232712
8502.000000 0.232951
8503.000000 0.233191
8504.000000 0.23343
8505.000000 0.233669
8506.000000 0.233907
8507.000000 0.234144
8508.000000 0.234382
8509.000000 0.234619
8510.000000 0.234855
8511.000000 0.235244
8512.000000 0.235632
8513.000000 0.23602
8514.000000 0.236407
8515.000000 0.236794
8516.000000 0.23718
8517.000000 0.237566
8518.000000 0.237952
8519.000000 0.238336
8520.000000 0.23872
8521.000000 0.238873
8522.000000 0.239025
8523.000000 0.239177
8524.000000 0.239329
8525.000000 0.23948
8526.000000 0.239631
8527.000000 0.239781
8528.000000 0.239931
8529.000000 0.240081
8530.000000 0.240231
8531.000000 0.240406
8532.000000 0.240582
8533.000000 0.240756
8534.000000 0.240931
8535.000000 0.241104
8536.000000 0.241277
8537.000000 0.241449
8538.000000 0.241622
8539.000000 0.241793
8540.000000 0.241964
8541.000000 0.24209
8542.000000 0.242215
8543.000000 0.242341
8544.000000 0.242466
8545.000000 0.242591
8546.000000 0.242716
8547.000000 0.24284
8548.000000 0.242964
8549.000000 0.243088
8550.000000 0.243212
8551.000000 0.24319
8552.000000 0.243168
8553.000000 0.243146
8554.000000 0.243124
8555.000000 0.243103
8556.000000 0.243079
8557.000000 0.243057
8558.000000 0.243034
8559.000000 0.243011
8560.000000 0.242988
8561.000000 0.243216
8562.000000 0.243445
8563.000000 0.243672
8564.000000 0.243899
8565.000000 0.244126
8566.000000 0.244352
8567.000000 0.244579
8568.000000 0.244804
8569.000000 0.245029
8570.000000 0.245254
8571.000000 0.245341
8572.000000 0.245428
8573.000000 0.245516
8574.000000 0.245602
8575.000000 0.245687
8576.000000 0.245774
8577.000000 0.245859
8578.000000 0.245945
8579.000000 0.24603
8580.000000 0.246115
8581.000000 0.246131
8582.000000 0.246148
8583.000000 0.246165
8584.000000 0.246181
8585.000000 0.246197
8586.000000 0.246213
8587.000000 0.246228
8588.000000 0.246243
8589.000000 0.246258
8590.000000 0.246273
8591.000000 0.2463
8592.000000 0.246326
8593.000000 0.246352
8594.000000 0.246377
8595.000000 0.246403
8596.000000 0.246427
8597.000000 0.246453
8598.000000 0.246477
8599.000000 0.246502
8600.000000 0.246526
8601.000000 0.246968
8602.000000 0.247409
8603.000000 0.247849
8604.000000 0.248289
8605.000000 0.248728
8606.000000 0.249166
8607.000000 0.249604
8608.000000 0.25004
8609.000000 0.250476
8610.000000 0.250911
8611.000000 0.250626
8612.000000 0.25034
8613.000000 0.250055
8614.000000 0.24977
8615.000000 0.249486
8616.000000 0.249201
8617.000000 0.248916
8618.000000 0.248631
8619.000000 0.248347
8620.000000 0.248063
8621.000000 0.248197
8622.000000 0.248332
8623.000000 0.248466
8624.000000 0.248599
8625.000000 0.248732
8626.000000 0.248864
8627.000000 0.248997
8628.000000 0.249129
8629.000000 0.249261
8630.000000 0.249391
8631.000000 0.248878
8632.000000 0.248366
8633.000000 0.247855
8634.000000 0.247343
8635.000000 0.246833
8636.000000 0.246322
8637.000000 0.245813
8638.000000 0.245304
8639.000000 0.244794
8640.000000 0.244287
8641.000000 0.244638
8642.000000 0.244989
8643.000000 0.24534
8644.000000 0.24569
8645.000000 0.246039
8646.000000 0.246388
8647.000000 0.246736
8648.000000 0.247084
8649.000000 0.247431
8650.000000 0.247777
8651.000000 0.247656
8652.000000 0.247535
8653.000000 0.247414
8654.000000 0.247292
8655.000000 0.24717
8656.000000 0.247049
8657.000000 0.246928
8658.000000 0.246807
8659.000000 0.246684
8660.000000 0.246564
8661.000000 0.246645
8662.000000 0.246725
8663.000000 0.246806
8664.000000 0.246887
8665.000000 0.246967
8666.000000 0.247046
8667.000000 0.247127
8668.000000 0.247206
8669.000000 0.247285
8670.000000 0.247364
8671.000000 0.247197
8672.000000 0.24703
8673.000000 0.246862
8674.000000 0.246696
8675.000000 0.246529
8676.000000 0.246362
8677.000000 0.246195
8678.000000 0.246028
8679.000000 0.245862
8680.000000 0.245695
8681.000000 0.245752
8682.000000 0.245808
8683.000000 0.245865
8684.000000 0.245921
8685.000000 0.245977
8686.000000 0.246033
8687.000000 0.246088
8688.000000 0.246144
8689.000000 0.246197
8690.000000 0.246252
8691.000000 0.246142
8692.000000 0.24603
8693.000000 0.245919
8694.000000 0.245808
8695.000000 0.245697
8696.000000 0.245586
8697.000000 0.245473
8698.000000 0.245362
8699.000000 0.245251
8700.000000 0.24514
8701.000000 0.245165
8702.000000 0.245189
8703.000000 0.245213
8704.000000 0.245237
8705.000000 0.245261
8706.000000 0.245284
8707.000000 0.245308
8708.000000 0.24533
8709.000000 0.245352
8710.000000 0.245374
8711.000000 0.245191
8712.000000 0.245009
8713.000000 0.244825
8714.000000 0.244642
8715.000000 0.24446
8716.000000 0.244277
8717.000000 0.244094
8718.000000 0.243911
8719.000000 0.243729
8720.000000 0.243545
8721.000000 0.243462
8722.000000 0.243379
8723.000000 0.243295
8724.000000 0.243212
8725.000000 0.243129
8726.000000 0.243045
8727.000000 0.242961
8728.000000 0.242877
8729.000000 0.242793
8730.000000 0.24271
8731.000000 0.242563
8732.000000 0.242418
8733.000000 0.242272
8734.000000 0.242126
8735.000000 0.24198
8736.000000 0.241835
8737.000000 0.241689
8738.000000 0.241544
8739.000000 0.241398
8740.000000 0.241252
8741.000000 0.24137
8742.000000 0.241486
8743.000000 0.241603
8744.000000 0.24172
8745.000000 0.241836
8746.000000 0.241952
8747.000000 0.242067
8748.000000 0.242181
8749.000000 0.242296
8750.000000 0.242411
8751.000000 0.24214
8752.000000 0.241871
8753.000000 0.2416
8754.000000 0.24133
8755.000000 0.24106
8756.000000 0.24079
8757.000000 0.240522
8758.000000 0.240252
8759.000000 0.239982
8760.000000 0.239713
8761.000000 0.239726
8762.000000 0.239738
8763.000000 0.23975
8764.000000 0.239762
8765.000000 0.239772
8766.000000 0.239783
8767.000000 0.239795
8768.000000 0.239806
8769.000000 0.239816
8770.000000 0.239827
8771.000000 0.239629
8772.000000 0.239429
8773.000000 0.239231
8774.000000 0.239033
8775.000000 0.238834
8776.000000 0.238636
8777.000000 0.238437
8778.000000 0.238239
8779.000000 0.238041
8780.000000 0.237843
8781.000000 0.237784
8782.000000 0.237725
8783.000000 0.237666
8784.000000 0.237605
8785.000000 0.237545
8786.000000 0.237485
8787.000000 0.237426
8788.000000 0.237366
8789.000000 0.237305
8790.000000 0.237246
8791.000000 0.237143
8792.000000 0.237042
8793.000000 0.23694
8794.000000 0.236839
8795.000000 0.236738
8796.000000 0.236636
8797.000000 0.236534
8798.000000 0.236432
8799.000000 0.23633
8800.000000 0.236228
8801.000000 0.236041
8802.000000 0.235854
8803.000000 0.235667
8804.000000 0.23548
8805.000000 0.235292
8806.000000 0.235106
8807.000000 0.234919
8808.000000 0.234732
8809.000000 0.234545
8810.000000 0.234359
8811.000000 0.23429
8812.000000 0.234221
8813.000000 0.234151
8814.000000 0.234081
8815.000000 0.234012
8816.000000 0.233942
8817.000000 0.233872
8818.000000 0.233802
8819.000000 0.233733
8820.000000 0.233662
8821.000000 0.233293
8822.000000 0.232924
8823.000000 0.232555
8824.000000 0.232187
8825.000000 0.23182
8826.000000 0.231452
8827.000000 0.231085
8828.000000 0.230718
8829.000000 0.230351
8830.000000 0.229985
8831.000000 0.229879
8832.000000 0.229772
8833.000000 0.229666
8834.000000 0.22956
8835.000000 0.229453
8836.000000 0.229347
8837.000000 0.22924
8838.000000 0.229133
8839.000000 0.229026
8840.000000 0.22892
8841.000000 0.229022
8842.000000 0.229122
8843.000000 0.229222
8844.000000 0.229323
8845.000000 0.229422
8846.000000 0.229521
8847.000000 0.229619
8848.000000 0.229718
8849.000000 0.229817
8850.000000 0.229915
8851.000000 0.22976
8852.000000 0.229606
8853.000000 0.229452
8854.000000 0.229298
8855.000000 0.229143
8856.000000 0.228989
8857.000000 0.228835
8858.000000 0.228681
8859.000000 0.228526
8860.000000 0.228371
8861.000000 0.228234
8862.000000 0.228097
8863.000000 0.22796
8864.000000 0.227822
8865.000000 0.227684
8866.000000 0.227548
8867.000000 0.22741
8868.000000 0.227272
8869.000000 0.227135
8870.000000 0.226996
8871.000000 0.226855
8872.000000 0.226712
8873.000000 0.22657
8874.000000 0.226427
8875.000000 0.226285
8876.000000 0.226142
8877.000000 0.226
8878.000000 0.225858
8879.000000 0.225715
8880.000000 0.225574
8881.000000 0.225441
8882.000000 0.225309
8883.000000 0.225177
8884.000000 0.225045
8885.000000 0.224912
8886.000000 0.224779
8887.000000 0.224647
8888.000000 0.224515
8889.000000 0.224383
8890.000000 0.224251
8891.000000 0.224134
8892.000000 0.224019
8893.000000 0.223903
8894.000000 0.223787
8895.000000 0.223671
8896.000000 0.223555
8897.000000 0.223439
8898.000000 0.223322
8899.000000 0.223206
8900.000000 0.223089
8901.000000 0.222919
8902.000000 0.222752
8903.000000 0.222582
8904.000000 0.222413
8905.000000 0.222243
8906.000000 0.222074
8907.000000 0.221905
8908.000000 0.221736
8909.000000 0.221567
8910.000000 0.221398
8911.000000 0.221137
8912.000000 0.220877
8913.000000 0.220617
8914.000000 0.220355
8915.000000 0.220095
8916.000000 0.219835
8917.000000 0.219575
8918.000000 0.219315
8919.000000 0.219055
8920.000000 0.218797
8921.000000 0.218754
8922.000000 0.218711
8923.000000 0.218669
8924.000000 0.218626
8925.000000 0.218582
8926.000000 0.218539
8927.000000 0.218496
8928.000000 0.218452
8929.000000 0.218408
8930.000000 0.218365
8931.000000 0.218279
8932.000000 0.218194
8933.000000 0.218109
8934.000000 0.218024
8935.000000 0.217938
8936.000000 0.217852
8937.000000 0.217767
8938.000000 0.217681
8939.000000 0.217596
8940.000000 0.217509
8941.000000 0.217331
8942.000000 0.217154
8943.000000 0.216975
8944.000000 0.216797
8945.000000 0.21662
8946.000000 0.216443
8947.000000 0.216265
8948.000000 0.216087
8949.000000 0.21591
8950.000000 0.215733
8951.000000 0.215548
8952.000000 0.215364
8953.000000 0.21518
8954.000000 0.214997
8955.000000 0.214813
8956.000000 0.21463
8957.000000 0.214445
8958.000000 0.214262
8959.000000 0.214077
8960.000000 0.213894
8961.000000 0.213786
8962.000000 0.213679
8963.000000 0.213572
8964.000000 0.213464
8965.000000 0.213356
8966.000000 0.213248
8967.000000 0.21314
8968.000000 0.213032
8969.000000 0.212924
8970.000000 0.212816
8971.000000 0.212611
8972.000000 0.212407
8973.000000 0.212201
8974.000000 0.211997
8975.000000 0.211792
8976.000000 0.211588
8977.000000 0.211383
8978.000000 0.211179
8979.000000 0.210975
8980.000000 0.210771
8981.000000 0.210716
8982.000000 0.210662
8983.000000 0.210607
8984.000000 0.210553
8985.000000 0.210498
8986.000000 0.210443
8987.000000 0.210388
8988.000000 0.210333
8989.000000 0.210278
8990.000000 0.210222
8991.000000 0.210075
8992.000000 0.209928
8993.000000 0.20978
8994.000000 0.209633
8995.000000 0.209486
8996.000000 0.209339
8997.000000 0.209191
8998.000000 0.209044
8999.000000 0.208897
9000.000000 0.20875
9001.000000 0.208608
9002.000000 0.208468
9003.000000 0.208327
9004.000000 0.208186
9005.000000 0.208046
9006.000000 0.207903
9007.000000 0.207763
9008.000000 0.207621
9009.000000 0.20748
9010.000000 0.20734
9011.000000 0.207079
9012.000000 0.206817
9013.000000 0.206558
9014.000000 0.206298
9015.000000 0.206038
9016.000000 0.205778
9017.000000 0.205518
9018.000000 0.205258
9019.000000 0.204999
9020.000000 0.20474
9021.000000 0.204664
9022.000000 0.20459
9023.000000 0.204517
9024.000000 0.204441
9025.000000 0.204366
9026.000000 0.204291
9027.000000 0.204216
9028.000000 0.204141
9029.000000 0.204066
9030.000000 0.203989
9031.000000 0.203761
9032.000000 0.203532
9033.000000 0.203304
9034.000000 0.203074
9035.000000 0.202845
9036.000000 0.202615
9037.000000 0.202386
9038.000000 0.202157
9039.000000 0.201928
9040.000000 0.201699
9041.000000 0.201585
9042.000000 0.20147
9043.000000 0.201356
9044.000000 0.201242
9045.000000 0.201127
9046.000000 0.201012
9047.000000 0.200898
9048.000000 0.200784
9049.000000 0.200669
9050.000000 0.200554
9051.000000 0.200371
9052.000000 0.200187
9053.000000 0.200004
9054.000000 0.199821
9055.000000 0.199638
9056.000000 0.199455
9057.000000 0.199272
9058.000000 0.199089
9059.000000 0.198907
9060.000000 0.198723
9061.000000 0.198567
9062.000000 0.198411
9063.000000 0.198255
9064.000000 0.198099
9065.000000 0.197944
9066.000000 0.197789
9067.000000 0.197633
9068.000000 0.197476
9069.000000 0.19732
9070.000000 0.197164
9071.000000 0.197036
9072.000000 0.19691
9073.000000 0.196783
9074.000000 0.196656
9075.000000 0.196528
9076.000000 0.196399
9077.000000 0.196273
9078.000000 0.196145
9079.000000 0.196016
9080.000000 0.195889
9081.000000 0.195782
9082.000000 0.195675
9083.000000 0.195568
9084.000000 0.19546
9085.000000 0.195352
9086.000000 0.195244
9087.000000 0.195137
9088.000000 0.195029
9089.000000 0.194921
9090.000000 0.194813
9091.000000 0.194548
9092.000000 0.194282
9093.000000 0.194017
9094.000000 0.193752
9095.000000 0.193487
9096.000000 0.193222
9097.000000 0.192958
9098.000000 0.192694
9099.000000 0.192429
9100.000000 0.192166
9101.000000 0.192125
9102.000000 0.192084
9103.000000 0.192043
9104.000000 0.192002
9105.000000 0.191959
9106.000000 0.191917
9107.000000 0.191875
9108.000000 0.191834
9109.000000 0.191792
9110.000000 0.191749
9111.000000 0.191547
9112.000000 0.191345
9113.000000 0.191144
9114.000000 0.190942
9115.000000 0.190741
9116.000000 0.190539
9117.000000 0.190338
9118.000000 0.190136
9119.000000 0.189935
9120.000000 0.189733
9121.000000 0.189632
9122.000000 0.189531
9123.000000 0.189429
9124.000000 0.189327
9125.000000 0.189226
9126.000000 0.189123
9127.000000 0.189022
9128.000000 0.188918
9129.000000 0.188817
9130.000000 0.188714
9131.000000 0.188457
9132.000000 0.188199
9133.000000 0.187941
9134.000000 0.187685
9135.000000 0.187426
9136.000000 0.187169
9137.000000 0.186913
9138.000000 0.186656
9139.000000 0.1864
9140.000000 0.186144
9141.000000 0.186045
9142.000000 0.185947
9143.000000 0.185848
9144.000000 0.185749
9145.000000 0.18565
9146.000000 0.185552
9147.000000 0.185452
9148.000000 0.185353
9149.000000 0.185254
9150.000000 0.185155
9151.000000 0.184967
9152.000000 0.184779
9153.000000 0.184591
9154.000000 0.184403
9155.000000 0.184215
9156.000000 0.184027
9157.000000 0.18384
9158.000000 0.183652
9159.000000 0.183463
9160.000000 0.183276
9161.000000 0.18334
9162.000000 0.183405
9163.000000 0.183468
9164.000000 0.183531
9165.000000 0.183594
9166.000000 0.183656
9167.000000 0.183718
9168.000000 0.18378
9169.000000 0.183841
9170.000000 0.183902
9171.000000 0.183473
9172.000000 0.183045
9173.000000 0.182617
9174.000000 0.182189
9175.000000 0.181762
9176.000000 0.181336
9177.000000 0.18091
9178.000000 0.180483
9179.000000 0.180059
9180.000000 0.179634
9181.000000 0.179527
9182.000000 0.17942
9183.000000 0.179312
9184.000000 0.179204
9185.000000 0.179096
9186.000000 0.178989
9187.000000 0.17888
9188.000000 0.178772
9189.000000 0.178664
9190.000000 0.178555
9191.000000 0.178403
9192.000000 0.178249
9193.000000 0.178096
9194.000000 0.177942
9195.000000 0.17779
9196.000000 0.177637
9197.000000 0.177483
9198.000000 0.177329
9199.000000 0.177176
9200.000000 0.177023
9201.000000 0.176942
9202.000000 0.176861
9203.000000 0.176781
9204.000000 0.1767
9205.000000 0.176619
9206.000000 0.176538
9207.000000 0.176456
9208.000000 0.176375
9209.000000 0.176294
9210.000000 0.176212
9211.000000 0.175945
9212.000000 0.175678
9213.000000 0.175413
9214.000000 0.175146
9215.000000 0.17488
9216.000000 0.174614
9217.000000 0.174349
9218.000000 0.174083
9219.000000 0.173818
9220.000000 0.173553
9221.000000 0.173498
9222.000000 0.173442
9223.000000 0.173387
9224.000000 0.173331
9225.000000 0.173276
9226.000000 0.17322
9227.000000 0.173163
9228.000000 0.173107
9229.000000 0.173052
9230.000000 0.172994
9231.000000 0.172802
9232.000000 0.172611
9233.000000 0.17242
9234.000000 0.172227
9235.000000 0.172036
9236.000000 0.171844
9237.000000 0.171652
9238.000000 0.171462
9239.000000 0.17127
9240.000000 0.17108
9241.000000 0.170973
9242.000000 0.170867
9243.000000 0.170762
9244.000000 0.170655
9245.000000 0.17055
9246.000000 0.170444
9247.000000 0.170338
9248.000000 0.170232
9249.000000 0.170125
9250.000000 0.170018
9251.000000 0.169798
9252.000000 0.169577
9253.000000 0.169356
9254.000000 0.169137
9255.000000 0.168916
9256.000000 0.168696
9257.000000 0.168476
9258.000000 0.168255
9259.000000 0.168036
9260.000000 0.167816
9261.000000 0.167774
9262.000000 0.167733
9263.000000 0.167692
9264.000000 0.16765
9265.000000 0.167609
9266.000000 0.167567
9267.000000 0.167524
9268.000000 0.167481
9269.000000 0.167438
9270.000000 0.167395
9271.000000 0.167247
9272.000000 0.167098
9273.000000 0.166949
9274.000000 0.1668
9275.000000 0.166651
9276.000000 0.166502
9277.000000 0.166352
9278.000000 0.166203
9279.000000 0.166054
9280.000000 0.165906
9281.000000 0.165761
9282.000000 0.165615
9283.000000 0.16547
9284.000000 0.165325
9285.000000 0.165179
9286.000000 0.165034
9287.000000 0.164889
9288.000000 0.164744
9289.000000 0.164599
9290.000000 0.164453
9291.000000 0.164322
9292.000000 0.164192
9293.000000 0.164062
9294.000000 0.163931
9295.000000 0.1638
9296.000000 0.16367
9297.000000 0.163539
9298.000000 0.163409
9299.000000 0.163278
9300.000000 0.163146
9301.000000 0.162975
9302.000000 0.162803
9303.000000 0.162632
9304.000000 0.162461
9305.000000 0.16229
9306.000000 0.162118
9307.000000 0.161947
9308.000000 0.161776
9309.000000 0.161603
9310.000000 0.161433
9311.000000 0.161203
9312.000000 0.160974
9313.000000 0.160744
9314.000000 0.160515
9315.000000 0.160286
9316.000000 0.160057
9317.000000 0.159827
9318.000000 0.159599
9319.000000 0.15937
9320.000000 0.159142
9321.000000 0.159034
9322.000000 0.158927
9323.000000 0.158819
9324.000000 0.158711
9325.000000 0.158604
9326.000000 0.158496
9327.000000 0.158388
9328.000000 0.15828
9329.000000 0.158173
9330.000000 0.158064
9331.000000 0.157959
9332.000000 0.157853
9333.000000 0.15775
9334.000000 0.157645
9335.000000 0.15754
9336.000000 0.157434
9337.000000 0.157328
9338.000000 0.157222
9339.000000 0.157117
9340.000000 0.157012
9341.000000 0.156831
9342.000000 0.15665
9343.000000 0.15647
9344.000000 0.156289
9345.000000 0.156107
9346.000000 0.155928
9347.000000 0.155747
9348.000000 0.155566
9349.000000 0.155385
9350.000000 0.155206
9351.000000 0.155033
9352.000000 0.154862
9353.000000 0.154689
9354.000000 0.154518
9355.000000 0.154345
9356.000000 0.154173
9357.000000 0.154001
9358.000000 0.153829
9359.000000 0.153657
9360.000000 0.153484
9361.000000 0.153367
9362.000000 0.15325
9363.000000 0.153133
9364.000000 0.153015
9365.000000 0.152897
9366.000000 0.152779
9367.000000 0.152662
9368.000000 0.152544
9369.000000 0.152425
9370.000000 0.152308
9371.000000 0.152116
9372.000000 0.151924
9373.000000 0.151734
9374.000000 0.151542
9375.000000 0.151352
9376.000000 0.151159
9377.000000 0.150969
9378.000000 0.150778
9379.000000 0.150588
9380.000000 0.150396
9381.000000 0.150267
9382.000000 0.150139
9383.000000 0.15001
9384.000000 0.149882
9385.000000 0.149752
9386.000000 0.149623
9387.000000 0.149495
9388.000000 0.149366
9389.000000 0.149236
9390.000000 0.149107
9391.000000 0.148859
9392.000000 0.148609
9393.000000 0.14836
9394.000000 0.148112
9395.000000 0.147863
9396.000000 0.147614
9397.000000 0.147367
9398.000000 0.147118
9399.000000 0.14687
9400.000000 0.146622
9401.000000 0.146489
9402.000000 0.146355
9403.000000 0.146221
9404.000000 0.146087
9405.000000 0.145953
9406.000000 0.145819
9407.000000 0.145685
9408.000000 0.14555
9409.000000 0.145415
9410.000000 0.14528
9411.000000 0.145029
9412.000000 0.144777
9413.000000 0.144525
9414.000000 0.144274
9415.000000 0.144023
9416.000000 0.143772
9417.000000 0.143521
9418.000000 0.14327
9419.000000 0.14302
9420.000000 0.14277
9421.000000 0.142622
9422.000000 0.142474
9423.000000 0.142325
9424.000000 0.142177
9425.000000 0.142028
9426.000000 0.14188
9427.000000 0.141731
9428.000000 0.141582
9429.000000 0.141435
9430.000000 0.141285
9431.000000 0.141089
9432.000000 0.140893
9433.000000 0.140697
9434.000000 0.1405
9435.000000 0.140305
9436.000000 0.140108
9437.000000 0.139911
9438.000000 0.139716
9439.000000 0.13952
9440.000000 0.139325
9441.000000 0.139163
9442.000000 0.139003
9443.000000 0.138843
9444.000000 0.138682
9445.000000 0.13852
9446.000000 0.13836
9447.000000 0.138198
9448.000000 0.138038
9449.000000 0.137877
9450.000000 0.137716
9451.000000 0.137459
9452.000000 0.137202
9453.000000 0.136946
9454.000000 0.13669
9455.000000 0.136435
9456.000000 0.136179
9457.000000 0.135924
9458.000000 0.135668
9459.000000 0.135415
9460.000000 0.13516
9461.000000 0.134997
9462.000000 0.134833
9463.000000 0.13467
9464.000000 0.134508
9465.000000 0.134343
9466.000000 0.134181
9467.000000 0.134017
9468.000000 0.133854
9469.000000 0.13369
9470.000000 0.133527
9471.000000 0.133351
9472.000000 0.133174
9473.000000 0.132996
9474.000000 0.13282
9475.000000 0.132642
9476.000000 0.132466
9477.000000 0.132289
9478.000000 0.132111
9479.000000 0.131936
9480.000000 0.131758
9481.000000 0.13158
9482.000000 0.1314
9483.000000 0.131222
9484.000000 0.131043
9485.000000 0.130864
9486.000000 0.130684
9487.000000 0.130506
9488.000000 0.130328
9489.000000 0.130148
9490.000000 0.12997
9491.000000 0.129742
9492.000000 0.129516
9493.000000 0.12929
9494.000000 0.129063
9495.000000 0.128836
9496.000000 0.128611
9497.000000 0.128385
9498.000000 0.128159
9499.000000 0.127933
9500.000000 0.127708
9501.000000 0.127484
9502.000000 0.127261
9503.000000 0.127037
9504.000000 0.126814
9505.000000 0.126591
9506.000000 0.126369
9507.000000 0.126145
9508.000000 0.125923
9509.000000 0.125701
9510.000000 0.125479
9511.000000 0.125261
9512.000000 0.125043
9513.000000 0.124825
9514.000000 0.124607
9515.000000 0.124389
9516.000000 0.124172
9517.000000 0.123954
9518.000000 0.123737
9519.000000 0.12352
9520.000000 0.123304
9521.000000 0.123081
9522.000000 0.122858
9523.000000 0.122636
9524.000000 0.122414
9525.000000 0.122194
9526.000000 0.121971
9527.000000 0.121751
9528.000000 0.121529
9529.000000 0.121309
9530.000000 0.121088
9531.000000 0.120872
9532.000000 0.120656
9533.000000 0.120439
9534.000000 0.120225
9535.000000 0.120009
9536.000000 0.119794
9537.000000 0.119579
9538.000000 0.119364
9539.000000 0.119149
9540.000000 0.118935
9541.000000 0.118787
9542.000000 0.11864
9543.000000 0.118492
9544.000000 0.118345
9545.000000 0.118198
9546.000000 0.11805
9547.000000 0.117902
9548.000000 0.117755
9549.000000 0.117607
9550.000000 0.117459
9551.000000 0.117321
9552.000000 0.117183
9553.000000 0.117045
9554.000000 0.116906
9555.000000 0.116767
9556.000000 0.116629
9557.000000 0.11649
9558.000000 0.116352
9559.000000 0.116213
9560.000000 0.116073
9561.000000 0.115928
9562.000000 0.115785
9563.000000 0.11564
9564.000000 0.115496
9565.000000 0.115352
9566.000000 0.115207
9567.000000 0.115061
9568.000000 0.114917
9569.000000 0.114772
9570.000000 0.114628
9571.000000 0.114484
9572.000000 0.114344
9573.000000 0.114201
9574.000000 0.114058
9575.000000 0.113915
9576.000000 0.113774
9577.000000 0.113631
9578.000000 0.113489
9579.000000 0.113346
9580.000000 0.113203
9581.000000 0.112998
9582.000000 0.112794
9583.000000 0.112588
9584.000000 0.112385
9585.000000 0.11218
9586.000000 0.111975
9587.000000 0.111771
9588.000000 0.111567
9589.000000 0.111363
9590.000000 0.11116
9591.000000 0.110972
9592.000000 0.110785
9593.000000 0.110597
9594.000000 0.11041
9595.000000 0.110223
9596.000000 0.110036
9597.000000 0.109849
9598.000000 0.109661
9599.000000 0.109475
9600.000000 0.109288
9601.000000 0.109104
9602.000000 0.108921
9603.000000 0.108739
9604.000000 0.108556
9605.000000 0.108374
9606.000000 0.10819
9607.000000 0.108009
9608.000000 0.107827
9609.000000 0.107644
9610.000000 0.107462
9611.000000 0.107274
9612.000000 0.107085
9613.000000 0.106898
9614.000000 0.106708
9615.000000 0.106521
9616.000000 0.106333
9617.000000 0.106146
9618.000000 0.105957
9619.000000 0.10577
9620.000000 0.105582
9621.000000 0.105415
9622.000000 0.105245
9623.000000 0.105077
9624.000000 0.104908
9625.000000 0.10474
9626.000000 0.104572
9627.000000 0.104403
9628.000000 0.104235
9629.000000 0.104068
9630.000000 0.103899
9631.000000 0.103737
9632.000000 0.103575
9633.000000 0.103415
9634.000000 0.103254
9635.000000 0.103092
9636.000000 0.102931
9637.000000 0.10277
9638.000000 0.102608
9639.000000 0.102448
9640.000000 0.102286
9641.000000 0.102116
9642.000000 0.101948
9643.000000 0.101779
9644.000000 0.10161
9645.000000 0.101441
9646.000000 0.101272
9647.000000 0.101103
9648.000000 0.100935
9649.000000 0.100766
9650.000000 0.100597
9651.000000 0.100438
9652.000000 0.10028
9653.000000 0.100121
9654.000000 0.0999626
9655.000000 0.0998042
9656.000000 0.0996463
9657.000000 0.0994866
9658.000000 0.0993286
9659.000000 0.0991705
9660.000000 0.0990111
9661.000000 0.0988235
9662.000000 0.0986364
9663.000000 0.0984493
9664.000000 0.0982622
9665.000000 0.0980747
9666.000000 0.0978883
9667.000000 0.0977019
9668.000000 0.0975151
9669.000000 0.0973293
9670.000000 0.0971436
9671.000000 0.0969561
9672.000000 0.0967703
9673.000000 0.0965845
9674.000000 0.0963976
9675.000000 0.0962124
9676.000000 0.0960262
9677.000000 0.0958405
9678.000000 0.0956549
9679.000000 0.0954687
9680.000000 0.0952838
9681.000000 0.0951018
9682.000000 0.0949175
9683.000000 0.0947361
9684.000000 0.0945537
9685.000000 0.0943707
9686.000000 0.0941882
9687.000000 0.0940069
9688.000000 0.093824
9689.000000 0.0936433
9690.000000 0.0934604
9691.000000 0.0932813
9692.000000 0.0931028
9693.000000 0.0929238
9694.000000 0.0927448
9695.000000 0.0925669
9696.000000 0.0923873
9697.000000 0.0922095
9698.000000 0.0920311
9699.000000 0.0918527
9700.000000 0.0916743
9701.000000 0.0915173
9702.000000 0.0913597
9703.000000 0.0912025
9704.000000 0.0910453
9705.000000 0.0908887
9706.000000 0.0907314
9707.000000 0.0905746
9708.000000 0.0904166
9709.000000 0.0902603
9710.000000 0.0901027
9711.000000 0.0899412
9712.000000 0.0897792
9713.000000 0.0896171
9714.000000 0.0894555
9715.000000 0.0892928
9716.000000 0.0891323
9717.000000 0.0889694
9718.000000 0.0888083
9719.000000 0.0886465
9720.000000 0.0884851
9721.000000 0.0883268
9722.000000 0.0881689
9723.000000 0.0880099
9724.000000 0.0878531
9725.000000 0.0876945
9726.000000 0.0875364
9727.000000 0.0873789
9728.000000 0.0872212
9729.000000 0.087063
9730.000000 0.0869059
9731.000000 0.086746
9732.000000 0.0865878
9733.000000 0.0864296
9734.000000 0.0862708
9735.000000 0.0861124
9736.000000 0.0859534
9737.000000 0.085795
9738.000000 0.0856365
9739.000000 0.0854779
9740.000000 0.0853193
9741.000000 0.0851498
9742.000000 0.0849785
9743.000000 0.084809
9744.000000 0.0846388
9745.000000 0.0844682
9746.000000 0.084298
9747.000000 0.0841279
9748.000000 0.0839583
9749.000000 0.0837887
9750.000000 0.0836186
9751.000000 0.0834515
9752.000000 0.0832838
9753.000000 0.0831166
9754.000000 0.0829478
9755.000000 0.0827806
9756.000000 0.082614
9757.000000 0.0824462
9758.000000 0.082279
9759.000000 0.0821117
9760.000000 0.0819445
9761.000000 0.0817794
9762.000000 0.0816124
9763.000000 0.0814466
9764.000000 0.0812808
9765.000000 0.0811144
9766.000000 0.0809485
9767.000000 0.0807833
9768.000000 0.0806179
9769.000000 0.0804514
9770.000000 0.0802861
9771.000000 0.0801125
9772.000000 0.0799388
9773.000000 0.0797647
9774.000000 0.0795921
9775.000000 0.079418
9776.000000 0.0792445
9777.000000 0.0790709
9778.000000 0.078898
9779.000000 0.078725
9780.000000 0.0785526
9781.000000 0.0783989
9782.000000 0.0782479
9783.000000 0.078094
9784.000000 0.0779416
9785.000000 0.0777887
9786.000000 0.077637
9787.000000 0.0774839
9788.000000 0.0773319
9789.000000 0.0771782
9790.000000 0.0770273
9791.000000 0.0768709
9792.000000 0.0767158
9793.000000 0.0765599
9794.000000 0.0764052
9795.000000 0.0762486
9796.000000 0.0760944
9797.000000 0.0759389
9798.000000 0.075784
9799.000000 0.0756284
9800.000000 0.0754728
9801.000000 0.075376
9802.000000 0.0752791
9803.000000 0.0751823
9804.000000 0.075086
9805.000000 0.0749891
9806.000000 0.074892
9807.000000 0.0747956
9808.000000 0.074698
9809.000000 0.0746003
9810.000000 0.0745037
9811.000000 0.0744082
9812.000000 0.074312
9813.000000 0.0742164
9814.000000 0.0741206
9815.000000 0.0740249
9816.000000 0.0739291
9817.000000 0.0738333
9818.000000 0.0737363
9819.000000 0.073641
9820.000000 0.073545
9821.000000 0.0734265
9822.000000 0.0733074
9823.000000 0.0731888
9824.000000 0.0730698
9825.000000 0.0729508
9826.000000 0.0728329
9827.000000 0.0727139
9828.000000 0.0725955
9829.000000 0.072476
9830.000000 0.072357
9831.000000 0.0722373
9832.000000 0.0721163
9833.000000 0.0719954
9834.000000 0.0718751
9835.000000 0.0717537
9836.000000 0.0716335
9837.000000 0.0715133
9838.000000 0.0713932
9839.000000 0.0712718
9840.000000 0.0711506
9841.000000 0.0710297
9842.000000 0.0709077
9843.000000 0.0707852
9844.000000 0.0706638
9845.000000 0.070542
9846.000000 0.0704196
9847.000000 0.0702977
9848.000000 0.0701771
9849.000000 0.0700543
9850.000000 0.0699325
9851.000000 0.0698135
9852.000000 0.0696946
9853.000000 0.0695763
9854.000000 0.0694568
9855.000000 0.0693374
9856.000000 0.0692191
9857.000000 0.0690997
9858.000000 0.0689803
9859.000000 0.0688615
9860.000000 0.0687428
9861.000000 0.0686389
9862.000000 0.0685344
9863.000000 0.068431
9864.000000 0.0683259
9865.000000 0.0682219
9866.000000 0.0681179
9867.000000 0.0680133
9868.000000 0.0679092
9869.000000 0.0678045
9870.000000 0.0676998
9871.000000 0.067597
9872.000000 0.0674948
9873.000000 0.0673926
9874.000000 0.0672891
9875.000000 0.0671862
9876.000000 0.0670838
9877.000000 0.0669809
9878.000000 0.0668785
9879.000000 0.0667755
9880.000000 0.0666718
9881.000000 0.0665633
9882.000000 0.0664538
9883.000000 0.066343
9884.000000 0.0662334
9885.000000 0.0661243
9886.000000 0.0660153
9887.000000 0.0659051
9888.000000 0.0657953
9889.000000 0.0656851
9890.000000 0.0655754
9891.000000 0.0654779
9892.000000 0.0653779
9893.000000 0.0652791
9894.000000 0.0651803
9895.000000 0.0650802
9896.000000 0.0649819
9897.000000 0.0648829
9898.000000 0.0647839
9899.000000 0.0646855
9900.000000 0.0645846
9901.000000 0.0644636
9902.000000 0.064342
9903.000000 0.0642192
9904.000000 0.0640977
9905.000000 0.0639762
9906.000000 0.0638542
9907.000000 0.0637328
9908.000000 0.0636108
9909.000000 0.0634894
9910.000000 0.0633675
9911.000000 0.0632508
9912.000000 0.0631341
9913.000000 0.063018
9914.000000 0.0629008
9915.000000 0.0627848
9916.000000 0.0626681
9917.000000 0.0625515
9918.000000 0.0624361
9919.000000 0.062319
9920.000000 0.0622024
9921.000000 0.0620858
9922.000000 0.0619687
9923.000000 0.0618528
9924.000000 0.0617363
9925.000000 0.0616198
9926.000000 0.0615034
9927.000000 0.0613863
9928.000000 0.0612699
9929.000000 0.061154
9930.000000 0.061037
9931.000000 0.0609183
9932.000000 0.0607984
9933.000000 0.0606791
9934.000000 0.0605593
9935.000000 0.06044
9936.000000 0.0603202
9937.000000 0.0602016
9938.000000 0.0600824
9939.000000 0.0599621
9940.000000 0.059843
9941.000000 0.0597439
9942.000000 0.0596436
9943.000000 0.0595443
9944.000000 0.0594451
9945.000000 0.0593458
9946.000000 0.0592459
9947.000000 0.0591459
9948.000000 0.0590464
9949.000000 0.0589457
9950.000000 0.0588462
9951.000000 0.058743
9952.000000 0.0586391
9953.000000 0.0585353
9954.000000 0.0584321
9955.000000 0.0583279
9956.000000 0.0582236
9957.000000 0.0581199
9958.000000 0.0580161
9959.000000 0.0579122
9960.000000 0.0578083
9961.000000 0.057707
9962.000000 0.0576053
9963.000000 0.0575034
9964.000000 0.057402
9965.000000 0.0573006
9966.000000 0.0571986
9967.000000 0.0570965
9968.000000 0.0569949
9969.000000 0.0568928
9970.000000 0.0567911
9971.000000 0.056688
9972.000000 0.0565844
9973.000000 0.0564813
9974.000000 0.0563781
9975.000000 0.0562743
9976.000000 0.0561705
9977.000000 0.0560671
9978.000000 0.0559627
9979.000000 0.0558598
9980.000000 0.0557558
9981.000000 0.0556338
9982.000000 0.0555129
9983.000000 0.0553904
9984.000000 0.0552685
9985.000000 0.0551471
9986.000000 0.0550253
9987.000000 0.0549035
9988.000000 0.0547822
9989.000000 0.0546598
9990.000000 0.0545376
9991.000000 0.0544185
9992.000000 0.0542978
9993.000000 0.0541776
9994.000000 0.0540586
9995.000000 0.0539379
9996.000000 0.0538184
9997.000000 0.0536989
9998.000000 0.0535783
9999.000000 0.0534579
10000.000000 0.0533385
10001.000000 0.0532451
10002.000000 0.0531514
10003.000000 0.0530578
10004.000000 0.0529646
10005.000000 0.0528709
10006.000000 0.0527778
10007.000000 0.0526844
10008.000000 0.0525912
10009.000000 0.0524978
10010.000000 0.0524045
10011.000000 0.0523096
10012.000000 0.0522148
10013.000000 0.05212
10014.000000 0.0520252
10015.000000 0.0519305
10016.000000 0.0518359
10017.000000 0.0517411
10018.000000 0.0516464
10019.000000 0.0515517
10020.000000 0.0514572
10021.000000 0.051379
10022.000000 0.0513011
10023.000000 0.051223
10024.000000 0.051145
10025.000000 0.0510668
10026.000000 0.0509887
10027.000000 0.0509105
10028.000000 0.0508322
10029.000000 0.050754
10030.000000 0.0506758
10031.000000 0.0505954
10032.000000 0.0505149
10033.000000 0.0504345
10034.000000 0.050354
10035.000000 0.0502735
10036.000000 0.050193
10037.000000 0.0501125
10038.000000 0.0500319
10039.000000 0.0499513
10040.000000 0.0498708
10041.000000 0.0497906
10042.000000 0.0497104
10043.000000 0.0496302
10044.000000 0.04955
10045.000000 0.0494697
10046.000000 0.0493895
10047.000000 0.0493092
10048.000000 0.0492287
10049.000000 0.0491484
10050.000000 0.049068
10051.000000 0.048987
10052.000000 0.0489061
10053.000000 0.048825
10054.000000 0.0487438
10055.000000 0.0486628
10056.000000 0.0485818
10057.000000 0.0485006
10058.000000 0.0484194
10059.000000 0.0483383
10060.000000 0.048257
10061.000000 0.0481653
10062.000000 0.0480737
10063.000000 0.0479821
10064.000000 0.0478904
10065.000000 0.0477989
10066.000000 0.0477073
10067.000000 0.0476157
10068.000000 0.0475241
10069.000000 0.0474325
10070.000000 0.047341
10071.000000 0.0472503
10072.000000 0.0471596
10073.000000 0.047069
10074.000000 0.0469784
10075.000000 0.0468876
10076.000000 0.046797
10077.000000 0.0467064
10078.000000 0.0466158
10079.000000 0.0465251
10080.000000 0.0464345
10081.000000 0.0463431
10082.000000 0.0462517
10083.000000 0.0461605
10084.000000 0.0460691
10085.000000 0.0459777
10086.000000 0.0458864
10087.000000 0.045795
10088.000000 0.0457038
10089.000000 0.0456125
10090.000000 0.0455212
10091.000000 0.0454317
10092.000000 0.0453423
10093.000000 0.0452528
10094.000000 0.0451633
10095.000000 0.0450739
10096.000000 0.0449843
10097.000000 0.0448948
10098.000000 0.0448054
10099.000000 0.0447159
10100.000000 0.0446264
10101.000000 0.0445428
10102.000000 0.044459
10103.000000 0.0443753
10104.000000 0.0442916
10105.000000 0.0442078
10106.000000 0.0441241
10107.000000 0.0440402
10108.000000 0.0439564
10109.000000 0.0438726
10110.000000 0.0437888
10111.000000 0.0437097
10112.000000 0.0436306
10113.000000 0.0435516
10114.000000 0.0434724
10115.000000 0.0433932
10116.000000 0.0433139
10117.000000 0.0432347
10118.000000 0.0431554
10119.000000 0.0430761
10120.000000 0.0429967
10121.000000 0.0429137
10122.000000 0.0428306
10123.000000 0.0427476
10124.000000 0.0426645
10125.000000 0.0425814
10126.000000 0.0424984
10127.000000 0.0424152
10128.000000 0.042332
10129.000000 0.0422488
10130.000000 0.0421656
10131.000000 0.0420851
10132.000000 0.0420046
10133.000000 0.041924
10134.000000 0.0418434
10135.000000 0.0417627
10136.000000 0.041682
10137.000000 0.0416013
10138.000000 0.0415205
10139.000000 0.0414397
10140.000000 0.0413589
10141.000000 0.0412642
10142.000000 0.0411695
10143.000000 0.0410749
10144.000000 0.0409802
10145.000000 0.0408856
10146.000000 0.0407911
10147.000000 0.0406965
10148.000000 0.0406019
10149.000000 0.0405074
10150.000000 0.0404128
10151.000000 0.0403179
10152.000000 0.0402229
10153.000000 0.0401279
10154.000000 0.0400331
10155.000000 0.0399381
10156.000000 0.0398433
10157.000000 0.0397484
10158.000000 0.0396536
10159.000000 0.0395588
10160.000000 0.0394641
10161.000000 0.0393692
10162.000000 0.0392744
10163.000000 0.0391796
10164.000000 0.0390849
10165.000000 0.0389901
10166.000000 0.0388955
10167.000000 0.0388008
10168.000000 0.0387061
10169.000000 0.0386115
10170.000000 0.038517
10171.000000 0.0384264
10172.000000 0.0383358
10173.000000 0.0382453
10174.000000 0.0381548
10175.000000 0.0380643
10176.000000 0.0379738
10177.000000 0.0378833
10178.000000 0.0377928
10179.000000 0.0377023
10180.000000 0.0376119
10181.000000 0.0375246
10182.000000 0.0374374
10183.000000 0.0373502
10184.000000 0.037263
10185.000000 0.0371759
10186.000000 0.0370888
10187.000000 0.0370015
10188.000000 0.0369143
10189.000000 0.0368271
10190.000000 0.0367399
10191.000000 0.0366534
10192.000000 0.0365669
10193.000000 0.0364804
10194.000000 0.0363939
10195.000000 0.0363074
10196.000000 0.0362208
10197.000000 0.0361342
10198.000000 0.0360477
10199.000000 0.0359612
10200.000000 0.0358745
10201.000000 0.0358116
10202.000000 0.0357487
10203.000000 0.0356858
10204.000000 0.0356228
10205.000000 0.0355598
10206.000000 0.0354968
10207.000000 0.0354338
10208.000000 0.0353708
10209.000000 0.0353079
10210.000000 0.0352449
10211.000000 0.0351836
10212.000000 0.0351221
10213.000000 0.0350608
10214.000000 0.0349994
10215.000000 0.034938
10216.000000 0.0348765
10217.000000 0.0348152
10218.000000 0.0347537
10219.000000 0.0346923
10220.000000 0.0346308
10221.000000 0.0345626
10222.000000 0.0344945
10223.000000 0.0344264
10224.000000 0.0343583
10225.000000 0.0342902
10226.000000 0.0342222
10227.000000 0.034154
10228.000000 0.034086
10229.000000 0.0340179
10230.000000 0.0339499
10231.000000 0.0338858
10232.000000 0.0338218
10233.000000 0.0337579
10234.000000 0.0336939
10235.000000 0.0336297
10236.000000 0.0335658
10237.000000 0.0335017
10238.000000 0.0334376
10239.000000 0.0333736
10240.000000 0.0333094
10241.000000 0.0332462
10242.000000 0.0331828
10243.000000 0.0331194
10244.000000 0.033056
10245.000000 0.0329926
10246.000000 0.0329292
10247.000000 0.0328657
10248.000000 0.0328024
10249.000000 0.0327389
10250.000000 0.0326755
10251.000000 0.0326093
10252.000000 0.0325431
10253.000000 0.0324769
10254.000000 0.0324106
10255.000000 0.0323444
10256.000000 0.0322782
10257.000000 0.0322119
10258.000000 0.0321457
10259.000000 0.0320795
10260.000000 0.0320133
10261.000000 0.0319456
10262.000000 0.0318779
10263.000000 0.0318101
10264.000000 0.0317425
10265.000000 0.0316748
10266.000000 0.0316071
10267.000000 0.0315395
10268.000000 0.0314718
10269.000000 0.031404
10270.000000 0.0313364
10271.000000 0.0312729
10272.000000 0.0312095
10273.000000 0.0311461
10274.000000 0.0310826
10275.000000 0.0310192
10276.000000 0.0309557
10277.000000 0.0308923
10278.000000 0.0308288
10279.000000 0.0307653
10280.000000 0.0307018
10281.000000 0.0306349
10282.000000 0.030568
10283.000000 0.0305012
10284.000000 0.0304343
10285.000000 0.0303675
10286.000000 0.0303006
10287.000000 0.0302336
10288.000000 0.0301669
10289.000000 0.0301
10290.000000 0.0300332
10291.000000 0.0299691
10292.000000 0.0299051
10293.000000 0.029841
10294.000000 0.029777
10295.000000 0.0297129
10296.000000 0.0296488
10297.000000 0.0295847
10298.000000 0.0295206
10299.000000 0.0294565
10300.000000 0.0293924
10301.000000 0.0293272
10302.000000 0.0292621
10303.000000 0.0291968
10304.000000 0.0291316
10305.000000 0.0290664
10306.000000 0.0290013
10307.000000 0.028936
10308.000000 0.0288708
10309.000000 0.0288056
10310.000000 0.0287403
10311.000000 0.0286751
10312.000000 0.0286099
10313.000000 0.0285447
10314.000000 0.0284795
10315.000000 0.0284142
10316.000000 0.028349
10317.000000 0.0282837
10318.000000 0.0282186
10319.000000 0.0281532
10320.000000 0.0280879
10321.000000 0.0280238
10322.000000 0.0279598
10323.000000 0.0278957
10324.000000 0.0278314
10325.000000 0.0277674
10326.000000 0.0277031
10327.000000 0.027639
10328.000000 0.0275748
10329.000000 0.0275106
10330.000000 0.0274464
10331.000000 0.0273799
10332.000000 0.0273135
10333.000000 0.0272471
10334.000000 0.0271806
10335.000000 0.0271141
10336.000000 0.0270478
10337.000000 0.0269814
10338.000000 0.0269149
10339.000000 0.0268484
10340.000000 0.026782
10341.000000 0.0267181
10342.000000 0.0266541
10343.000000 0.0265902
10344.000000 0.0265262
10345.000000 0.0264623
10346.000000 0.0263982
10347.000000 0.0263343
10348.000000 0.0262702
10349.000000 0.0262062
10350.000000 0.0261422
10351.000000 0.0260755
10352.000000 0.0260087
10353.000000 0.0259421
10354.000000 0.0258754
10355.000000 0.0258087
10356.000000 0.025742
10357.000000 0.0256753
10358.000000 0.0256086
10359.000000 0.0255419
10360.000000 0.0254752
10361.000000 0.0254124
10362.000000 0.0253495
10363.000000 0.0252867
10364.000000 0.0252238
10365.000000 0.0251608
10366.000000 0.025098
10367.000000 0.025035
10368.000000 0.0249722
10369.000000 0.0249091
10370.000000 0.0248462
10371.000000 0.0247792
10372.000000 0.0247124
10373.000000 0.0246457
10374.000000 0.0245788
10375.000000 0.0245119
10376.000000 0.0244451
10377.000000 0.0243782
10378.000000 0.0243113
10379.000000 0.0242445
10380.000000 0.0241777
10381.000000 0.0241106
10382.000000 0.0240437
10383.000000 0.0239768
10384.000000 0.0239097
10385.000000 0.0238428
10386.000000 0.0237758
10387.000000 0.0237089
10388.000000 0.0236419
10389.000000 0.0235749
10390.000000 0.023508
10391.000000 0.023438
10392.000000 0.0233681
10393.000000 0.0232982
10394.000000 0.0232284
10395.000000 0.0231584
10396.000000 0.0230886
10397.000000 0.0230187
10398.000000 0.022949
10399.000000 0.0228792
10400.000000 0.0228093
10401.000000 0.022759
10402.000000 0.0227086
10403.000000 0.0226582
10404.000000 0.0226079
10405.000000 0.0225575
10406.000000 0.0225071
10407.000000 0.0224568
10408.000000 0.0224064
10409.000000 0.0223561
10410.000000 0.0223057
10411.000000 0.0222547
10412.000000 0.0222036
10413.000000 0.0221525
10414.000000 0.0221014
10415.000000 0.0220504
10416.000000 0.0219993
10417.000000 0.0219483
10418.000000 0.0218973
10419.000000 0.0218462
10420.000000 0.0217952
10421.000000 0.0217478
10422.000000 0.0217004
10423.000000 0.0216531
10424.000000 0.0216055
10425.000000 0.0215581
10426.000000 0.0215108
10427.000000 0.0214633
10428.000000 0.0214159
10429.000000 0.0213685
10430.000000 0.021321
10431.000000 0.0212719
10432.000000 0.0212228
10433.000000 0.0211736
10434.000000 0.0211246
10435.000000 0.0210754
10436.000000 0.0210264
10437.000000 0.0209772
10438.000000 0.0209281
10439.000000 0.0208791
10440.000000 0.0208299
10441.000000 0.0207838
10442.000000 0.0207377
10443.000000 0.0206916
10444.000000 0.0206455
10445.000000 0.0205993
10446.000000 0.0205531
10447.000000 0.020507
10448.000000 0.0204608
10449.000000 0.0204146
10450.000000 0.0203683
10451.000000 0.0203195
10452.000000 0.0202706
10453.000000 0.0202217
10454.000000 0.0201728
10455.000000 0.0201239
10456.000000 0.0200752
10457.000000 0.0200262
10458.000000 0.0199773
10459.000000 0.0199285
10460.000000 0.0198795
10461.000000 0.0198286
10462.000000 0.0197777
10463.000000 0.0197269
10464.000000 0.0196759
10465.000000 0.0196251
10466.000000 0.0195743
10467.000000 0.0195234
10468.000000 0.0194726
10469.000000 0.0194217
10470.000000 0.0193709
10471.000000 0.0193199
10472.000000 0.019269
10473.000000 0.019218
10474.000000 0.019167
10475.000000 0.019116
10476.000000 0.0190651
10477.000000 0.0190141
10478.000000 0.0189632
10479.000000 0.0189123
10480.000000 0.0188614
10481.000000 0.0188086
10482.000000 0.0187558
10483.000000 0.0187029
10484.000000 0.0186501
10485.000000 0.0185973
10486.000000 0.0185446
10487.000000 0.0184919
10488.000000 0.0184391
10489.000000 0.0183865
10490.000000 0.0183337
10491.000000 0.0182838
10492.000000 0.018234
10493.000000 0.0181843
10494.000000 0.0181344
10495.000000 0.0180846
10496.000000 0.0180348
10497.000000 0.0179849
10498.000000 0.0179351
10499.000000 0.0178853
10500.000000 0.0178354
10501.000000 0.0177865
10502.000000 0.0177375
10503.000000 0.0176885
10504.000000 0.0176395
10505.000000 0.0175905
10506.000000 0.0175416
10507.000000 0.0174926
10508.000000 0.0174437
10509.000000 0.0173946
10510.000000 0.0173456
10511.000000 0.0172974
10512.000000 0.0172492
10513.000000 0.0172011
10514.000000 0.0171528
10515.000000 0.0171046
10516.000000 0.0170564
10517.000000 0.0170082
10518.000000 0.0169599
10519.000000 0.0169117
10520.000000 0.0168635
10521.000000 0.0168147
10522.000000 0.016766
10523.000000 0.0167172
10524.000000 0.0166685
10525.000000 0.0166198
10526.000000 0.0165709
10527.000000 0.0165222
10528.000000 0.0164735
10529.000000 0.0164248
10530.000000 0.0163759
10531.000000 0.0163259
10532.000000 0.0162757
10533.000000 0.0162257
10534.000000 0.0161755
10535.000000 0.0161254
10536.000000 0.0160753
10537.000000 0.0160252
10538.000000 0.0159752
10539.000000 0.0159251
10540.000000 0.0158751
10541.000000 0.0158245
10542.000000 0.0157739
10543.000000 0.0157234
10544.000000 0.0156728
10545.000000 0.0156223
10546.000000 0.0155718
10547.000000 0.0155213
10548.000000 0.0154708
10549.000000 0.0154203
10550.000000 0.0153699
10551.000000 0.0153217
10552.000000 0.0152734
10553.000000 0.0152252
10554.000000 0.015177
10555.000000 0.0151288
10556.000000 0.0150805
10557.000000 0.0150324
10558.000000 0.0149841
10559.000000 0.0149359
10560.000000 0.0148876
10561.000000 0.0148395
10562.000000 0.0147914
10563.000000 0.0147432
10564.000000 0.0146951
10565.000000 0.014647
10566.000000 0.0145989
10567.000000 0.0145508
10568.000000 0.0145026
10569.000000 0.0144545
10570.000000 0.0144063
10571.000000 0.0143563
10572.000000 0.0143063
10573.000000 0.0142563
10574.000000 0.0142062
10575.000000 0.0141562
10576.000000 0.0141062
10577.000000 0.0140562
10578.000000 0.0140062
10579.000000 0.0139562
10580.000000 0.0139062
10581.000000 0.0138568
10582.000000 0.0138075
10583.000000 0.0137582
10584.000000 0.0137087
10585.000000 0.0136595
10586.000000 0.0136101
10587.000000 0.0135607
10588.000000 0.0135114
10589.000000 0.0134622
10590.000000 0.0134128
10591.000000 0.0133642
10592.000000 0.0133157
10593.000000 0.0132671
10594.000000 0.0132186
10595.000000 0.01317
10596.000000 0.0131214
10597.000000 0.0130729
10598.000000 0.0130243
10599.000000 0.0129757
10600.000000 0.0129272
10601.000000 0.0128921
10602.000000 0.0128571
10603.000000 0.012822
10604.000000 0.0127868
10605.000000 0.0127518
10606.000000 0.0127167
10607.000000 0.0126816
10608.000000 0.0126464
10609.000000 0.0126114
10610.000000 0.0125762
10611.000000 0.0125398
10612.000000 0.0125036
10613.000000 0.0124672
10614.000000 0.012431
10615.000000 0.0123947
10616.000000 0.0123583
10617.000000 0.012322
10618.000000 0.0122857
10619.000000 0.0122494
10620.000000 0.0122131
10621.000000 0.0121779
10622.000000 0.0121427
10623.000000 0.0121076
10624.000000 0.0120723
10625.000000 0.0120371
10626.000000 0.012002
10627.000000 0.0119667
10628.000000 0.0119316
10629.000000 0.0118963
10630.000000 0.0118611
10631.000000 0.0118254
10632.000000 0.0117898
10633.000000 0.0117541
10634.000000 0.0117184
10635.000000 0.0116827
10636.000000 0.011647
10637.000000 0.0116114
10638.000000 0.0115758
10639.000000 0.0115401
10640.000000 0.0115044
10641.000000 0.0114688
10642.000000 0.0114331
10643.000000 0.0113974
10644.000000 0.0113618
10645.000000 0.011326
10646.000000 0.0112905
10647.000000 0.0112548
10648.000000 0.0112192
10649.000000 0.0111834
10650.000000 0.0111478
10651.000000 0.011112
10652.000000 0.0110763
10653.000000 0.0110403
10654.000000 0.0110046
10655.000000 0.0109688
10656.000000 0.0109329
10657.000000 0.0108972
10658.000000 0.0108613
10659.000000 0.0108256
10660.000000 0.0107897
10661.000000 0.0107542
10662.000000 0.0107185
10663.000000 0.0106829
10664.000000 0.0106473
10665.000000 0.0106116
10666.000000 0.0105759
10667.000000 0.0105402
10668.000000 0.0105047
10669.000000 0.010469
10670.000000 0.0104335
10671.000000 0.0103981
10672.000000 0.0103629
10673.000000 0.0103275
10674.000000 0.0102923
10675.000000 0.010257
10676.000000 0.0102217
10677.000000 0.0101865
10678.000000 0.0101511
10679.000000 0.0101159
10680.000000 0.0100806
10681.000000 0.0100445
10682.000000 0.0100084
10683.000000 0.00997232
10684.000000 0.00993619
10685.000000 0.00990007
10686.000000 0.00986413
10687.000000 0.00982798
10688.000000 0.00979194
10689.000000 0.00975586
10690.000000 0.00971985
10691.000000 0.00968417
10692.000000 0.00964849
10693.000000 0.00961288
10694.000000 0.00957711
10695.000000 0.0095415
10696.000000 0.00950586
10697.000000 0.00947015
10698.000000 0.00943458
10699.000000 0.00939889
10700.000000 0.00936327
10701.000000 0.00932744
10702.000000 0.00929178
10703.000000 0.00925596
10704.000000 0.0092202
10705.000000 0.00918451
10706.000000 0.00914871
10707.000000 0.00911293
10708.000000 0.00907725
10709.000000 0.00904153
10710.000000 0.00900576
10711.000000 0.00896922
10712.000000 0.00893252
10713.000000 0.0088959
10714.000000 0.00885934
10715.000000 0.00882279
10716.000000 0.00878621
10717.000000 0.00874964
10718.000000 0.00871309
10719.000000 0.00867649
10720.000000 0.00864007
10721.000000 0.00860452
10722.000000 0.00856897
10723.000000 0.00853348
10724.000000 0.008498
10725.000000 0.00846241
10726.000000 0.00842699
10727.000000 0.00839142
10728.000000 0.00835591
10729.000000 0.0083204
10730.000000 0.00828496
10731.000000 0.00824944
10732.000000 0.00821397
10733.000000 0.00817853
10734.000000 0.00814313
10735.000000 0.00810765
10736.000000 0.00807215
10737.000000 0.00803673
10738.000000 0.0080012
10739.000000 0.00796578
10740.000000 0.00793038
10741.000000 0.00789434
10742.000000 0.00785842
10743.000000 0.0078224
10744.000000 0.00778651
10745.000000 0.00775052
10746.000000 0.00771459
10747.000000 0.00767867
10748.000000 0.00764271
10749.000000 0.00760681
10750.000000 0.00757087
10751.000000 0.00753613
10752.000000 0.00750133
10753.000000 0.00746647
10754.000000 0.00743173
10755.000000 0.00739693
10756.000000 0.00736213
10757.000000 0.00732728
10758.000000 0.00729259
10759.000000 0.00725769
10760.000000 0.00722289
10761.000000 0.00718702
10762.000000 0.0071512
10763.000000 0.00711529
10764.000000 0.00707956
10765.000000 0.00704367
10766.000000 0.0070079
10767.000000 0.00697208
10768.000000 0.00693622
10769.000000 0.00690043
10770.000000 0.00686465
10771.000000 0.00682917
10772.000000 0.00679381
10773.000000 0.00675834
10774.000000 0.006723
10775.000000 0.00668749
10776.000000 0.00665204
10777.000000 0.00661666
10778.000000 0.00658123
10779.000000 0.00654581
10780.000000 0.00651044
10781.000000 0.00647532
10782.000000 0.00644031
10783.000000 0.00640524
10784.000000 0.0063703
10785.000000 0.00633523
10786.000000 0.00630024
10787.000000 0.00626524
10788.000000 0.00623019
10789.000000 0.00619509
10790.000000 0.0061601
10791.000000 0.00612498
10792.000000 0.00608981
10793.000000 0.00605471
10794.000000 0.0060196
10795.000000 0.00598456
10796.000000 0.0059494
10797.000000 0.0059142
10798.000000 0.00587911
10799.000000 0.00584402
10800.000000 0.00580889
10801.000000 0.00573303
10802.000000 0.00565763
10803.000000 0.00558273
10804.000000 0.0055083
10805.000000 0.00543436
10806.000000 0.00536081
10807.000000 0.00528783
10808.000000 0.00521532
10809.000000 0.00514323
10810.000000 0.00507158
10811.000000 0.00500012
10812.000000 0.00492925
10813.000000 0.00485868
10814.000000 0.00478872
10815.000000 0.00471921
10816.000000 0.00465013
10817.000000 0.00458163
10818.000000 0.00451357
10819.000000 0.00444594
10820.000000 0.00437888
10821.000000 0.00431216
10822.000000 0.00424593
10823.000000 0.00418021
10824.000000 0.00411496
10825.000000 0.00405019
10826.000000 0.00398592
10827.000000 0.00392211
10828.000000 0.0038588
10829.000000 0.00379596
10830.000000 0.00373361
10831.000000 0.00367191
10832.000000 0.00361068
10833.000000 0.00354992
10834.000000 0.00348964
10835.000000 0.00342984
10836.000000 0.00337051
10837.000000 0.00331167
10838.000000 0.00325329
10839.000000 0.00319539
10840.000000 0.00313796
10841.000000 0.00308122
10842.000000 0.00302496
10843.000000 0.00296916
10844.000000 0.00291383
10845.000000 0.00285896
10846.000000 0.00280456
10847.000000 0.00275063
10848.000000 0.00269717
10849.000000 0.00264416
10850.000000 0.00259164
10851.000000 0.00253928
10852.000000 0.00248741
10853.000000 0.00243602
10854.000000 0.00238509
10855.000000 0.00233465
10856.000000 0.00228469
10857.000000 0.00223522
10858.000000 0.00218621
10859.000000 0.00213768
10860.000000 0.00208963
10861.000000 0.00204215
10862.000000 0.00199515
10863.000000 0.00194863
10864.000000 0.00190257
10865.000000 0.00185698
10866.000000 0.00181188
10867.000000 0.00176724
10868.000000 0.00172307
10869.000000 0.00167937
10870.000000 0.00163614
10871.000000 0.00159342
10872.000000 0.00155119
10873.000000 0.0015094
10874.000000 0.0014681
10875.000000 0.00142726
10876.000000 0.00138689
10877.000000 0.00134699
10878.000000 0.00130756
10879.000000 0.00126861
10880.000000 0.00123011
10881.000000 0.00119205
10882.000000 0.00115444
10883.000000 0.00111732
10884.000000 0.00108067
10885.000000 0.00104449
10886.000000 0.00100878
10887.000000 0.000973539
10888.000000 0.000938772
10889.000000 0.000904471
10890.000000 0.000870649
10891.000000 0.000837258
10892.000000 0.000804342
10893.000000 0.000771901
10894.000000 0.00073993
10895.000000 0.000708426
10896.000000 0.000677404
10897.000000 0.000646849
10898.000000 0.000616769
10899.000000 0.000587162
10900.000000 0.000558029
10901.000000 0.000529402
10902.000000 0.000501242
10903.000000 0.000473552
10904.000000 0.000446329
10905.000000 0.000419574
10906.000000 0.000393285
10907.000000 0.000367466
10908.000000 0.000342113
10909.000000 0.000317228
10910.000000 0.00029281
10911.000000 0.000268835
10912.000000 0.00024533
10913.000000 0.000222299
10914.000000 0.000199736
10915.000000 0.000177647
10916.000000 0.000156027
10917.000000 0.000134879
10918.000000 0.000114201
10919.000000 9.39938e-05
10920.000000 7.42558e-05
10921.000000 5.49943e-05
