4734.000000 5.89425e-05
4735.000000 6.00617e-05
4736.000000 6.11809e-05
4737.000000 6.23566e-05
4738.000000 6.35322e-05
4739.000000 6.47076e-05
4740.000000 6.58829e-05
4741.000000 6.70538e-05
4742.000000 6.82775e-05
4743.000000 6.95009e-05
4744.000000 7.07243e-05
4745.000000 7.1947e-05
4746.000000 7.31697e-05
4747.000000 7.44414e-05
4748.000000 7.57126e-05
4749.000000 7.69836e-05
4750.000000 7.82544e-05
4751.000000 7.95368e-05
4752.000000 8.0864e-05
4753.000000 8.21914e-05
4754.000000 8.35188e-05
4755.000000 8.48463e-05
4756.000000 8.61741e-05
4757.000000 8.75419e-05
4758.000000 8.89095e-05
4759.000000 9.02774e-05
4760.000000 9.16453e-05
4761.000000 9.30053e-05
4762.000000 9.43998e-05
4763.000000 9.57943e-05
4764.000000 9.71884e-05
4765.000000 9.85823e-05
4766.000000 9.99764e-05
4767.000000 0.000101399
4768.000000 0.000102822
4769.000000 0.000104245
4770.000000 0.000105667
4771.000000 0.000107098
4772.000000 0.000108553
4773.000000 0.000110007
4774.000000 0.000111462
4775.000000 0.000112917
4776.000000 0.000114372
4777.000000 0.000115844
4778.000000 0.000117317
4779.000000 0.00011879
4780.000000 0.000120263
4781.000000 0.000121726
4782.000000 0.0001232
4783.000000 0.000124675
4784.000000 0.000126149
4785.000000 0.000127622
4786.000000 0.000129096
4787.000000 0.000130576
4788.000000 0.000132056
4789.000000 0.000133536
4790.000000 0.000135016
4791.000000 0.000136499
4792.000000 0.000137983
4793.000000 0.000139467
4794.000000 0.000140951
4795.000000 0.000142435
4796.000000 0.000143918
4797.000000 0.000145398
4798.000000 0.000146877
4799.000000 0.000148357
4800.000000 0.000149836
4801.000000 0.000151323
4802.000000 0.0001528
4803.000000 0.000154278
4804.000000 0.000155756
4805.000000 0.000157234
4806.000000 0.000158712
4807.000000 0.000160177
4808.000000 0.000161643
4809.000000 0.000163108
4810.000000 0.000164574
4811.000000 0.000166041
4812.000000 0.000167492
4813.000000 0.000168943
4814.000000 0.000170395
4815.000000 0.000171847
4816.000000 0.000173298
4817.000000 0.000174731
4818.000000 0.000176165
4819.000000 0.000177598
4820.000000 0.000179031
4821.000000 0.00018047
4822.000000 0.000181889
4823.000000 0.000183309
4824.000000 0.000184728
4825.000000 0.000186147
4826.000000 0.000187567
4827.000000 0.000188967
4828.000000 0.000190367
4829.000000 0.000191767
4830.000000 0.000193167
4831.000000 0.000194573
4832.000000 0.000195959
4833.000000 0.000197347
4834.000000 0.000198733
4835.000000 0.000200121
4836.000000 0.000201508
4837.000000 0.00020288
4838.000000 0.000204252
4839.000000 0.000205625
4840.000000 0.000206999
4841.000000 0.000208346
4842.000000 0.000209683
4843.000000 0.00021102
4844.000000 0.000212357
4845.000000 0.000213694
4846.000000 0.00021503
4847.000000 0.000216366
4848.000000 0.0002177
4849.000000 0.000219036
4850.000000 0.000220371
4851.000000 0.000221703
4852.000000 0.000223046
4853.000000 0.000224389
4854.000000 0.000225731
4855.000000 0.000227073
4856.000000 0.000228416
4857.000000 0.000229786
4858.000000 0.000231156
4859.000000 0.000232527
4860.000000 0.000233896
4861.000000 0.000235308
4862.000000 0.000236773
4863.000000 0.000238237
4864.000000 0.000239702
4865.000000 0.000241168
4866.000000 0.000242633
4867.000000 0.000244184
4868.000000 0.000245735
4869.000000 0.000247286
4870.000000 0.000248837
4871.000000 0.000250352
4872.000000 0.000251994
4873.000000 0.000253637
4874.000000 0.00025528
4875.000000 0.000256922
4876.000000 0.000258565
4877.000000 0.000260396
4878.000000 0.000262228
4879.000000 0.000264059
4880.000000 0.000265891
4881.000000 0.000267733
4882.000000 0.000269847
4883.000000 0.000271962
4884.000000 0.000274077
4885.000000 0.000276191
4886.000000 0.000278306
4887.000000 0.000280809
4888.000000 0.000283312
4889.000000 0.000285815
4890.000000 0.000288319
4891.000000 0.000290852
4892.000000 0.000293936
4893.000000 0.000297022
4894.000000 0.000300107
4895.000000 0.000303194
4896.000000 0.000306281
4897.000000 0.000310146
4898.000000 0.000314014
4899.000000 0.000317882
4900.000000 0.00032175
4901.000000 0.000325582
4902.000000 0.000330517
4903.000000 0.000335452
4904.000000 0.000340387
4905.000000 0.000345323
4906.000000 0.000350258
4907.000000 0.000356769
4908.000000 0.00036328
4909.000000 0.000369793
4910.000000 0.000376304
4911.000000 0.00038285
4912.000000 0.000391664
4913.000000 0.000400482
4914.000000 0.000409299
4915.000000 0.000418118
4916.000000 0.000426939
4917.000000 0.000439058
4918.000000 0.000451177
4919.000000 0.000463299
4920.000000 0.000475424
4921.000000 0.000487521
4922.000000 0.000504462
4923.000000 0.000521404
4924.000000 0.000538347
4925.000000 0.000555293
4926.000000 0.000572238
4927.000000 0.000596399
4928.000000 0.000620563
4929.000000 0.000644729
4930.000000 0.000668895
4931.000000 0.000693116
4932.000000 0.000728254
4933.000000 0.0007634
4934.000000 0.000798552
4935.000000 0.000833712
4936.000000 0.000868879
4937.000000 0.000920831
4938.000000 0.000972795
4939.000000 0.00102477
4940.000000 0.00107675
4941.000000 0.0011288
4942.000000 0.00120713
4943.000000 0.00128548
4944.000000 0.00136385
4945.000000 0.00144224
4946.000000 0.00152067
4947.000000 0.00164102
4948.000000 0.00176141
4949.000000 0.00188184
4950.000000 0.0020023
4951.000000 0.00212238
4952.000000 0.00231068
4953.000000 0.00249895
4954.000000 0.00268721
4955.000000 0.00287545
4956.000000 0.00306367
4957.000000 0.00336523
4958.000000 0.00366675
4959.000000 0.00396825
4960.000000 0.00426972
4961.000000 0.004572
4962.000000 0.00506662
4963.000000 0.00556139
4964.000000 0.00605627
4965.000000 0.0065513
4966.000000 0.00704646
4967.000000 0.00787391
4968.000000 0.00870159
4969.000000 0.00952949
4970.000000 0.0103576
4971.000000 0.0111857
4972.000000 0.0125938
4973.000000 0.0140022
4974.000000 0.015411
4975.000000 0.01682
4976.000000 0.0182293
4977.000000 0.0206455
4978.000000 0.0230621
4979.000000 0.0254792
4980.000000 0.0278968
4981.000000 0.030313
4982.000000 0.0344059
4983.000000 0.0384991
4984.000000 0.0425927
4985.000000 0.0466866
4986.000000 0.0507807
4987.000000 0.0573681
4988.000000 0.0639561
4989.000000 0.0705446
4990.000000 0.0771335
4991.000000 0.0837324
4992.000000 0.0931713
4993.000000 0.102613
4994.000000 0.112058
4995.000000 0.121505
4996.000000 0.130956
4997.000000 0.141977
4998.000000 0.153002
4999.000000 0.164029
5000.000000 0.175061
5001.000000 0.18608
5002.000000 0.195794
5003.000000 0.205509
5004.000000 0.215226
5005.000000 0.224943
5006.000000 0.234663
5007.000000 0.240988
5008.000000 0.247315
5009.000000 0.253643
5010.000000 0.259971
5011.000000 0.266313
5012.000000 0.269463
5013.000000 0.272613
5014.000000 0.275765
5015.000000 0.278917
5016.000000 0.282071
5017.000000 0.283324
5018.000000 0.284578
5019.000000 0.285833
5020.000000 0.287087
5021.000000 0.288333
5022.000000 0.288741
5023.000000 0.28915
5024.000000 0.289558
5025.000000 0.289967
5026.000000 0.290375
5027.000000 0.290493
5028.000000 0.290611
5029.000000 0.290729
5030.000000 0.290847
5031.000000 0.290972
5032.000000 0.29102
5033.000000 0.291068
5034.000000 0.291116
5035.000000 0.291164
5036.000000 0.291211
5037.000000 0.291245
5038.000000 0.291279
5039.000000 0.291312
5040.000000 0.291345
5041.000000 0.29139
5042.000000 0.291433
5043.000000 0.291476
5044.000000 0.291519
5045.000000 0.291562
5046.000000 0.291605
5047.000000 0.291648
5048.000000 0.291691
5049.000000 0.291733
5050.000000 0.291776
5051.000000 0.291806
5052.000000 0.291836
5053.000000 0.291867
5054.000000 0.291897
5055.000000 0.291927
5056.000000 0.291957
5057.000000 0.291987
5058.000000 0.292016
5059.000000 0.292046
5060.000000 0.292076
5061.000000 0.292115
5062.000000 0.292149
5063.000000 0.292184
5064.000000 0.292219
5065.000000 0.292253
5066.000000 0.292287
5067.000000 0.292292
5068.000000 0.292297
5069.000000 0.292302
5070.000000 0.292307
5071.000000 0.292293
5072.000000 0.292143
5073.000000 0.291993
5074.000000 0.291843
5075.000000 0.291694
5076.000000 0.291543
5077.000000 0.290935
5078.000000 0.290327
5079.000000 0.289718
5080.000000 0.289109
5081.000000 0.288504
5082.000000 0.286692
5083.000000 0.284879
5084.000000 0.283067
5085.000000 0.281254
5086.000000 0.279441
5087.000000 0.275166
5088.000000 0.270891
5089.000000 0.266616
5090.000000 0.262339
5091.000000 0.258079
5092.000000 0.250274
5093.000000 0.242466
5094.000000 0.234656
5095.000000 0.226843
5096.000000 0.219028
5097.000000 0.208364
5098.000000 0.197697
5099.000000 0.187026
5100.000000 0.176352
5101.000000 0.165691
5102.000000 0.154949
5103.000000 0.144203
5104.000000 0.133451
5105.000000 0.122695
5106.000000 0.111933
5107.000000 0.103525
5108.000000 0.0951127
5109.000000 0.0866965
5110.000000 0.0782763
5111.000000 0.0698436
5112.000000 0.0642736
5113.000000 0.0587024
5114.000000 0.05313
5115.000000 0.0475563
5116.000000 0.0419812
5117.000000 0.038608
5118.000000 0.0352341
5119.000000 0.0318593
5120.000000 0.0284838
5121.000000 0.0251094
5122.000000 0.0231347
5123.000000 0.0211593
5124.000000 0.0191831
5125.000000 0.0172062
5126.000000 0.0152285
5127.000000 0.0140741
5128.000000 0.0129193
5129.000000 0.011764
5130.000000 0.0106083
5131.000000 0.00945181
5132.000000 0.00876808
5133.000000 0.00808417
5134.000000 0.00740004
5135.000000 0.00671571
5136.000000 0.00603118
5137.000000 0.00561864
5138.000000 0.00520599
5139.000000 0.00479322
5140.000000 0.00438032
5141.000000 0.0039672
5142.000000 0.0037128
5143.000000 0.00345835
5144.000000 0.00320382
5145.000000 0.00294922
5146.000000 0.00269458
5147.000000 0.0025343
5148.000000 0.00237399
5149.000000 0.00221363
5150.000000 0.00205324
5151.000000 0.00189284
5152.000000 0.00178974
5153.000000 0.00168662
5154.000000 0.00158346
5155.000000 0.00148028
5156.000000 0.00137706
5157.000000 0.00130938
5158.000000 0.00124167
5159.000000 0.00117395
5160.000000 0.0011062
5161.000000 0.00103845
5162.000000 0.000993165
5163.000000 0.000947865
5164.000000 0.000902552
5165.000000 0.000857225
5166.000000 0.000811885
5167.000000 0.000781019
5168.000000 0.000750145
5169.000000 0.00071926
5170.000000 0.000688366
5171.000000 0.000657499
5172.000000 0.000636119
5173.000000 0.000614728
5174.000000 0.00059333
5175.000000 0.000571923
5176.000000 0.000550507
5177.000000 0.000535412
5178.000000 0.000520309
5179.000000 0.0005052
5180.000000 0.000490085
5181.000000 0.000474937
5182.000000 0.000464061
5183.000000 0.000453182
5184.000000 0.0004423
5185.000000 0.000431414
5186.000000 0.000420525
5187.000000 0.000412559
5188.000000 0.000404592
5189.000000 0.000396621
5190.000000 0.000388649
5191.000000 0.000380649
5192.000000 0.000374671
5193.000000 0.000368692
5194.000000 0.000362712
5195.000000 0.000356732
5196.000000 0.000350752
5197.000000 0.000346182
5198.000000 0.000341613
5199.000000 0.000337043
5200.000000 0.000332472
5201.000000 0.000327955
5202.000000 0.000324428
5203.000000 0.0003209
5204.000000 0.000317371
5205.000000 0.000313839
5206.000000 0.000310306
5207.000000 0.000307473
5208.000000 0.00030464
5209.000000 0.000301804
5210.000000 0.000298968
5211.000000 0.000296127
5212.000000 0.000293782
5213.000000 0.000291436
5214.000000 0.000289088
5215.000000 0.00028674
5216.000000 0.000284391
5217.000000 0.000282391
5218.000000 0.000280391
5219.000000 0.00027839
5220.000000 0.000276388
5221.000000 0.000274341
5222.000000 0.00027254
5223.000000 0.000270738
5224.000000 0.000268937
5225.000000 0.000267135
5226.000000 0.000265333
5227.000000 0.000263701
5228.000000 0.000262068
5229.000000 0.000260435
5230.000000 0.000258802
5231.000000 0.00025719
5232.000000 0.000255692
5233.000000 0.000254193
5234.000000 0.000252694
5235.000000 0.000251195
5236.000000 0.000249695
5237.000000 0.000248268
5238.000000 0.000246841
5239.000000 0.000245413
5240.000000 0.000243985
5241.000000 0.000242574
5242.000000 0.000241206
5243.000000 0.000239837
5244.000000 0.000238468
5245.000000 0.000237098
5246.000000 0.000235728
5247.000000 0.000234378
5248.000000 0.000233029
5249.000000 0.000231679
5250.000000 0.000230327
5251.000000 0.000228961
5252.000000 0.0002276
5253.000000 0.00022624
5254.000000 0.000224878
5255.000000 0.000223517
5256.000000 0.000222154
5257.000000 0.000220786
5258.000000 0.000219418
5259.000000 0.00021805
5260.000000 0.00021668
5261.000000 0.000215311
5262.000000 0.000213929
5263.000000 0.000212546
5264.000000 0.000211163
5265.000000 0.00020978
5266.000000 0.000208396
5267.000000 0.000206993
5268.000000 0.00020559
5269.000000 0.000204187
5270.000000 0.000202783
5271.000000 0.000201391
5272.000000 0.000199977
5273.000000 0.000198563
5274.000000 0.000197147
5275.000000 0.000195732
5276.000000 0.000194315
5277.000000 0.000192877
5278.000000 0.000191438
5279.000000 0.000189998
5280.000000 0.000188558
5281.000000 0.000187085
5282.000000 0.000185591
5283.000000 0.000184097
5284.000000 0.000182603
5285.000000 0.000181108
5286.000000 0.000179614
5287.000000 0.0001781
5288.000000 0.000176586
5289.000000 0.000175072
5290.000000 0.000173557
5291.000000 0.000172071
5292.000000 0.000170567
5293.000000 0.000169063
5294.000000 0.000167558
5295.000000 0.000166052
5296.000000 0.000164546
5297.000000 0.000163027
5298.000000 0.000161506
5299.000000 0.000159986
5300.000000 0.000158464
5301.000000 0.000156925
5302.000000 0.000155378
5303.000000 0.000153829
5304.000000 0.000152281
5305.000000 0.000150733
5306.000000 0.000149184
5307.000000 0.000147632
5308.000000 0.000146078
5309.000000 0.000144525
5310.000000 0.000142972
5311.000000 0.000141436
5312.000000 0.000139902
5313.000000 0.000138366
5314.000000 0.000136831
5315.000000 0.000135294
5316.000000 0.000133757
5317.000000 0.000132226
5318.000000 0.000130696
5319.000000 0.000129164
5320.000000 0.000127632
5321.000000 0.000126083
5322.000000 0.000124547
5323.000000 0.000123012
5324.000000 0.000121475
5325.000000 0.000119939
5326.000000 0.000118402
5327.000000 0.000116885
5328.000000 0.000115368
5329.000000 0.00011385
5330.000000 0.000112332
5331.000000 0.000110819
5332.000000 0.000109331
5333.000000 0.000107843
5334.000000 0.000106354
5335.000000 0.000104865
5336.000000 0.000103375
5337.000000 0.000101917
5338.000000 0.000100459
5339.000000 9.89998e-05
5340.000000 9.75403e-05
5341.000000 9.60845e-05
5342.000000 9.46661e-05
5343.000000 9.3247e-05
5344.000000 9.18273e-05
5345.000000 9.04071e-05
5346.000000 8.89866e-05
5347.000000 8.76084e-05
5348.000000 8.62297e-05
5349.000000 8.48507e-05
5350.000000 8.3471e-05
5351.000000 8.20856e-05
5352.000000 8.07482e-05
5353.000000 7.94104e-05
5354.000000 7.80722e-05
5355.000000 7.67338e-05
5356.000000 7.53951e-05
5357.000000 7.4109e-05
5358.000000 7.28226e-05
5359.000000 7.15359e-05
5360.000000 7.02488e-05
5361.000000 6.89663e-05
5362.000000 6.77404e-05
5363.000000 6.65142e-05
5364.000000 6.52873e-05
5365.000000 6.40601e-05
5366.000000 6.28322e-05
5367.000000 6.16649e-05
5368.000000 6.04971e-05
5369.000000 5.93288e-05
