3647.000000 2.91089e-05
3648.000000 2.98408e-05
3649.000000 3.05762e-05
3650.000000 3.13466e-05
3651.000000 3.21188e-05
3652.000000 3.28946e-05
3653.000000 3.36737e-05
3654.000000 3.44562e-05
3655.000000 3.52698e-05
3656.000000 3.60868e-05
3657.000000 3.69075e-05
3658.000000 3.77318e-05
3659.000000 3.85596e-05
3660.000000 3.94137e-05
3661.000000 4.02693e-05
3662.000000 4.11286e-05
3663.000000 4.19914e-05
3664.000000 4.28578e-05
3665.000000 4.37455e-05
3666.000000 4.46366e-05
3667.000000 4.55317e-05
3668.000000 4.64304e-05
3669.000000 4.73326e-05
3670.000000 4.82506e-05
3671.000000 4.91736e-05
3672.000000 5.01005e-05
3673.000000 5.10312e-05
3674.000000 5.19657e-05
3675.000000 5.29101e-05
3676.000000 5.38585e-05
3677.000000 5.48103e-05
3678.000000 5.57664e-05
3679.000000 5.67261e-05
3680.000000 5.76901e-05
3681.000000 5.86649e-05
3682.000000 5.96438e-05
3683.000000 6.06266e-05
3684.000000 6.16135e-05
3685.000000 6.25996e-05
3686.000000 6.35895e-05
3687.000000 6.45834e-05
3688.000000 6.55814e-05
3689.000000 6.65836e-05
3690.000000 6.75793e-05
3691.000000 6.85692e-05
3692.000000 6.95633e-05
3693.000000 7.05607e-05
3694.000000 7.15621e-05
3695.000000 7.25519e-05
3696.000000 7.35451e-05
3697.000000 7.45423e-05
3698.000000 7.55428e-05
3699.000000 7.65471e-05
3700.000000 7.75359e-05
3701.000000 7.854e-05
3702.000000 7.95483e-05
3703.000000 8.05607e-05
3704.000000 8.15768e-05
3705.000000 8.25737e-05
3706.000000 8.35749e-05
3707.000000 8.45796e-05
3708.000000 8.55881e-05
3709.000000 8.66004e-05
3710.000000 8.75911e-05
3711.000000 8.85924e-05
3712.000000 8.95972e-05
3713.000000 9.06058e-05
3714.000000 9.16185e-05
3715.000000 9.26087e-05
3716.000000 9.36029e-05
3717.000000 9.46004e-05
3718.000000 9.56017e-05
3719.000000 9.66066e-05
3720.000000 9.75905e-05
3721.000000 9.85762e-05
3722.000000 9.95661e-05
3723.000000 0.000100559
3724.000000 0.000101557
3725.000000 0.000102535
3726.000000 0.000103516
3727.000000 0.000104501
3728.000000 0.00010549
3729.000000 0.000106482
3730.000000 0.000107461
3731.000000 0.000108462
3732.000000 0.000109467
3733.000000 0.000110476
3734.000000 0.000111488
3735.000000 0.000112498
3736.000000 0.000113512
3737.000000 0.000114529
3738.000000 0.000115551
3739.000000 0.000116576
3740.000000 0.000117615
3741.000000 0.000118648
3742.000000 0.000119685
3743.000000 0.000120726
3744.000000 0.00012177
3745.000000 0.000122854
3746.000000 0.000123942
3747.000000 0.000125033
3748.000000 0.000126129
3749.000000 0.000127228
3750.000000 0.000128407
3751.000000 0.000129603
3752.000000 0.000130804
3753.000000 0.000132009
3754.000000 0.000133219
3755.000000 0.00013457
3756.000000 0.000135926
3757.000000 0.000137287
3758.000000 0.000138653
3759.000000 0.000140024
3760.000000 0.000141633
3761.000000 0.000143257
3762.000000 0.000144887
3763.000000 0.000146523
3764.000000 0.000148166
3765.000000 0.0001502
3766.000000 0.000152243
3767.000000 0.000154294
3768.000000 0.000156353
3769.000000 0.000158421
3770.000000 0.000161131
3771.000000 0.000163835
3772.000000 0.000166549
3773.000000 0.000169274
3774.000000 0.00017201
3775.000000 0.000175802
3776.000000 0.000179609
3777.000000 0.000183432
3778.000000 0.000187271
3779.000000 0.000191124
3780.000000 0.000196739
3781.000000 0.000202465
3782.000000 0.000208219
3783.000000 0.000214
3784.000000 0.000219811
3785.000000 0.000228623
3786.000000 0.000237479
3787.000000 0.000246379
3788.000000 0.000255324
3789.000000 0.000264313
3790.000000 0.00027853
3791.000000 0.000292838
3792.000000 0.000307219
3793.000000 0.000321674
3794.000000 0.000336201
3795.000000 0.000360099
3796.000000 0.00038412
3797.000000 0.000408263
3798.000000 0.000432529
3799.000000 0.000456922
3800.000000 0.000498634
3801.000000 0.000540039
3802.000000 0.000581579
3803.000000 0.000623255
3804.000000 0.000665066
3805.000000 0.000739814
3806.000000 0.000814809
3807.000000 0.000890047
3808.000000 0.000965532
3809.000000 0.00104126
3810.000000 0.00118223
3811.000000 0.00132389
3812.000000 0.00146607
3813.000000 0.00160876
3814.000000 0.00175196
3815.000000 0.00202966
3816.000000 0.00230836
3817.000000 0.00258807
3818.000000 0.00286878
3819.000000 0.0031505
3820.000000 0.00371878
3821.000000 0.0042894
3822.000000 0.00486216
3823.000000 0.00543702
3824.000000 0.00601403
3825.000000 0.00720891
3826.000000 0.00840821
3827.000000 0.00961201
3828.000000 0.0108202
3829.000000 0.012033
3830.000000 0.0145091
3831.000000 0.0169983
3832.000000 0.0194979
3833.000000 0.0220077
3834.000000 0.0245279
3835.000000 0.0291204
3836.000000 0.0337318
3837.000000 0.0383623
3838.000000 0.0430118
3839.000000 0.0476805
3840.000000 0.0540584
3841.000000 0.0604588
3842.000000 0.0668848
3843.000000 0.0733363
3844.000000 0.0798135
3845.000000 0.0854078
3846.000000 0.091024
3847.000000 0.0966626
3848.000000 0.102323
3849.000000 0.108006
3850.000000 0.111046
3851.000000 0.114121
3852.000000 0.117209
3853.000000 0.120309
3854.000000 0.123422
3855.000000 0.124638
3856.000000 0.125859
3857.000000 0.127085
3858.000000 0.128315
3859.000000 0.129549
3860.000000 0.130047
3861.000000 0.130526
3862.000000 0.131006
3863.000000 0.131488
3864.000000 0.13197
3865.000000 0.13227
3866.000000 0.13257
3867.000000 0.13287
3868.000000 0.133171
3869.000000 0.133473
3870.000000 0.133745
3871.000000 0.134042
3872.000000 0.134338
3873.000000 0.134636
3874.000000 0.134933
3875.000000 0.135229
3876.000000 0.135525
3877.000000 0.135821
3878.000000 0.136118
3879.000000 0.136415
3880.000000 0.136713
3881.000000 0.137023
3882.000000 0.137334
3883.000000 0.137646
3884.000000 0.137958
3885.000000 0.13827
3886.000000 0.138582
3887.000000 0.138896
3888.000000 0.139209
3889.000000 0.139523
3890.000000 0.139828
3891.000000 0.140115
3892.000000 0.140403
3893.000000 0.140691
3894.000000 0.14098
3895.000000 0.141177
3896.000000 0.141375
3897.000000 0.141573
3898.000000 0.14177
3899.000000 0.141968
3900.000000 0.14169
3901.000000 0.141435
3902.000000 0.141178
3903.000000 0.140919
3904.000000 0.140658
3905.000000 0.138822
3906.000000 0.136978
3907.000000 0.135124
3908.000000 0.133261
3909.000000 0.131389
3910.000000 0.126507
3911.000000 0.121584
3912.000000 0.116639
3913.000000 0.111672
3914.000000 0.106684
3915.000000 0.0995168
3916.000000 0.0923188
3917.000000 0.0850898
3918.000000 0.0778301
3919.000000 0.0705394
3920.000000 0.0643008
3921.000000 0.0580408
3922.000000 0.051753
3923.000000 0.0454376
3924.000000 0.0390943
3925.000000 0.0352856
3926.000000 0.0314601
3927.000000 0.0276178
3928.000000 0.0237586
3929.000000 0.0198825
3930.000000 0.0179307
3931.000000 0.0159668
3932.000000 0.0139952
3933.000000 0.0120158
3934.000000 0.0100287
3935.000000 0.00907865
3936.000000 0.00812489
3937.000000 0.00716733
3938.000000 0.00620604
3939.000000 0.00524097
3940.000000 0.00477503
3941.000000 0.00430802
3942.000000 0.00383902
3943.000000 0.003368
3944.000000 0.00289497
3945.000000 0.00265896
3946.000000 0.00242193
3947.000000 0.0021839
3948.000000 0.00194484
3949.000000 0.00170477
3950.000000 0.00158014
3951.000000 0.00145475
3952.000000 0.00132886
3953.000000 0.00120247
3954.000000 0.0010756
3955.000000 0.00100706
3956.000000 0.000938255
3957.000000 0.000869181
3958.000000 0.000799834
3959.000000 0.000730216
3960.000000 0.000691229
3961.000000 0.000652128
3962.000000 0.000612868
3963.000000 0.000573452
3964.000000 0.000533873
3965.000000 0.000510974
3966.000000 0.000487983
3967.000000 0.000464896
3968.000000 0.000441717
3969.000000 0.000418443
3970.000000 0.000404562
3971.000000 0.000390567
3972.000000 0.000376519
3973.000000 0.000362418
3974.000000 0.000348264
3975.000000 0.000339558
3976.000000 0.000330818
3977.000000 0.000322045
3978.000000 0.000313239
3979.000000 0.000304399
3980.000000 0.000298796
3981.000000 0.000293222
3982.000000 0.000287623
3983.000000 0.000282001
3984.000000 0.000276355
3985.000000 0.000272671
3986.000000 0.000268973
3987.000000 0.000265257
3988.000000 0.000261525
3989.000000 0.000257777
3990.000000 0.000255238
3991.000000 0.000252633
3992.000000 0.000250019
3993.000000 0.000247394
3994.000000 0.000244759
3995.000000 0.000242873
3996.000000 0.00024098
3997.000000 0.000239079
3998.000000 0.000237171
3999.000000 0.000235254
4000.000000 0.0002338
4001.000000 0.000232175
4002.000000 0.000230547
4003.000000 0.000228915
4004.000000 0.00022728
4005.000000 0.000225925
4006.000000 0.000224567
4007.000000 0.000223206
4008.000000 0.000221842
4009.000000 0.000220475
4010.000000 0.00021927
4011.000000 0.000218045
4012.000000 0.000216818
4013.000000 0.000215588
4014.000000 0.000214355
4015.000000 0.000213207
4016.000000 0.000212056
4017.000000 0.000210902
4018.000000 0.000209746
4019.000000 0.000208587
4020.000000 0.000207461
4021.000000 0.000206359
4022.000000 0.000205256
4023.000000 0.000204149
4024.000000 0.00020304
4025.000000 0.000201928
4026.000000 0.000200813
4027.000000 0.000199695
4028.000000 0.000198574
4029.000000 0.000197451
4030.000000 0.000196302
4031.000000 0.000195122
4032.000000 0.000193941
4033.000000 0.000192757
4034.000000 0.00019157
4035.000000 0.000190343
4036.000000 0.000189115
4037.000000 0.000187883
4038.000000 0.000186649
4039.000000 0.000185412
4040.000000 0.000184127
4041.000000 0.000182818
4042.000000 0.000181507
4043.000000 0.000180193
4044.000000 0.000178878
4045.000000 0.00017751
4046.000000 0.00017614
4047.000000 0.000174767
4048.000000 0.000173392
4049.000000 0.000172015
4050.000000 0.000170585
4051.000000 0.000169137
4052.000000 0.000167686
4053.000000 0.000166234
4054.000000 0.000164778
4055.000000 0.000163274
4056.000000 0.000161768
4057.000000 0.000160259
4058.000000 0.000158748
4059.000000 0.000157234
4060.000000 0.000155676
4061.000000 0.000154133
4062.000000 0.000152587
4063.000000 0.000151038
4064.000000 0.000149486
4065.000000 0.000147898
4066.000000 0.000146306
4067.000000 0.000144711
4068.000000 0.000143114
4069.000000 0.000141514
4070.000000 0.000139885
4071.000000 0.000138262
4072.000000 0.000136636
4073.000000 0.000135006
4074.000000 0.000133374
4075.000000 0.000131723
4076.000000 0.00013007
4077.000000 0.000128412
4078.000000 0.000126752
4079.000000 0.000125089
4080.000000 0.000123418
4081.000000 0.000121728
4082.000000 0.000120034
4083.000000 0.000118338
4084.000000 0.000116639
4085.000000 0.000114945
4086.000000 0.00011325
4087.000000 0.000111551
4088.000000 0.00010985
4089.000000 0.000108146
4090.000000 0.000106461
4091.000000 0.000104773
4092.000000 0.000103083
4093.000000 0.000101391
4094.000000 9.96959e-05
4095.000000 9.80318e-05
4096.000000 9.63649e-05
4097.000000 9.46958e-05
4098.000000 9.30238e-05
4099.000000 9.1349e-05
4100.000000 8.97181e-05
4101.000000 8.80711e-05
4102.000000 8.6422e-05
4103.000000 8.47708e-05
4104.000000 8.31175e-05
4105.000000 8.15209e-05
4106.000000 7.9922e-05
4107.000000 7.83212e-05
4108.000000 7.67186e-05
4109.000000 7.5114e-05
4110.000000 7.35771e-05
4111.000000 7.20468e-05
4112.000000 7.05143e-05
4113.000000 6.89796e-05
4114.000000 6.74425e-05
4115.000000 6.59832e-05
4116.000000 6.45218e-05
4117.000000 6.30581e-05
4118.000000 6.15922e-05
4119.000000 6.01244e-05
4120.000000 5.8743e-05
4121.000000 5.73485e-05
4122.000000 5.59525e-05
4123.000000 5.4555e-05
4124.000000 5.3156e-05
4125.000000 5.18514e-05
4126.000000 5.05455e-05
4127.000000 4.92382e-05
4128.000000 4.79295e-05
4129.000000 4.66195e-05
4130.000000 4.54094e-05
4131.000000 4.41992e-05
4132.000000 4.29878e-05
4133.000000 4.17749e-05
4134.000000 4.05607e-05
4135.000000 3.945e-05
4136.000000 3.83382e-05
4137.000000 3.7225e-05
4138.000000 3.61106e-05
4139.000000 3.49949e-05
4140.000000 3.39848e-05
4141.000000 3.29838e-05
4142.000000 3.1981e-05
4143.000000 3.09764e-05
4144.000000 2.99701e-05
4145.000000 2.90686e-05
