7331.000000 6.83907e-05
7332.000000 6.92479e-05
7333.000000 7.01046e-05
7334.000000 7.09609e-05
7335.000000 7.18171e-05
7336.000000 7.26729e-05
7337.000000 7.35559e-05
7338.000000 7.44382e-05
7339.000000 7.53204e-05
7340.000000 7.62023e-05
7341.000000 7.7082e-05
7342.000000 7.79877e-05
7343.000000 7.88928e-05
7344.000000 7.97978e-05
7345.000000 8.0702e-05
7346.000000 8.16063e-05
7347.000000 8.25349e-05
7348.000000 8.3463e-05
7349.000000 8.43908e-05
7350.000000 8.53184e-05
7351.000000 8.62503e-05
7352.000000 8.72053e-05
7353.000000 8.81603e-05
7354.000000 8.9115e-05
7355.000000 9.00691e-05
7356.000000 9.10233e-05
7357.000000 9.1999e-05
7358.000000 9.29745e-05
7359.000000 9.39496e-05
7360.000000 9.49244e-05
7361.000000 9.58996e-05
7362.000000 9.68948e-05
7363.000000 9.78898e-05
7364.000000 9.88845e-05
7365.000000 9.98787e-05
7366.000000 0.000100873
7367.000000 0.000101886
7368.000000 0.000102898
7369.000000 0.00010391
7370.000000 0.000104922
7371.000000 0.000105936
7372.000000 0.000106968
7373.000000 0.000107999
7374.000000 0.00010903
7375.000000 0.000110061
7376.000000 0.000111092
7377.000000 0.000112138
7378.000000 0.000113183
7379.000000 0.000114229
7380.000000 0.000115274
7381.000000 0.0001163
7382.000000 0.000117339
7383.000000 0.000118378
7384.000000 0.000119416
7385.000000 0.000120453
7386.000000 0.00012149
7387.000000 0.000122538
7388.000000 0.000123585
7389.000000 0.000124632
7390.000000 0.000125678
7391.000000 0.000126755
7392.000000 0.000127842
7393.000000 0.000128929
7394.000000 0.000130015
7395.000000 0.000131102
7396.000000 0.000132188
7397.000000 0.000133283
7398.000000 0.000134377
7399.000000 0.000135471
7400.000000 0.000136565
7401.000000 0.000137609
7402.000000 0.000138657
7403.000000 0.000139705
7404.000000 0.000140752
7405.000000 0.000141798
7406.000000 0.000142844
7407.000000 0.000143893
7408.000000 0.00014494
7409.000000 0.000145987
7410.000000 0.000147033
7411.000000 0.000148122
7412.000000 0.000149213
7413.000000 0.000150303
7414.000000 0.000151394
7415.000000 0.000152484
7416.000000 0.000153574
7417.000000 0.000154664
7418.000000 0.000155754
7419.000000 0.000156844
7420.000000 0.000157933
7421.000000 0.000158992
7422.000000 0.000160048
7423.000000 0.000161104
7424.000000 0.00016216
7425.000000 0.000163214
7426.000000 0.000164268
7427.000000 0.000165318
7428.000000 0.000166368
7429.000000 0.000167417
7430.000000 0.000168465
7431.000000 0.000169522
7432.000000 0.000170573
7433.000000 0.000171624
7434.000000 0.000172674
7435.000000 0.000173724
7436.000000 0.000174774
7437.000000 0.000175816
7438.000000 0.000176857
7439.000000 0.000177898
7440.000000 0.000178939
7441.000000 0.000179979
7442.000000 0.00018101
7443.000000 0.00018204
7444.000000 0.00018307
7445.000000 0.000184099
7446.000000 0.000185128
7447.000000 0.000186147
7448.000000 0.000187165
7449.000000 0.000188184
7450.000000 0.000189201
7451.000000 0.000190219
7452.000000 0.000191226
7453.000000 0.000192232
7454.000000 0.000193238
7455.000000 0.000194244
7456.000000 0.000195248
7457.000000 0.000196241
7458.000000 0.000197233
7459.000000 0.000198225
7460.000000 0.000199216
7461.000000 0.000200211
7462.000000 0.000201193
7463.000000 0.000202175
7464.000000 0.000203157
7465.000000 0.000204137
7466.000000 0.000205118
7467.000000 0.000206084
7468.000000 0.00020705
7469.000000 0.000208015
7470.000000 0.000208981
7471.000000 0.000209942
7472.000000 0.000210888
7473.000000 0.000211834
7474.000000 0.000212779
7475.000000 0.000213725
7476.000000 0.000214669
7477.000000 0.000215599
7478.000000 0.000216528
7479.000000 0.000217457
7480.000000 0.000218385
7481.000000 0.000219322
7482.000000 0.000220246
7483.000000 0.000221168
7484.000000 0.00022209
7485.000000 0.000223012
7486.000000 0.000223934
7487.000000 0.000224839
7488.000000 0.000225745
7489.000000 0.00022665
7490.000000 0.000227555
7491.000000 0.000228446
7492.000000 0.000229321
7493.000000 0.000230197
7494.000000 0.000231072
7495.000000 0.000231946
7496.000000 0.000232819
7497.000000 0.000233679
7498.000000 0.000234537
7499.000000 0.000235396
7500.000000 0.000236254
7501.000000 0.000237124
7502.000000 0.00023798
7503.000000 0.000238836
7504.000000 0.000239691
7505.000000 0.000240547
7506.000000 0.000241402
7507.000000 0.000242244
7508.000000 0.000243086
7509.000000 0.000243928
7510.000000 0.000244769
7511.000000 0.000245586
7512.000000 0.000246393
7513.000000 0.000247199
7514.000000 0.000248004
7515.000000 0.000248809
7516.000000 0.000249613
7517.000000 0.000250409
7518.000000 0.000251204
7519.000000 0.000251998
7520.000000 0.000252792
7521.000000 0.000253645
7522.000000 0.000254492
7523.000000 0.000255338
7524.000000 0.000256185
7525.000000 0.000257032
7526.000000 0.000257878
7527.000000 0.000258722
7528.000000 0.000259565
7529.000000 0.00026041
7530.000000 0.000261253
7531.000000 0.000261992
7532.000000 0.000262733
7533.000000 0.000263473
7534.000000 0.000264212
7535.000000 0.000264951
7536.000000 0.000265689
7537.000000 0.000266432
7538.000000 0.000267176
7539.000000 0.000267919
7540.000000 0.000268661
7541.000000 0.000269503
7542.000000 0.000270358
7543.000000 0.000271213
7544.000000 0.000272068
7545.000000 0.000272922
7546.000000 0.000273777
7547.000000 0.000274653
7548.000000 0.000275529
7549.000000 0.000276405
7550.000000 0.00027728
7551.000000 0.000278121
7552.000000 0.000278993
7553.000000 0.000279864
7554.000000 0.000280735
7555.000000 0.000281607
7556.000000 0.000282477
7557.000000 0.00028339
7558.000000 0.000284303
7559.000000 0.000285216
7560.000000 0.000286128
7561.000000 0.000287016
7562.000000 0.000287963
7563.000000 0.000288909
7564.000000 0.000289853
7565.000000 0.000290798
7566.000000 0.000291743
7567.000000 0.000292761
7568.000000 0.000293781
7569.000000 0.000294799
7570.000000 0.000295816
7571.000000 0.000296834
7572.000000 0.000297951
7573.000000 0.000299065
7574.000000 0.000300179
7575.000000 0.000301294
7576.000000 0.000302407
7577.000000 0.000303646
7578.000000 0.000304884
7579.000000 0.000306121
7580.000000 0.000307358
7581.000000 0.00030862
7582.000000 0.000310043
7583.000000 0.000311465
7584.000000 0.000312887
7585.000000 0.000314307
7586.000000 0.000315727
7587.000000 0.000317353
7588.000000 0.000318977
7589.000000 0.000320599
7590.000000 0.000322223
7591.000000 0.00032382
7592.000000 0.000325677
7593.000000 0.000327532
7594.000000 0.000329386
7595.000000 0.00033124
7596.000000 0.000333092
7597.000000 0.000335273
7598.000000 0.000337454
7599.000000 0.000339632
7600.000000 0.000341809
7601.000000 0.000344032
7602.000000 0.000346672
7603.000000 0.000349312
7604.000000 0.000351952
7605.000000 0.000354589
7606.000000 0.000357227
7607.000000 0.000360398
7608.000000 0.000363568
7609.000000 0.000366737
7610.000000 0.000369905
7611.000000 0.000373009
7612.000000 0.000376793
7613.000000 0.000380576
7614.000000 0.000384355
7615.000000 0.000388133
7616.000000 0.000391907
7617.000000 0.000396553
7618.000000 0.000401197
7619.000000 0.000405837
7620.000000 0.000410473
7621.000000 0.000415142
7622.000000 0.000420932
7623.000000 0.000426719
7624.000000 0.000432505
7625.000000 0.000438286
7626.000000 0.000444067
7627.000000 0.000451298
7628.000000 0.000458527
7629.000000 0.000465752
7630.000000 0.000472973
7631.000000 0.000480206
7632.000000 0.00048933
7633.000000 0.00049845
7634.000000 0.000507566
7635.000000 0.000516677
7636.000000 0.000525786
7637.000000 0.000537371
7638.000000 0.000548951
7639.000000 0.000560525
7640.000000 0.000572097
7641.000000 0.000583571
7642.000000 0.000598306
7643.000000 0.00061303
7644.000000 0.000627742
7645.000000 0.000642445
7646.000000 0.000657135
7647.000000 0.000676154
7648.000000 0.000695158
7649.000000 0.000714146
7650.000000 0.000733124
7651.000000 0.000752165
7652.000000 0.000777001
7653.000000 0.00080182
7654.000000 0.000826627
7655.000000 0.000851424
7656.000000 0.000876204
7657.000000 0.000908799
7658.000000 0.000941378
7659.000000 0.000973938
7660.000000 0.00100648
7661.000000 0.00103898
7662.000000 0.00108211
7663.000000 0.00112521
7664.000000 0.00116828
7665.000000 0.00121133
7666.000000 0.00125436
7667.000000 0.00131199
7668.000000 0.00136958
7669.000000 0.00142714
7670.000000 0.00148467
7671.000000 0.0015421
7672.000000 0.00161978
7673.000000 0.0016974
7674.000000 0.00177497
7675.000000 0.00185249
7676.000000 0.00192996
7677.000000 0.00203579
7678.000000 0.00214154
7679.000000 0.00224722
7680.000000 0.00235284
7681.000000 0.00245838
7682.000000 0.00260408
7683.000000 0.00274967
7684.000000 0.00289517
7685.000000 0.00304056
7686.000000 0.00318587
7687.000000 0.00338861
7688.000000 0.00359122
7689.000000 0.0037937
7690.000000 0.00399603
7691.000000 0.00419841
7692.000000 0.00448388
7693.000000 0.0047692
7694.000000 0.00505433
7695.000000 0.00533931
7696.000000 0.00562412
7697.000000 0.00603037
7698.000000 0.0064364
7699.000000 0.0068422
7700.000000 0.00724777
7701.000000 0.00765319
7702.000000 0.00823779
7703.000000 0.00882204
7704.000000 0.009406
7705.000000 0.00998962
7706.000000 0.0105729
7707.000000 0.0114223
7708.000000 0.0122712
7709.000000 0.0131197
7710.000000 0.0139677
7711.000000 0.0148141
7712.000000 0.0160566
7713.000000 0.0172982
7714.000000 0.0185389
7715.000000 0.0197788
7716.000000 0.0210178
7717.000000 0.0228435
7718.000000 0.0246678
7719.000000 0.0264909
7720.000000 0.0283127
7721.000000 0.0301338
7722.000000 0.0328086
7723.000000 0.0354816
7724.000000 0.0381529
7725.000000 0.0408222
7726.000000 0.04349
7727.000000 0.0473522
7728.000000 0.051212
7729.000000 0.055069
7730.000000 0.0589236
7731.000000 0.0627763
7732.000000 0.0681794
7733.000000 0.0735788
7734.000000 0.0789748
7735.000000 0.0843674
7736.000000 0.0897565
7737.000000 0.0968992
7738.000000 0.104037
7739.000000 0.111171
7740.000000 0.1183
7741.000000 0.125443
7742.000000 0.134118
7743.000000 0.142791
7744.000000 0.151461
7745.000000 0.160127
7746.000000 0.168791
7747.000000 0.178131
7748.000000 0.187467
7749.000000 0.196801
7750.000000 0.206131
7751.000000 0.215433
7752.000000 0.224102
7753.000000 0.232766
7754.000000 0.241424
7755.000000 0.250078
7756.000000 0.258727
7757.000000 0.265608
7758.000000 0.272484
7759.000000 0.279358
7760.000000 0.286226
7761.000000 0.293
7762.000000 0.297581
7763.000000 0.302155
7764.000000 0.306725
7765.000000 0.311288
7766.000000 0.315846
7767.000000 0.31849
7768.000000 0.321131
7769.000000 0.323769
7770.000000 0.326403
7771.000000 0.329174
7772.000000 0.330614
7773.000000 0.332053
7774.000000 0.333492
7775.000000 0.33493
7776.000000 0.336367
7777.000000 0.337016
7778.000000 0.337664
7779.000000 0.338312
7780.000000 0.338959
7781.000000 0.339597
7782.000000 0.339826
7783.000000 0.340054
7784.000000 0.340281
7785.000000 0.340509
7786.000000 0.340737
7787.000000 0.340777
7788.000000 0.340816
7789.000000 0.340856
7790.000000 0.340895
7791.000000 0.340911
7792.000000 0.340851
7793.000000 0.340791
7794.000000 0.340732
7795.000000 0.340672
7796.000000 0.340612
7797.000000 0.340527
7798.000000 0.340441
7799.000000 0.340356
7800.000000 0.34027
7801.000000 0.340185
7802.000000 0.340093
7803.000000 0.34
7804.000000 0.339908
7805.000000 0.339816
7806.000000 0.339723
7807.000000 0.33963
7808.000000 0.339536
7809.000000 0.339443
7810.000000 0.339348
7811.000000 0.339194
7812.000000 0.339039
7813.000000 0.338884
7814.000000 0.338729
7815.000000 0.338574
7816.000000 0.33842
7817.000000 0.338264
7818.000000 0.33811
7819.000000 0.337955
7820.000000 0.3378
7821.000000 0.337676
7822.000000 0.337552
7823.000000 0.337427
7824.000000 0.337303
7825.000000 0.33718
7826.000000 0.337054
7827.000000 0.336931
7828.000000 0.336806
7829.000000 0.336682
7830.000000 0.336557
7831.000000 0.336399
7832.000000 0.33624
7833.000000 0.336079
7834.000000 0.33592
7835.000000 0.33576
7836.000000 0.335601
7837.000000 0.335438
7838.000000 0.335275
7839.000000 0.335114
7840.000000 0.334951
7841.000000 0.334877
7842.000000 0.334789
7843.000000 0.334702
7844.000000 0.334615
7845.000000 0.334529
7846.000000 0.334442
7847.000000 0.334313
7848.000000 0.334186
7849.000000 0.334058
7850.000000 0.33393
7851.000000 0.333694
7852.000000 0.333347
7853.000000 0.333001
7854.000000 0.332656
7855.000000 0.332309
7856.000000 0.331964
7857.000000 0.331363
7858.000000 0.330763
7859.000000 0.330163
7860.000000 0.329564
7861.000000 0.329049
7862.000000 0.328009
7863.000000 0.32697
7864.000000 0.32593
7865.000000 0.324892
7866.000000 0.323854
7867.000000 0.32186
7868.000000 0.319868
7869.000000 0.317877
7870.000000 0.315886
7871.000000 0.313863
7872.000000 0.310331
7873.000000 0.306802
7874.000000 0.303276
7875.000000 0.299752
7876.000000 0.296231
7877.000000 0.290725
7878.000000 0.285223
7879.000000 0.279726
7880.000000 0.274233
7881.000000 0.268756
7882.000000 0.261263
7883.000000 0.253774
7884.000000 0.246291
7885.000000 0.238813
7886.000000 0.231341
7887.000000 0.222546
7888.000000 0.213758
7889.000000 0.204976
7890.000000 0.1962
7891.000000 0.187425
7892.000000 0.178555
7893.000000 0.169692
7894.000000 0.160836
7895.000000 0.151987
7896.000000 0.143144
7897.000000 0.135344
7898.000000 0.127549
7899.000000 0.119761
7900.000000 0.111978
7901.000000 0.104199
7902.000000 0.0980352
7903.000000 0.0918762
7904.000000 0.0857223
7905.000000 0.0795736
7906.000000 0.07343
7907.000000 0.068911
7908.000000 0.0643958
7909.000000 0.0598844
7910.000000 0.0553766
7911.000000 0.0508704
7912.000000 0.0477025
7913.000000 0.0445375
7914.000000 0.0413755
7915.000000 0.0382162
7916.000000 0.0350598
7917.000000 0.0328923
7918.000000 0.0307268
7919.000000 0.0285632
7920.000000 0.0264016
7921.000000 0.0242441
7922.000000 0.0227759
7923.000000 0.0213088
7924.000000 0.0198427
7925.000000 0.0183777
7926.000000 0.0169138
7927.000000 0.0159171
7928.000000 0.0149212
7929.000000 0.013926
7930.000000 0.0129316
7931.000000 0.0119384
7932.000000 0.0112583
7933.000000 0.0105787
7934.000000 0.00989955
7935.000000 0.00922082
7936.000000 0.00854253
7937.000000 0.00807389
7938.000000 0.0076056
7939.000000 0.00713759
7940.000000 0.00666986
7941.000000 0.00620132
7942.000000 0.00587398
7943.000000 0.00554695
7944.000000 0.00522029
7945.000000 0.00489393
7946.000000 0.00456791
7947.000000 0.0043376
7948.000000 0.00410751
7949.000000 0.00387765
7950.000000 0.00364803
7951.000000 0.0034187
7952.000000 0.00325485
7953.000000 0.00309117
7954.000000 0.00292765
7955.000000 0.00276428
7956.000000 0.00260109
7957.000000 0.00248319
7958.000000 0.0023654
7959.000000 0.00224773
7960.000000 0.00213019
7961.000000 0.00201287
7962.000000 0.00192722
7963.000000 0.00184164
7964.000000 0.00175614
7965.000000 0.00167071
7966.000000 0.00158536
7967.000000 0.0015224
7968.000000 0.00145948
7969.000000 0.00139662
7970.000000 0.00133382
7971.000000 0.0012711
7972.000000 0.00122437
7973.000000 0.00117768
7974.000000 0.00113103
7975.000000 0.00108441
7976.000000 0.00103783
7977.000000 0.00100279
7978.000000 0.000967779
7979.000000 0.000932792
7980.000000 0.000897836
7981.000000 0.000863301
7982.000000 0.000837144
7983.000000 0.000810986
7984.000000 0.000784825
7985.000000 0.000758662
7986.000000 0.000732496
7987.000000 0.000712502
7988.000000 0.000692508
7989.000000 0.000672512
7990.000000 0.000652511
7991.000000 0.000632358
7992.000000 0.000616798
7993.000000 0.000601243
7994.000000 0.000585695
7995.000000 0.000570153
7996.000000 0.00055462
7997.000000 0.000542521
7998.000000 0.000530428
7999.000000 0.000518341
8000.000000 0.000506256
8001.000000 0.000494011
8002.000000 0.000484362
8003.000000 0.000474724
8004.000000 0.000465094
8005.000000 0.000455477
8006.000000 0.000445871
8007.000000 0.000438232
8008.000000 0.000430601
8009.000000 0.000422979
8010.000000 0.000415366
8011.000000 0.000407827
8012.000000 0.000401788
8013.000000 0.000395754
8014.000000 0.000389725
8015.000000 0.0003837
8016.000000 0.00037768
8017.000000 0.000372812
8018.000000 0.000367948
8019.000000 0.000363087
8020.000000 0.000358229
8021.000000 0.000353418
8022.000000 0.000349495
8023.000000 0.000345573
8024.000000 0.000341655
8025.000000 0.000337737
8026.000000 0.000333823
8027.000000 0.000330598
8028.000000 0.000327376
8029.000000 0.000324154
8030.000000 0.000320935
8031.000000 0.000317678
8032.000000 0.00031496
8033.000000 0.000312245
8034.000000 0.000309532
8035.000000 0.00030682
8036.000000 0.00030411
8037.000000 0.000301823
8038.000000 0.000299536
8039.000000 0.000297251
8040.000000 0.000294968
8041.000000 0.000292685
8042.000000 0.000290733
8043.000000 0.000288783
8044.000000 0.000286833
8045.000000 0.000284885
8046.000000 0.000282939
8047.000000 0.000281252
8048.000000 0.000279566
8049.000000 0.000277881
8050.000000 0.000276198
8051.000000 0.000274591
8052.000000 0.000273187
8053.000000 0.000271784
8054.000000 0.000270381
8055.000000 0.000268978
8056.000000 0.000267576
8057.000000 0.000266333
8058.000000 0.000265091
8059.000000 0.000263849
8060.000000 0.000262607
8061.000000 0.000261227
8062.000000 0.000259973
8063.000000 0.000258721
8064.000000 0.000257471
8065.000000 0.000256222
8066.000000 0.000254974
8067.000000 0.000253826
8068.000000 0.000252678
8069.000000 0.000251533
8070.000000 0.000250389
8071.000000 0.000249377
8072.000000 0.000248442
8073.000000 0.000247506
8074.000000 0.000246571
8075.000000 0.000245636
8076.000000 0.000244701
8077.000000 0.000243825
8078.000000 0.000242948
8079.000000 0.000242072
8080.000000 0.000241196
8081.000000 0.000240278
8082.000000 0.000239405
8083.000000 0.000238532
8084.000000 0.00023766
8085.000000 0.000236788
8086.000000 0.000235916
8087.000000 0.000235078
8088.000000 0.000234239
8089.000000 0.000233402
8090.000000 0.000232565
8091.000000 0.000231667
8092.000000 0.000230793
8093.000000 0.000229919
8094.000000 0.000229047
8095.000000 0.000228176
8096.000000 0.000227305
8097.000000 0.000226451
8098.000000 0.000225598
8099.000000 0.000224745
8100.000000 0.000223893
8101.000000 0.000223142
8102.000000 0.000222399
8103.000000 0.000221657
8104.000000 0.000220915
8105.000000 0.000220174
8106.000000 0.000219432
8107.000000 0.000218694
8108.000000 0.000217957
8109.000000 0.00021722
8110.000000 0.000216483
8111.000000 0.0002157
8112.000000 0.000214917
8113.000000 0.000214134
8114.000000 0.000213353
8115.000000 0.000212571
8116.000000 0.000211791
8117.000000 0.000211007
8118.000000 0.000210224
8119.000000 0.000209442
8120.000000 0.00020866
8121.000000 0.000207861
8122.000000 0.000207057
8123.000000 0.000206254
8124.000000 0.000205452
8125.000000 0.000204649
8126.000000 0.000203849
8127.000000 0.00020304
8128.000000 0.000202233
8129.000000 0.000201426
8130.000000 0.000200619
8131.000000 0.000199821
8132.000000 0.000199014
8133.000000 0.000198208
8134.000000 0.000197402
8135.000000 0.000196597
8136.000000 0.000195792
8137.000000 0.000194979
8138.000000 0.000194164
8139.000000 0.000193352
8140.000000 0.000192539
8141.000000 0.000191716
8142.000000 0.000190882
8143.000000 0.000190048
8144.000000 0.000189216
8145.000000 0.000188384
8146.000000 0.000187553
8147.000000 0.00018671
8148.000000 0.000185869
8149.000000 0.000185028
8150.000000 0.000184187
8151.000000 0.000183391
8152.000000 0.000182581
8153.000000 0.000181773
8154.000000 0.000180964
8155.000000 0.000180157
8156.000000 0.000179349
8157.000000 0.000178529
8158.000000 0.00017771
8159.000000 0.000176891
8160.000000 0.000176073
8161.000000 0.000175163
8162.000000 0.000174242
8163.000000 0.000173323
8164.000000 0.000172405
8165.000000 0.000171489
8166.000000 0.000170573
8167.000000 0.000169647
8168.000000 0.000168722
8169.000000 0.000167799
8170.000000 0.000166877
8171.000000 0.000166053
8172.000000 0.000165218
8173.000000 0.000164383
8174.000000 0.000163549
8175.000000 0.000162714
8176.000000 0.00016188
8177.000000 0.000161035
8178.000000 0.000160191
8179.000000 0.000159347
8180.000000 0.000158503
8181.000000 0.000157657
8182.000000 0.000156801
8183.000000 0.000155946
8184.000000 0.00015509
8185.000000 0.000154235
8186.000000 0.00015338
8187.000000 0.000152517
8188.000000 0.000151654
8189.000000 0.00015079
8190.000000 0.000149928
8191.000000 0.000149015
8192.000000 0.000148095
8193.000000 0.000147176
8194.000000 0.000146259
8195.000000 0.000145341
8196.000000 0.000144425
8197.000000 0.000143503
8198.000000 0.000142581
8199.000000 0.000141661
8200.000000 0.000140741
8201.000000 0.000139843
8202.000000 0.000138939
8203.000000 0.000138036
8204.000000 0.000137134
8205.000000 0.000136232
8206.000000 0.000135331
8207.000000 0.000134426
8208.000000 0.000133522
8209.000000 0.000132618
8210.000000 0.000131715
8211.000000 0.000130833
8212.000000 0.000129948
8213.000000 0.000129062
8214.000000 0.000128178
8215.000000 0.000127294
8216.000000 0.00012641
8217.000000 0.000125524
8218.000000 0.000124639
8219.000000 0.000123754
8220.000000 0.000122869
8221.000000 0.000121913
8222.000000 0.000120957
8223.000000 0.000120002
8224.000000 0.000119049
8225.000000 0.000118098
8226.000000 0.000117147
8227.000000 0.000116199
8228.000000 0.000115253
8229.000000 0.000114307
8230.000000 0.000113364
8231.000000 0.000112481
8232.000000 0.000111601
8233.000000 0.000110721
8234.000000 0.000109841
8235.000000 0.000108963
8236.000000 0.000108085
8237.000000 0.00010721
8238.000000 0.000106336
8239.000000 0.000105463
8240.000000 0.00010459
8241.000000 0.000103699
8242.000000 0.000102814
8243.000000 0.00010193
8244.000000 0.000101047
8245.000000 0.000100164
8246.000000 9.9282e-05
8247.000000 9.8407e-05
8248.000000 9.75331e-05
8249.000000 9.66598e-05
8250.000000 9.57874e-05
8251.000000 9.49284e-05
8252.000000 9.40774e-05
8253.000000 9.32274e-05
8254.000000 9.23776e-05
8255.000000 9.15285e-05
8256.000000 9.06799e-05
8257.000000 8.9841e-05
8258.000000 8.90025e-05
8259.000000 8.81645e-05
8260.000000 8.7327e-05
8261.000000 8.64809e-05
8262.000000 8.56456e-05
8263.000000 8.48113e-05
8264.000000 8.39777e-05
8265.000000 8.31448e-05
8266.000000 8.23125e-05
8267.000000 8.14929e-05
8268.000000 8.06737e-05
8269.000000 7.98556e-05
8270.000000 7.9038e-05
8271.000000 7.82276e-05
8272.000000 7.7431e-05
8273.000000 7.6635e-05
8274.000000 7.58393e-05
8275.000000 7.50446e-05
8276.000000 7.42501e-05
8277.000000 7.34705e-05
8278.000000 7.26918e-05
8279.000000 7.19132e-05
8280.000000 7.11356e-05
8281.000000 7.03574e-05
8282.000000 6.95948e-05
8283.000000 6.88332e-05
