TEFF   3500.  GRAVITY 4.50000 LTE 
TITLE  [-1.5] N(He)/Ntot=0.0784 VTURB=2  L/H=1.25 NOVER                         
 OPACITY IFOP 1 1 1 1 1 1 1 1 1 1 1 1 1 0 1 0 0 0 0 0
 CONVECTION ON   1.25 TURBULENCE OFF  0.00  0.00  0.00  0.00
ABUNDANCE SCALE   0.03162 ABUNDANCE CHANGE 1 0.92150 2 0.07843
 ABUNDANCE CHANGE  3 -10.94  4 -10.64  5  -9.49  6  -3.52  7  -4.12  8  -3.21
 ABUNDANCE CHANGE  9  -7.48 10  -3.96 11  -5.71 12  -4.46 13  -5.57 14  -4.49
 ABUNDANCE CHANGE 15  -6.59 16  -4.71 17  -6.54 18  -5.64 19  -6.92 20  -5.68
 ABUNDANCE CHANGE 21  -8.87 22  -7.02 23  -8.04 24  -6.37 25  -6.65 26  -4.54
 ABUNDANCE CHANGE 27  -7.12 28  -5.79 29  -7.83 30  -7.44 31  -9.16 32  -8.63
 ABUNDANCE CHANGE 33  -9.67 34  -8.63 35  -9.41 36  -8.73 37  -9.44 38  -9.07
 ABUNDANCE CHANGE 39  -9.80 40  -9.44 41 -10.62 42 -10.12 43 -20.00 44 -10.20
 ABUNDANCE CHANGE 45 -10.92 46 -10.35 47 -11.10 48 -10.27 49 -10.38 50 -10.04
 ABUNDANCE CHANGE 51 -11.04 52  -9.80 53 -10.53 54  -9.87 55 -10.91 56  -9.91
 ABUNDANCE CHANGE 57 -10.87 58 -10.46 59 -11.33 60 -10.54 61 -20.00 62 -11.03
 ABUNDANCE CHANGE 63 -11.53 64 -10.92 65 -11.69 66 -10.90 67 -11.78 68 -11.11
 ABUNDANCE CHANGE 69 -12.04 70 -10.96 71 -11.98 72 -11.16 73 -12.17 74 -10.93
 ABUNDANCE CHANGE 75 -11.76 76 -10.59 77 -10.69 78 -10.24 79 -11.03 80 -10.91
 ABUNDANCE CHANGE 81 -11.14 82 -10.09 83 -11.33 84 -20.00 85 -20.00 86 -20.00
 ABUNDANCE CHANGE 87 -20.00 88 -20.00 89 -20.00 90 -11.95 91 -20.00 92 -12.54
 ABUNDANCE CHANGE 93 -20.00 94 -20.00 95 -20.00 96 -20.00 97 -20.00 98 -20.00
 ABUNDANCE CHANGE 99 -20.00
READ DECK6 72 RHOX,T,P,XNE,ABROSS,ACCRAD,VTURB, FLXCNV,VCONV,VELSND
 3.48214419E-04   2207.4 1.101E+01 5.564E+06 3.830E-04 1.420E-03 2.000E+05 0.000E+00 0.000E+00 3.724E+05
 4.52203222E-04   2196.7 1.430E+01 6.860E+06 4.724E-04 1.800E-03 2.000E+05 0.000E+00 0.000E+00 3.638E+05
 5.68541074E-04   2188.9 1.798E+01 8.271E+06 5.472E-04 2.150E-03 2.000E+05 0.000E+00 0.000E+00 3.567E+05
 7.05650885E-04   2177.6 2.231E+01 9.797E+06 6.065E-04 2.467E-03 2.000E+05 0.000E+00 0.000E+00 3.488E+05
 8.72369950E-04   2170.5 2.759E+01 1.165E+07 6.554E-04 2.745E-03 2.000E+05 0.000E+00 0.000E+00 3.425E+05
 1.08032834E-03   2161.6 3.416E+01 1.385E+07 6.932E-04 2.981E-03 2.000E+05 0.000E+00 0.000E+00 3.361E+05
 1.34787659E-03   2161.1 4.262E+01 1.682E+07 7.083E-04 3.060E-03 2.000E+05 0.000E+00 0.000E+00 3.322E+05
 1.69651397E-03   2156.3 5.365E+01 2.044E+07 7.259E-04 3.166E-03 2.000E+05 0.000E+00 0.000E+00 3.274E+05
 2.15038166E-03   2154.1 6.800E+01 2.510E+07 7.431E-04 3.260E-03 2.000E+05 0.000E+00 0.000E+00 3.235E+05
 2.74150499E-03   2151.2 8.669E+01 3.088E+07 7.608E-04 3.358E-03 2.000E+05 0.000E+00 0.000E+00 3.197E+05
 3.51320970E-03   2149.7 1.111E+02 3.819E+07 7.751E-04 3.424E-03 2.000E+05 0.000E+00 0.000E+00 3.166E+05
 4.52697569E-03   2150.5 1.432E+02 4.751E+07 7.848E-04 3.449E-03 2.000E+05 0.000E+00 0.000E+00 3.142E+05
 5.86168389E-03   2151.0 1.854E+02 5.910E+07 7.953E-04 3.474E-03 2.000E+05 0.000E+00 0.000E+00 3.120E+05
 7.61722046E-03   2152.7 2.409E+02 7.362E+07 8.067E-04 3.497E-03 2.000E+05 0.000E+00 0.000E+00 3.103E+05
 9.92458900E-03   2153.9 3.138E+02 9.137E+07 8.185E-04 3.522E-03 2.000E+05 0.000E+00 0.000E+00 3.087E+05
 1.29585131E-02   2158.7 4.098E+02 1.142E+08 8.298E-04 3.520E-03 2.000E+05 0.000E+00 0.000E+00 3.078E+05
 1.69489856E-02   2163.3 5.360E+02 1.423E+08 8.415E-04 3.516E-03 2.000E+05 0.000E+00 0.000E+00 3.071E+05
 2.21919454E-02   2169.4 7.018E+02 1.777E+08 8.547E-04 3.509E-03 2.000E+05 0.000E+00 0.000E+00 3.067E+05
 2.90707888E-02   2176.4 9.193E+02 2.220E+08 8.693E-04 3.500E-03 2.000E+05 0.000E+00 0.000E+00 3.065E+05
 3.80784348E-02   2185.9 1.204E+03 2.789E+08 8.863E-04 3.481E-03 2.000E+05 0.000E+00 0.000E+00 3.068E+05
 4.98545668E-02   2196.9 1.577E+03 3.517E+08 9.044E-04 3.451E-03 2.000E+05 0.000E+00 0.000E+00 3.072E+05
 6.52268662E-02   2209.6 2.063E+03 4.450E+08 9.250E-04 3.417E-03 2.000E+05 0.000E+00 0.000E+00 3.079E+05
 8.52439453E-02   2223.9 2.696E+03 5.654E+08 9.486E-04 3.380E-03 2.000E+05 0.000E+00 0.000E+00 3.088E+05
 1.11223162E-01   2240.3 3.517E+03 7.224E+08 9.764E-04 3.342E-03 2.000E+05 0.000E+00 0.000E+00 3.100E+05
 1.44810967E-01   2259.0 4.579E+03 9.281E+08 1.009E-03 3.303E-03 2.000E+05 0.000E+00 0.000E+00 3.113E+05
 1.88085128E-01   2279.6 5.948E+03 1.197E+09 1.046E-03 3.266E-03 2.000E+05 0.000E+00 0.000E+00 3.128E+05
 2.43745179E-01   2301.0 7.708E+03 1.545E+09 1.085E-03 3.228E-03 2.000E+05 0.000E+00 0.000E+00 3.144E+05
 3.15086644E-01   2327.2 9.964E+03 2.019E+09 1.132E-03 3.190E-03 2.000E+05 0.000E+00 0.000E+00 3.165E+05
 4.05711048E-01   2362.6 1.283E+04 2.708E+09 1.196E-03 3.155E-03 2.000E+05 0.000E+00 0.000E+00 3.193E+05
 5.18683499E-01   2415.7 1.640E+04 3.793E+09 1.294E-03 3.122E-03 2.000E+05 6.640E-05 4.456E+03 3.238E+05
 6.57783546E-01   2466.4 2.080E+04 5.183E+09 1.402E-03 3.095E-03 2.000E+05 1.473E-04 5.387E+03 3.282E+05
 8.28249130E-01   2517.2 2.619E+04 6.983E+09 1.531E-03 3.080E-03 2.000E+05 7.085E-04 8.460E+03 3.327E+05
 1.03644874E+00   2566.8 3.278E+04 9.272E+09 1.672E-03 3.051E-03 2.000E+05 1.054E-03 9.010E+03 3.372E+05
 1.28986979E+00   2616.3 4.079E+04 1.219E+10 1.837E-03 3.036E-03 2.000E+05 1.781E-03 1.004E+04 3.417E+05
 1.59674682E+00   2665.0 5.049E+04 1.586E+10 2.028E-03 3.010E-03 2.000E+05 2.967E-03 1.116E+04 3.462E+05
 1.96572120E+00   2713.9 6.216E+04 2.048E+10 2.259E-03 2.995E-03 2.000E+05 4.362E-03 1.193E+04 3.508E+05
 2.40613109E+00   2761.7 7.609E+04 2.620E+10 2.530E-03 2.993E-03 2.000E+05 5.449E-03 1.211E+04 3.553E+05
 2.92965554E+00   2809.7 9.264E+04 3.330E+10 2.843E-03 2.977E-03 2.000E+05 9.081E-03 1.356E+04 3.598E+05
 3.54815781E+00   2857.2 1.122E+05 4.200E+10 3.222E-03 2.976E-03 2.000E+05 9.583E-03 1.306E+04 3.644E+05
 4.27583425E+00   2903.8 1.352E+05 5.256E+10 3.652E-03 2.961E-03 2.000E+05 1.495E-02 1.437E+04 3.689E+05
 5.13036677E+00   2951.6 1.622E+05 6.552E+10 4.153E-03 2.948E-03 2.000E+05 1.721E-02 1.429E+04 3.735E+05
 6.13155497E+00   2997.5 1.939E+05 8.100E+10 4.731E-03 2.972E-03 2.000E+05 2.092E-02 1.450E+04 3.780E+05
 7.30160475E+00   3045.6 2.309E+05 9.996E+10 5.407E-03 2.999E-03 2.000E+05 2.965E-02 1.554E+04 3.827E+05
 8.66815615E+00   3091.8 2.741E+05 1.225E+11 6.168E-03 3.048E-03 2.000E+05 2.822E-02 1.453E+04 3.872E+05
 1.02604207E+01   3139.7 3.245E+05 1.500E+11 7.079E-03 3.142E-03 2.000E+05 4.703E-02 1.652E+04 3.919E+05
 1.21192927E+01   3187.4 3.832E+05 1.830E+11 8.045E-03 3.194E-03 2.000E+05 4.124E-02 1.503E+04 3.966E+05
 1.43019481E+01   3235.8 4.523E+05 2.232E+11 9.140E-03 3.278E-03 2.000E+05 6.914E-02 1.717E+04 4.013E+05
 1.68561714E+01   3286.2 5.330E+05 2.726E+11 1.044E-02 3.425E-03 2.000E+05 6.740E-02 1.619E+04 4.063E+05
 1.98450846E+01   3335.3 6.276E+05 3.320E+11 1.187E-02 3.596E-03 2.000E+05 9.870E-02 1.767E+04 4.111E+05
 2.33420644E+01   3388.7 7.381E+05 4.066E+11 1.356E-02 3.810E-03 2.000E+05 1.182E-01 1.795E+04 4.165E+05
 2.74214957E+01   3439.2 8.671E+05 4.958E+11 1.550E-02 4.074E-03 2.000E+05 1.455E-01 1.838E+04 4.214E+05
 3.23171448E+01   3496.8 1.022E+06 6.127E+11 1.664E-02 4.119E-03 2.000E+05 2.049E-01 1.989E+04 4.272E+05
 3.86053551E+01   3556.1 1.221E+06 7.680E+11 1.691E-02 4.058E-03 2.000E+05 2.286E-01 1.940E+04 4.330E+05
 4.66234947E+01   3626.4 1.474E+06 9.880E+11 1.848E-02 4.099E-03 2.000E+05 3.508E-01 2.178E+04 4.401E+05
 5.56112059E+01   3689.2 1.759E+06 1.246E+12 2.355E-02 4.272E-03 2.000E+05 3.954E-01 2.112E+04 4.462E+05
 6.49550557E+01   3750.5 2.054E+06 1.544E+12 3.010E-02 4.271E-03 2.000E+05 5.402E-01 2.328E+04 4.524E+05
 7.48130737E+01   3804.7 2.366E+06 1.873E+12 3.756E-02 4.071E-03 2.000E+05 5.844E-01 2.227E+04 4.578E+05
 8.57926224E+01   3861.4 2.713E+06 2.273E+12 4.345E-02 3.610E-03 2.000E+05 7.030E-01 2.375E+04 4.635E+05
 9.83988468E+01   3917.4 3.112E+06 2.755E+12 5.072E-02 3.179E-03 2.000E+05 7.421E-01 2.259E+04 4.690E+05
 1.12753889E+02   3976.3 3.566E+06 3.350E+12 5.954E-02 2.819E-03 2.000E+05 8.166E-01 2.325E+04 4.749E+05
 1.29058294E+02   4034.7 4.081E+06 4.063E+12 6.994E-02 2.525E-03 2.000E+05 8.472E-01 2.221E+04 4.806E+05
 1.47478452E+02   4095.2 4.664E+06 4.932E+12 8.295E-02 2.305E-03 2.000E+05 8.897E-01 2.232E+04 4.866E+05
 1.68158909E+02   4155.1 5.318E+06 5.963E+12 9.862E-02 2.119E-03 2.000E+05 9.107E-01 2.134E+04 4.924E+05
 1.91314617E+02   4216.5 6.050E+06 7.201E+12 1.176E-01 1.967E-03 2.000E+05 9.380E-01 2.148E+04 4.985E+05
 2.17209454E+02   4277.9 6.869E+06 8.667E+12 1.402E-01 1.834E-03 2.000E+05 9.467E-01 2.002E+04 5.044E+05
 2.46163277E+02   4340.3 7.784E+06 1.041E+13 1.673E-01 1.720E-03 2.000E+05 9.663E-01 2.085E+04 5.105E+05
 2.78483375E+02   4403.9 8.806E+06 1.249E+13 2.000E-01 1.615E-03 2.000E+05 9.659E-01 1.848E+04 5.167E+05
 3.14576249E+02   4467.4 9.948E+06 1.492E+13 2.386E-01 1.540E-03 2.000E+05 9.807E-01 2.020E+04 5.227E+05
 3.54852818E+02   4534.1 1.122E+07 1.786E+13 2.851E-01 1.460E-03 2.000E+05 9.773E-01 1.719E+04 5.292E+05
 4.00067807E+02   4599.1 1.265E+07 2.126E+13 3.370E-01 1.396E-03 2.000E+05 9.877E-01 1.915E+04 5.354E+05
 4.50974641E+02   4670.5 1.426E+07 2.549E+13 3.998E-01 1.335E-03 2.000E+05 9.865E-01 1.685E+04 5.423E+05
 5.08469067E+02   4738.7 1.608E+07 3.038E+13 4.702E-01 1.325E-03 2.000E+05 9.901E-01 1.724E+04 5.486E+05
PRADK 1.9593E-01
BEGIN                    ITERATION  15 COMPLETED
