TEFF   5750.  GRAVITY 4.50000 LTE 
TITLE  [0.0] VTURB=2  L/H=1.25 NOVER NEW ODF                                    
 OPACITY IFOP 1 1 1 1 1 1 1 1 1 1 1 1 1 0 1 0 0 0 0 0
 CONVECTION ON   1.25 TURBULENCE OFF  0.00  0.00  0.00  0.00
ABUNDANCE SCALE   1.00000 ABUNDANCE CHANGE 1 0.92040 2 0.07834
 ABUNDANCE CHANGE  3 -10.94  4 -10.64  5  -9.49  6  -3.52  7  -4.12  8  -3.21
 ABUNDANCE CHANGE  9  -7.48 10  -3.96 11  -5.71 12  -4.46 13  -5.57 14  -4.49
 ABUNDANCE CHANGE 15  -6.59 16  -4.71 17  -6.54 18  -5.64 19  -6.92 20  -5.68
 ABUNDANCE CHANGE 21  -8.87 22  -7.02 23  -8.04 24  -6.37 25  -6.65 26  -4.54
 ABUNDANCE CHANGE 27  -7.12 28  -5.79 29  -7.83 30  -7.44 31  -9.16 32  -8.63
 ABUNDANCE CHANGE 33  -9.67 34  -8.63 35  -9.41 36  -8.73 37  -9.44 38  -9.07
 ABUNDANCE CHANGE 39  -9.80 40  -9.44 41 -10.62 42 -10.12 43 -20.00 44 -10.20
 ABUNDANCE CHANGE 45 -10.92 46 -10.35 47 -11.10 48 -10.27 49 -10.38 50 -10.04
 ABUNDANCE CHANGE 51 -11.04 52  -9.80 53 -10.53 54  -9.87 55 -10.91 56  -9.91
 ABUNDANCE CHANGE 57 -10.87 58 -10.46 59 -11.33 60 -10.54 61 -20.00 62 -11.03
 ABUNDANCE CHANGE 63 -11.53 64 -10.92 65 -11.69 66 -10.90 67 -11.78 68 -11.11
 ABUNDANCE CHANGE 69 -12.04 70 -10.96 71 -11.98 72 -11.16 73 -12.17 74 -10.93
 ABUNDANCE CHANGE 75 -11.76 76 -10.59 77 -10.69 78 -10.24 79 -11.03 80 -10.91
 ABUNDANCE CHANGE 81 -11.14 82 -10.09 83 -11.33 84 -20.00 85 -20.00 86 -20.00
 ABUNDANCE CHANGE 87 -20.00 88 -20.00 89 -20.00 90 -11.95 91 -20.00 92 -12.54
 ABUNDANCE CHANGE 93 -20.00 94 -20.00 95 -20.00 96 -20.00 97 -20.00 98 -20.00
 ABUNDANCE CHANGE 99 -20.00
READ DECK6 72 RHOX,T,P,XNE,ABROSS,ACCRAD,VTURB, FLXCNV,VCONV,VELSND
 5.56174690E-04   3628.5 1.759E+01 2.865E+09 2.398E-04 5.536E-02 2.000E+05 0.000E+00 0.000E+00 6.632E+05
 7.25706868E-04   3656.7 2.295E+01 3.681E+09 2.849E-04 6.136E-02 2.000E+05 0.000E+00 0.000E+00 6.569E+05
 9.15709699E-04   3685.1 2.896E+01 4.598E+09 3.394E-04 6.764E-02 2.000E+05 0.000E+00 0.000E+00 6.533E+05
 1.12829120E-03   3715.2 3.568E+01 5.632E+09 4.047E-04 7.353E-02 2.000E+05 0.000E+00 0.000E+00 6.515E+05
 1.36606923E-03   3746.0 4.320E+01 6.798E+09 4.834E-04 7.980E-02 2.000E+05 0.000E+00 0.000E+00 6.508E+05
 1.63114934E-03   3776.3 5.158E+01 8.099E+09 5.782E-04 8.736E-02 2.000E+05 0.000E+00 0.000E+00 6.509E+05
 1.92784729E-03   3805.4 6.096E+01 9.553E+09 6.861E-04 9.466E-02 2.000E+05 0.000E+00 0.000E+00 6.513E+05
 2.27176840E-03   3831.1 7.184E+01 1.121E+10 7.680E-04 9.069E-02 2.000E+05 0.000E+00 0.000E+00 6.518E+05
 2.68046875E-03   3855.7 8.476E+01 1.315E+10 8.639E-04 8.814E-02 2.000E+05 0.000E+00 0.000E+00 6.524E+05
 3.16391029E-03   3879.1 1.001E+02 1.542E+10 9.756E-04 8.673E-02 2.000E+05 0.000E+00 0.000E+00 6.531E+05
 3.73504186E-03   3902.1 1.181E+02 1.807E+10 1.101E-03 8.515E-02 2.000E+05 0.000E+00 0.000E+00 6.540E+05
 4.40889659E-03   3924.6 1.394E+02 2.117E+10 1.246E-03 8.451E-02 2.000E+05 0.000E+00 0.000E+00 6.549E+05
 5.20144236E-03   3947.0 1.645E+02 2.477E+10 1.415E-03 8.464E-02 2.000E+05 0.000E+00 0.000E+00 6.560E+05
 6.13105867E-03   3969.6 1.939E+02 2.897E+10 1.610E-03 8.545E-02 2.000E+05 0.000E+00 0.000E+00 6.700E+05
 7.22069330E-03   3992.8 2.283E+02 3.386E+10 1.831E-03 8.621E-02 2.000E+05 0.000E+00 0.000E+00 6.586E+05
 8.49986477E-03   4016.7 2.688E+02 3.957E+10 2.079E-03 8.660E-02 2.000E+05 0.000E+00 0.000E+00 6.601E+05
 1.00003702E-02   4041.2 3.162E+02 4.623E+10 2.365E-03 8.727E-02 2.000E+05 0.000E+00 0.000E+00 6.617E+05
 1.17605036E-02   4066.8 3.719E+02 5.402E+10 2.687E-03 8.705E-02 2.000E+05 0.000E+00 0.000E+00 6.634E+05
 1.38244551E-02   4092.8 4.372E+02 6.309E+10 3.059E-03 8.718E-02 2.000E+05 0.000E+00 0.000E+00 6.653E+05
 1.62396831E-02   4119.3 5.135E+02 7.366E+10 3.489E-03 8.770E-02 2.000E+05 0.000E+00 0.000E+00 6.672E+05
 1.90610896E-02   4146.3 6.028E+02 8.595E+10 3.986E-03 8.859E-02 2.000E+05 0.000E+00 0.000E+00 6.692E+05
 2.23536549E-02   4174.0 7.069E+02 1.002E+11 4.555E-03 8.970E-02 2.000E+05 0.000E+00 0.000E+00 6.712E+05
 2.62030699E-02   4202.4 8.286E+02 1.169E+11 5.187E-03 9.012E-02 2.000E+05 0.000E+00 0.000E+00 6.734E+05
 3.07068511E-02   4231.1 9.710E+02 1.362E+11 5.916E-03 9.081E-02 2.000E+05 0.000E+00 0.000E+00 6.756E+05
 3.59765267E-02   4260.3 1.138E+03 1.588E+11 6.738E-03 9.106E-02 2.000E+05 0.000E+00 0.000E+00 6.778E+05
 4.21438470E-02   4289.5 1.333E+03 1.850E+11 7.682E-03 9.168E-02 2.000E+05 0.000E+00 0.000E+00 6.800E+05
 4.93533967E-02   4318.5 1.561E+03 2.154E+11 8.768E-03 9.292E-02 2.000E+05 0.000E+00 0.000E+00 6.823E+05
 5.77720550E-02   4347.5 1.827E+03 2.507E+11 1.002E-02 9.478E-02 2.000E+05 0.000E+00 0.000E+00 6.845E+05
 6.75905750E-02   4376.3 2.137E+03 2.915E+11 1.146E-02 9.774E-02 2.000E+05 0.000E+00 0.000E+00 6.866E+05
 7.90264035E-02   4404.9 2.499E+03 3.386E+11 1.313E-02 1.020E-01 2.000E+05 0.000E+00 0.000E+00 6.888E+05
 9.23373470E-02   4433.7 2.920E+03 3.932E+11 1.504E-02 1.070E-01 2.000E+05 0.000E+00 0.000E+00 6.909E+05
 1.07842462E-01   4462.8 3.410E+03 4.563E+11 1.721E-02 1.125E-01 2.000E+05 0.000E+00 0.000E+00 6.931E+05
 1.25927669E-01   4492.2 3.982E+03 5.295E+11 1.967E-02 1.185E-01 2.000E+05 0.000E+00 0.000E+00 6.953E+05
 1.47021823E-01   4522.0 4.649E+03 6.143E+11 2.250E-02 1.257E-01 2.000E+05 0.000E+00 0.000E+00 6.975E+05
 1.71603464E-01   4552.2 5.427E+03 7.127E+11 2.575E-02 1.343E-01 2.000E+05 0.000E+00 0.000E+00 6.997E+05
 2.00294067E-01   4583.7 6.334E+03 8.272E+11 2.935E-02 1.417E-01 2.000E+05 0.000E+00 0.000E+00 7.020E+05
 2.33987653E-01   4616.2 7.399E+03 9.612E+11 3.324E-02 1.463E-01 2.000E+05 0.000E+00 0.000E+00 7.044E+05
 2.73624290E-01   4648.2 8.653E+03 1.117E+12 3.771E-02 1.523E-01 2.000E+05 0.000E+00 0.000E+00 7.067E+05
 3.20175922E-01   4680.0 1.012E+04 1.299E+12 4.284E-02 1.601E-01 2.000E+05 0.000E+00 0.000E+00 7.089E+05
 3.74854796E-01   4712.5 1.185E+04 1.512E+12 4.862E-02 1.693E-01 2.000E+05 0.000E+00 0.000E+00 7.112E+05
 4.39053307E-01   4745.4 1.388E+04 1.760E+12 5.526E-02 1.806E-01 2.000E+05 0.000E+00 0.000E+00 7.135E+05
 5.14334982E-01   4779.5 1.626E+04 2.050E+12 6.290E-02 1.941E-01 2.000E+05 0.000E+00 0.000E+00 7.159E+05
 6.02384665E-01   4815.5 1.905E+04 2.389E+12 7.182E-02 2.119E-01 2.000E+05 0.000E+00 0.000E+00 7.184E+05
 7.05132011E-01   4854.9 2.230E+04 2.788E+12 8.210E-02 2.326E-01 2.000E+05 0.000E+00 0.000E+00 7.212E+05
 8.24957993E-01   4898.8 2.609E+04 3.261E+12 9.390E-02 2.561E-01 2.000E+05 0.000E+00 0.000E+00 7.244E+05
 9.64628774E-01   4948.2 3.050E+04 3.825E+12 1.075E-01 2.830E-01 2.000E+05 0.000E+00 0.000E+00 7.281E+05
 1.12722939E+00   5005.1 3.565E+04 4.503E+12 1.232E-01 3.140E-01 2.000E+05 0.000E+00 0.000E+00 7.324E+05
 1.31620831E+00   5070.9 4.162E+04 5.327E+12 1.415E-01 3.500E-01 2.000E+05 0.000E+00 0.000E+00 7.375E+05
 1.53546181E+00   5147.5 4.856E+04 6.346E+12 1.628E-01 3.914E-01 2.000E+05 0.000E+00 0.000E+00 7.435E+05
 1.78911757E+00   5237.1 5.658E+04 7.635E+12 1.880E-01 4.401E-01 2.000E+05 0.000E+00 0.000E+00 7.505E+05
 2.08093629E+00   5341.6 6.580E+04 9.324E+12 2.189E-01 4.990E-01 2.000E+05 0.000E+00 0.000E+00 7.585E+05
 2.41223745E+00   5465.3 7.628E+04 1.167E+13 2.598E-01 5.801E-01 2.000E+05 0.000E+00 0.000E+00 7.678E+05
 2.77989474E+00   5610.5 8.791E+04 1.514E+13 3.164E-01 6.919E-01 2.000E+05 0.000E+00 0.000E+00 7.781E+05
 3.17554692E+00   5779.5 1.004E+05 2.067E+13 3.999E-01 8.569E-01 2.000E+05 0.000E+00 0.000E+00 7.896E+05
 3.58037027E+00   5979.3 1.132E+05 3.014E+13 5.383E-01 1.143E+00 2.000E+05 0.000E+00 0.000E+00 8.021E+05
 3.97002560E+00   6216.1 1.255E+05 4.732E+13 7.673E-01 1.612E+00 2.000E+05 5.753E-06 5.178E+03 8.156E+05
 4.32321233E+00   6493.2 1.367E+05 7.940E+13 1.165E+00 2.429E+00 2.000E+05 1.103E-03 2.923E+04 8.293E+05
 4.62442758E+00   6818.6 1.462E+05 1.412E+14 1.871E+00 3.820E+00 2.000E+05 1.855E-02 7.352E+04 8.420E+05
 4.86845042E+00   7187.9 1.539E+05 2.583E+14 3.126E+00 5.948E+00 2.000E+05 6.170E-02 1.068E+05 8.523E+05
 5.06555702E+00   7547.7 1.602E+05 4.432E+14 5.049E+00 8.051E+00 2.000E+05 2.241E-01 1.614E+05 8.586E+05
 5.23515616E+00   7855.7 1.655E+05 6.800E+14 7.511E+00 9.033E+00 2.000E+05 4.211E-01 1.955E+05 8.624E+05
 5.39267007E+00   8118.7 1.705E+05 9.584E+14 1.044E+01 8.980E+00 2.000E+05 5.846E-01 2.126E+05 8.652E+05
 5.54746571E+00   8348.5 1.754E+05 1.274E+15 1.387E+01 8.518E+00 2.000E+05 7.034E-01 2.205E+05 8.680E+05
 5.70542666E+00   8557.5 1.804E+05 1.632E+15 1.786E+01 7.965E+00 2.000E+05 7.837E-01 2.225E+05 8.711E+05
 5.87121193E+00   8749.3 1.857E+05 2.031E+15 2.244E+01 7.498E+00 2.000E+05 8.390E-01 2.225E+05 8.745E+05
 6.04825553E+00   8934.3 1.912E+05 2.489E+15 2.786E+01 7.063E+00 2.000E+05 8.774E-01 2.202E+05 8.785E+05
 6.24011623E+00   9108.6 1.973E+05 2.997E+15 3.403E+01 6.651E+00 2.000E+05 9.054E-01 2.174E+05 8.829E+05
 6.44993896E+00   9283.2 2.039E+05 3.590E+15 4.142E+01 6.334E+00 2.000E+05 9.268E-01 2.150E+05 8.880E+05
 6.68113366E+00   9452.1 2.113E+05 4.255E+15 4.988E+01 5.908E+00 2.000E+05 9.418E-01 2.096E+05 8.935E+05
 6.93800659E+00   9619.7 2.194E+05 5.016E+15 5.972E+01 5.658E+00 2.000E+05 9.552E-01 2.087E+05 8.995E+05
 7.22369406E+00   9793.2 2.284E+05 5.916E+15 7.159E+01 5.283E+00 2.000E+05 9.637E-01 2.020E+05 9.063E+05
 7.54435483E+00   9954.4 2.385E+05 6.883E+15 8.440E+01 5.279E+00 2.000E+05 9.699E-01 1.997E+05 9.132E+05
PRADK 1.4597E+00
BEGIN                    ITERATION  15 COMPLETED
