TEFF  10000.  GRAVITY 3.00000     
TITLE   B a s i c A T L A S                                                     
 OPACITY IFOP 1 1 1 1 1 1 1 1 1 1 1 1 1 0 1 0 0 0 0 0
 CONVECTION ON   1.25 TURBULENCE OFF  0.00  0.00  0.00  0.00
ABUNDANCE SCALE   1.00000 ABUNDANCE CHANGE 1 0.91183 2 0.08708
 ABUNDANCE CHANGE  3  -8.78  4 -10.66  5  -9.25  6  -3.54  7  -4.18  8  -3.28
 ABUNDANCE CHANGE  9  -7.48 10  -4.02 11  -5.80 12  -4.44 13  -5.59 14  -4.53
 ABUNDANCE CHANGE 15  -6.58 16  -4.88 17  -6.54 18  -5.64 19  -6.93 20  -5.70
 ABUNDANCE CHANGE 21  -8.89 22  -7.09 23  -8.11 24  -6.40 25  -6.61 26  -4.52
 ABUNDANCE CHANGE 27  -7.05 28  -5.82 29  -7.85 30  -7.48 31  -9.00 32  -8.39
 ABUNDANCE CHANGE 33  -9.74 34  -8.70 35  -9.50 36  -8.79 37  -9.68 38  -9.17
 ABUNDANCE CHANGE 39  -9.83 40  -9.42 41 -10.58 42 -10.16 43 -20.00 44 -10.29
 ABUNDANCE CHANGE 45 -10.98 46 -10.39 47 -10.84 48 -10.33 49 -11.28 50 -10.00
 ABUNDANCE CHANGE 51 -11.03 52  -9.86 53 -10.49 54  -9.80 55 -10.96 56  -9.86
 ABUNDANCE CHANGE 57 -10.94 58 -10.46 59 -11.32 60 -10.62 61 -20.00 62 -11.08
 ABUNDANCE CHANGE 63 -11.52 64 -10.97 65 -11.74 66 -10.94 67 -11.56 68 -11.12
 ABUNDANCE CHANGE 69 -11.94 70 -11.12 71 -11.94 72 -11.17 73 -12.16 74 -11.39
 ABUNDANCE CHANGE 75 -11.78 76 -10.68 77 -10.66 78 -10.42 79 -11.24 80 -10.87
 ABUNDANCE CHANGE 81 -11.27 82 -10.00 83 -11.39 84 -20.00 85 -20.00 86 -20.00
 ABUNDANCE CHANGE 87 -20.00 88 -20.00 89 -20.00 90 -11.96 91 -20.00 92 -12.58
 ABUNDANCE CHANGE 93 -20.00 94 -20.00 95 -20.00 96 -20.00 97 -20.00 98 -20.00
 ABUNDANCE CHANGE 99 -20.00
READ DECK6 72 RHOX,T,P,XNE,ABROSS,ACCRAD,VTURB,         FLXRAD,VCONV,VELSND
 5.65311283E-07   5723.2 5.496E-04 2.916E+08 2.359E-01 2.784E+01 2.000E+05 4.512E+10 0.000E+00 6.101E+07
 7.57120627E-07   5741.8 7.360E-04 3.808E+08 2.279E-01 2.797E+01 2.000E+05 4.512E+10 0.000E+00 5.043E+07
 1.02428631E-06   5751.5 9.957E-04 4.973E+08 2.161E-01 2.803E+01 2.000E+05 4.512E+10 0.000E+00 4.149E+07
 1.39949719E-06   5770.1 1.360E-03 6.551E+08 2.054E-01 2.786E+01 2.000E+05 4.512E+10 6.877E+08 3.442E+07
 1.92843519E-06   5789.3 1.875E-03 8.657E+08 1.940E-01 2.766E+01 2.000E+05 4.512E+10 5.399E+08 2.859E+07
 2.67395692E-06   5815.7 2.600E-03 1.151E+09 1.840E-01 2.746E+01 2.000E+05 4.512E+10 4.347E+08 2.389E+07
 3.72145758E-06   5846.0 3.619E-03 1.536E+09 1.748E-01 2.720E+01 2.000E+05 4.512E+10 3.373E+08 2.002E+07
 5.18559822E-06   5883.1 5.043E-03 2.057E+09 1.675E-01 2.682E+01 2.000E+05 4.512E+10 2.620E+08 1.688E+07
 7.21472127E-06   5925.6 7.018E-03 2.762E+09 1.618E-01 2.639E+01 2.000E+05 4.512E+10 2.003E+08 1.430E+07
 9.99945206E-06   5973.9 9.730E-03 3.713E+09 1.580E-01 2.591E+01 2.000E+05 4.512E+10 1.525E+08 1.218E+07
 1.37821413E-05   6027.0 1.342E-02 4.988E+09 1.559E-01 2.527E+01 2.000E+05 4.512E+10 1.153E+08 1.044E+07
 1.88731476E-05   6083.8 1.838E-02 6.688E+09 1.551E-01 2.457E+01 2.000E+05 4.512E+10 8.684E+07 8.990E+06
 2.56688506E-05   6143.5 2.501E-02 8.937E+09 1.554E-01 2.385E+01 2.000E+05 4.512E+10 6.523E+07 7.784E+06
 3.46822336E-05   6205.2 3.381E-02 1.189E+10 1.567E-01 2.301E+01 2.000E+05 4.512E+10 4.885E+07 6.771E+06
 4.65840266E-05   6267.9 4.545E-02 1.576E+10 1.585E-01 2.209E+01 2.000E+05 4.512E+10 3.650E+07 5.912E+06
 6.22403678E-05   6331.4 6.077E-02 2.078E+10 1.610E-01 2.124E+01 2.000E+05 4.512E+10 2.722E+07 5.180E+06
 8.27622420E-05   6395.2 8.086E-02 2.729E+10 1.640E-01 2.044E+01 2.000E+05 4.512E+10 2.019E+07 4.553E+06
 1.09596158E-04   6458.5 1.072E-01 3.566E+10 1.674E-01 1.970E+01 2.000E+05 4.512E+10 1.482E+07 4.013E+06
 1.44643165E-04   6520.6 1.415E-01 4.638E+10 1.709E-01 1.900E+01 2.000E+05 4.512E+10 1.076E+07 3.546E+06
 1.90391381E-04   6581.4 1.864E-01 6.005E+10 1.747E-01 1.844E+01 2.000E+05 4.512E+10 7.713E+06 3.141E+06
 2.50058392E-04   6641.2 2.450E-01 7.745E+10 1.787E-01 1.799E+01 2.000E+05 4.512E+10 5.465E+06 2.790E+06
 3.27745609E-04   6700.5 3.213E-01 9.957E+10 1.833E-01 1.768E+01 2.000E+05 4.512E+10 3.839E+06 2.486E+06
 4.28458631E-04   6761.1 4.202E-01 1.278E+11 1.891E-01 1.747E+01 2.000E+05 4.512E+10 2.668E+06 2.226E+06
 5.58149321E-04   6823.3 5.477E-01 1.636E+11 1.966E-01 1.739E+01 2.000E+05 4.512E+10 1.815E+06 2.005E+06
 7.23801672E-04   6887.6 7.104E-01 2.090E+11 2.061E-01 1.742E+01 2.000E+05 4.512E+10 3.421E+05 1.818E+06
 9.33499874E-04   6954.1 9.165E-01 2.661E+11 2.181E-01 1.755E+01 2.000E+05 4.512E+10 1.942E+05 1.662E+06
 1.19649387E-03   7023.1 1.175E+00 3.377E+11 2.329E-01 1.774E+01 2.000E+05 4.512E+10 1.121E+05 1.532E+06
 1.52343443E-03   7093.7 1.496E+00 4.266E+11 2.508E-01 1.793E+01 2.000E+05 4.512E+10 6.457E+04 1.425E+06
 1.92697236E-03   7165.6 1.892E+00 5.363E+11 2.717E-01 1.807E+01 2.000E+05 4.512E+10 3.609E+04 1.336E+06
 2.42268533E-03   7235.9 2.379E+00 6.696E+11 2.954E-01 1.830E+01 2.000E+05 4.512E+10 1.902E+04 1.262E+06
 3.03012283E-03   7304.1 2.975E+00 8.304E+11 3.217E-01 1.866E+01 2.000E+05 4.512E+10 9.602E+03 1.200E+06
 3.77306724E-03   7370.4 3.704E+00 1.024E+12 3.511E-01 1.911E+01 2.000E+05 4.512E+10 4.512E+03 1.148E+06
 4.68030231E-03   7434.5 4.594E+00 1.256E+12 3.837E-01 1.969E+01 2.000E+05 4.512E+10 1.783E+03 1.104E+06
 5.78627971E-03   7496.7 5.677E+00 1.532E+12 4.201E-01 2.043E+01 2.000E+05 4.512E+10 4.164E+02 1.068E+06
 7.13151894E-03   7557.6 6.995E+00 1.862E+12 4.612E-01 2.135E+01 2.000E+05 4.512E+10 0.000E+00 1.037E+06
 8.76201761E-03   7619.0 8.589E+00 2.257E+12 5.085E-01 2.241E+01 2.000E+05 4.512E+10 0.000E+00 1.012E+06
 1.07304779E-02   7680.7 1.051E+01 2.728E+12 5.626E-01 2.359E+01 2.000E+05 4.512E+10 0.000E+00 9.924E+05
 1.30986738E-02   7742.7 1.282E+01 3.287E+12 6.246E-01 2.493E+01 2.000E+05 4.512E+10 0.000E+00 9.764E+05
 1.59409758E-02   7803.4 1.559E+01 3.945E+12 6.946E-01 2.650E+01 2.000E+05 4.512E+10 0.000E+00 9.634E+05
 1.93448041E-02   7864.2 1.890E+01 4.721E+12 7.746E-01 2.840E+01 2.000E+05 4.512E+10 0.000E+00 9.530E+05
 2.34060955E-02   7926.3 2.284E+01 5.640E+12 8.678E-01 3.068E+01 2.000E+05 4.512E+10 0.000E+00 9.453E+05
 2.82232076E-02   7992.0 2.751E+01 6.733E+12 9.789E-01 3.348E+01 2.000E+05 4.512E+10 0.000E+00 9.403E+05
 3.38929244E-02   8064.0 3.298E+01 8.041E+12 1.114E+00 3.693E+01 2.000E+05 4.512E+10 0.000E+00 9.383E+05
 4.04958895E-02   8145.9 3.932E+01 9.624E+12 1.283E+00 4.110E+01 2.000E+05 4.512E+10 4.155E+01 9.397E+05
 4.80970494E-02   8239.7 4.659E+01 1.154E+13 1.495E+00 4.608E+01 2.000E+05 4.512E+10 1.226E+02 9.449E+05
 5.67511766E-02   8345.6 5.482E+01 1.384E+13 1.760E+00 5.221E+01 2.000E+05 4.512E+10 1.848E+02 9.538E+05
 6.64941592E-02   8467.2 6.402E+01 1.661E+13 2.097E+00 5.979E+01 2.000E+05 4.512E+10 2.361E+02 9.669E+05
 7.73455204E-02   8607.6 7.417E+01 1.992E+13 2.521E+00 6.909E+01 2.000E+05 4.512E+10 2.727E+02 9.849E+05
 8.93440901E-02   8771.2 8.528E+01 2.384E+13 3.045E+00 8.000E+01 2.000E+05 4.512E+10 2.897E+02 1.009E+06
 1.02614568E-01   8961.6 9.741E+01 2.840E+13 3.658E+00 9.191E+01 2.000E+05 4.512E+10 2.810E+02 1.038E+06
 1.17438942E-01   9181.2 1.108E+02 3.358E+13 4.343E+00 1.045E+02 2.000E+05 4.512E+10 2.487E+02 1.074E+06
 1.34279979E-01   9434.1 1.258E+02 3.931E+13 5.029E+00 1.159E+02 2.000E+05 4.512E+10 1.992E+02 1.116E+06
 1.54018681E-01   9724.1 1.431E+02 4.557E+13 5.621E+00 1.243E+02 2.000E+05 4.512E+10 1.418E+02 1.163E+06
 1.77999731E-01  10055.7 1.640E+02 5.244E+13 6.063E+00 1.294E+02 2.000E+05 4.512E+10 8.848E+01 1.217E+06
 2.08349105E-01  10431.6 1.905E+02 6.027E+13 6.261E+00 1.289E+02 2.000E+05 4.512E+10 4.874E+01 1.280E+06
 2.48118723E-01  10862.1 2.252E+02 6.964E+13 6.296E+00 1.261E+02 2.000E+05 4.509E+10 2.180E+01 1.353E+06
 3.01330128E-01  11339.9 2.718E+02 8.139E+13 6.216E+00 1.229E+02 2.000E+05 4.519E+10 6.508E+00 1.432E+06
 3.74839549E-01  11918.6 3.366E+02 9.659E+13 5.884E+00 1.139E+02 2.000E+05 4.502E+10 0.000E+00 1.515E+06
 4.77473664E-01  12506.9 4.277E+02 1.174E+14 5.674E+00 1.097E+02 2.000E+05 4.524E+10 0.000E+00 1.571E+06
 6.22740637E-01  13274.2 5.577E+02 1.449E+14 5.215E+00 1.006E+02 2.000E+05 4.500E+10 0.000E+00 1.604E+06
 8.28130176E-01  14008.6 7.428E+02 1.836E+14 5.056E+00 9.713E+01 2.000E+05 4.521E+10 0.000E+00 1.608E+06
 1.11634868E+00  14977.2 1.004E+03 2.343E+14 4.704E+00 9.067E+01 2.000E+05 4.507E+10 1.652E+01 1.621E+06
 1.51413203E+00  15870.8 1.366E+03 3.040E+14 4.726E+00 8.966E+01 2.000E+05 4.512E+10 3.340E+01 1.668E+06
 2.05605222E+00  17032.0 1.860E+03 3.903E+14 4.506E+00 8.613E+01 2.000E+05 4.517E+10 0.000E+00 1.774E+06
 2.79302377E+00  18106.2 2.534E+03 5.030E+14 4.544E+00 8.574E+01 2.000E+05 4.502E+10 0.000E+00 1.887E+06
 3.76872090E+00  19455.4 3.426E+03 6.351E+14 4.568E+00 8.571E+01 2.000E+05 4.528E+10 0.000E+00 2.020E+06
 5.07015501E+00  20746.0 4.616E+03 8.036E+14 4.538E+00 8.511E+01 2.000E+05 4.491E+10 0.000E+00 2.117E+06
 6.82984863E+00  22316.6 6.227E+03 1.008E+15 4.452E+00 8.381E+01 2.000E+05 4.538E+10 0.000E+00 2.212E+06
 9.20296489E+00  23853.0 8.403E+03 1.274E+15 4.435E+00 8.272E+01 2.000E+05 4.482E+10 0.000E+00 2.293E+06
 1.24057117E+01  25657.1 1.134E+04 1.599E+15 4.348E+00 8.201E+01 2.000E+05 4.546E+10 0.000E+00 2.381E+06
 1.66092478E+01  27489.6 1.520E+04 1.999E+15 4.574E+00 8.474E+01 2.000E+05 4.475E+10 0.000E+00 2.465E+06
 2.19168354E+01  29530.3 2.005E+04 2.456E+15 4.852E+00 8.448E+01 2.000E+05 4.552E+10 0.000E+00 2.549E+06
PRADK 1.3459E+01
BEGIN                    ITERATION  15 COMPLETED
