TEFF   4000.  GRAVITY 6.00000     
TITLE   B a s i c A T L A S                                                     
 OPACITY IFOP 1 1 1 1 1 1 1 1 1 1 1 1 1 0 1 0 0 0 0 0
 CONVECTION ON   1.25 TURBULENCE OFF  0.00  0.00  0.00  0.00
ABUNDANCE SCALE   1.00000 ABUNDANCE CHANGE 1 0.91183 2 0.08708
 ABUNDANCE CHANGE  3  -8.78  4 -10.66  5  -9.25  6  -3.54  7  -4.18  8  -3.28
 ABUNDANCE CHANGE  9  -7.48 10  -4.02 11  -5.80 12  -4.44 13  -5.59 14  -4.53
 ABUNDANCE CHANGE 15  -6.58 16  -4.88 17  -6.54 18  -5.64 19  -6.93 20  -5.70
 ABUNDANCE CHANGE 21  -8.89 22  -7.09 23  -8.11 24  -6.40 25  -6.61 26  -4.52
 ABUNDANCE CHANGE 27  -7.05 28  -5.82 29  -7.85 30  -7.48 31  -9.00 32  -8.39
 ABUNDANCE CHANGE 33  -9.74 34  -8.70 35  -9.50 36  -8.79 37  -9.68 38  -9.17
 ABUNDANCE CHANGE 39  -9.83 40  -9.42 41 -10.58 42 -10.16 43 -20.00 44 -10.29
 ABUNDANCE CHANGE 45 -10.98 46 -10.39 47 -10.84 48 -10.33 49 -11.28 50 -10.00
 ABUNDANCE CHANGE 51 -11.03 52  -9.86 53 -10.49 54  -9.80 55 -10.96 56  -9.86
 ABUNDANCE CHANGE 57 -10.94 58 -10.46 59 -11.32 60 -10.62 61 -20.00 62 -11.08
 ABUNDANCE CHANGE 63 -11.52 64 -10.97 65 -11.74 66 -10.94 67 -11.56 68 -11.12
 ABUNDANCE CHANGE 69 -11.94 70 -11.12 71 -11.94 72 -11.17 73 -12.16 74 -11.39
 ABUNDANCE CHANGE 75 -11.78 76 -10.68 77 -10.66 78 -10.42 79 -11.24 80 -10.87
 ABUNDANCE CHANGE 81 -11.27 82 -10.00 83 -11.39 84 -20.00 85 -20.00 86 -20.00
 ABUNDANCE CHANGE 87 -20.00 88 -20.00 89 -20.00 90 -11.96 91 -20.00 92 -12.58
 ABUNDANCE CHANGE 93 -20.00 94 -20.00 95 -20.00 96 -20.00 97 -20.00 98 -20.00
 ABUNDANCE CHANGE 99 -20.00
READ DECK6 72 RHOX,T,P,XNE,ABROSS,ACCRAD,VTURB,         FLXRAD,VCONV,VELSND
 1.90384303E-04   2785.4 1.904E+02 2.459E+09 7.004E-04 2.587E-02 2.000E+05 1.155E+09 0.000E+00 4.576E+05
 2.46650356E-04   2801.4 2.466E+02 3.104E+09 8.805E-04 2.690E-02 2.000E+05 1.155E+09 0.000E+00 4.566E+05
 3.07663003E-04   2815.7 3.077E+02 3.802E+09 1.064E-03 2.760E-02 2.000E+05 1.155E+09 0.000E+00 4.559E+05
 3.75827534E-04   2828.5 3.758E+02 4.566E+09 1.257E-03 2.796E-02 2.000E+05 1.155E+09 0.000E+00 4.552E+05
 4.53236696E-04   2841.1 4.532E+02 5.425E+09 1.467E-03 2.834E-02 2.000E+05 1.155E+09 0.000E+00 4.548E+05
 5.42117885E-04   2854.0 5.421E+02 6.406E+09 1.697E-03 2.877E-02 2.000E+05 1.155E+09 0.000E+00 4.545E+05
 6.44871100E-04   2867.3 6.449E+02 7.534E+09 1.952E-03 2.925E-02 2.000E+05 1.155E+09 0.000E+00 4.543E+05
 7.64230807E-04   2881.0 7.642E+02 8.838E+09 2.237E-03 2.975E-02 2.000E+05 1.155E+09 0.000E+00 4.542E+05
 9.03223773E-04   2894.2 9.032E+02 1.034E+10 2.560E-03 3.011E-02 2.000E+05 1.155E+09 0.000E+00 4.541E+05
 1.06577564E-03   2906.9 1.066E+03 1.206E+10 2.908E-03 3.035E-02 2.000E+05 1.155E+09 0.000E+00 4.539E+05
 1.25709279E-03   2918.7 1.257E+03 1.405E+10 3.289E-03 3.055E-02 2.000E+05 1.155E+09 0.000E+00 4.534E+05
 1.48272567E-03   2931.2 1.483E+03 1.638E+10 3.719E-03 3.086E-02 2.000E+05 1.155E+09 0.000E+00 4.531E+05
 1.74879179E-03   2944.2 1.749E+03 1.911E+10 4.206E-03 3.125E-02 2.000E+05 1.155E+09 0.000E+00 4.528E+05
 2.06248471E-03   2957.9 2.062E+03 2.232E+10 4.758E-03 3.170E-02 2.000E+05 1.155E+09 0.000E+00 4.526E+05
 2.43221285E-03   2972.3 2.432E+03 2.608E+10 5.384E-03 3.223E-02 2.000E+05 1.155E+09 0.000E+00 4.525E+05
 2.86785419E-03   2987.5 2.868E+03 3.052E+10 6.092E-03 3.280E-02 2.000E+05 1.155E+09 0.000E+00 4.526E+05
 3.38262383E-03   3002.2 3.383E+03 3.569E+10 6.854E-03 3.325E-02 2.000E+05 1.155E+09 0.000E+00 4.524E+05
 3.99458216E-03   3016.3 3.995E+03 4.172E+10 7.672E-03 3.360E-02 2.000E+05 1.155E+09 0.000E+00 4.521E+05
 4.72321264E-03   3030.2 4.723E+03 4.881E+10 8.600E-03 3.393E-02 2.000E+05 1.155E+09 0.000E+00 4.517E+05
 5.58961649E-03   3044.5 5.590E+03 5.717E+10 9.650E-03 3.434E-02 2.000E+05 1.155E+09 0.000E+00 4.512E+05
 6.61812660E-03   3059.3 6.618E+03 6.704E+10 1.085E-02 3.487E-02 2.000E+05 1.155E+09 0.000E+00 4.508E+05
 7.83619016E-03   3074.6 7.836E+03 7.865E+10 1.223E-02 3.556E-02 2.000E+05 1.155E+09 0.000E+00 4.504E+05
 9.27537621E-03   3090.4 9.275E+03 9.230E+10 1.382E-02 3.635E-02 2.000E+05 1.155E+09 0.000E+00 4.501E+05
 1.09845849E-02   3105.1 1.098E+04 1.082E+11 1.541E-02 3.694E-02 2.000E+05 1.155E+09 0.000E+00 4.495E+05
 1.30366774E-02   3119.1 1.304E+04 1.269E+11 1.709E-02 3.750E-02 2.000E+05 1.155E+09 0.000E+00 4.486E+05
 1.54956517E-02   3133.6 1.550E+04 1.491E+11 1.908E-02 3.837E-02 2.000E+05 1.155E+09 0.000E+00 4.478E+05
 1.84211586E-02   3148.0 1.842E+04 1.751E+11 2.146E-02 3.960E-02 2.000E+05 1.155E+09 0.000E+00 4.468E+05
 2.18793586E-02   3162.2 2.188E+04 2.055E+11 2.428E-02 4.122E-02 2.000E+05 1.155E+09 0.000E+00 4.458E+05
 2.59668669E-02   3175.0 2.597E+04 2.404E+11 2.731E-02 4.294E-02 2.000E+05 1.155E+09 0.000E+00 4.444E+05
 3.08061676E-02   3187.6 3.081E+04 2.811E+11 3.079E-02 4.509E-02 2.000E+05 1.155E+09 0.000E+00 4.430E+05
 3.66152545E-02   3198.6 3.662E+04 3.284E+11 3.371E-02 4.660E-02 2.000E+05 1.155E+09 0.000E+00 4.411E+05
 4.36963026E-02   3209.8 4.370E+04 3.850E+11 3.690E-02 4.840E-02 2.000E+05 1.155E+09 0.000E+00 4.391E+05
 5.22982403E-02   3221.3 5.230E+04 4.524E+11 4.062E-02 5.069E-02 2.000E+05 1.155E+09 0.000E+00 4.371E+05
 6.26936737E-02   3233.4 6.269E+04 5.324E+11 4.492E-02 5.350E-02 2.000E+05 1.155E+09 0.000E+00 4.352E+05
 7.52018201E-02   3246.2 7.520E+04 6.273E+11 4.988E-02 5.683E-02 2.000E+05 1.155E+09 0.000E+00 4.334E+05
 9.01874285E-02   3259.9 9.019E+04 7.396E+11 5.561E-02 6.077E-02 2.000E+05 1.155E+09 0.000E+00 4.318E+05
 1.08181524E-01   3275.4 1.082E+05 8.739E+11 6.142E-02 6.455E-02 2.000E+05 1.155E+09 0.000E+00 4.305E+05
 1.30069977E-01   3294.3 1.301E+05 1.038E+12 6.700E-02 6.772E-02 2.000E+05 1.155E+09 0.000E+00 4.298E+05
 1.56772445E-01   3315.6 1.568E+05 1.240E+12 7.338E-02 7.143E-02 2.000E+05 1.155E+09 0.000E+00 4.296E+05
 1.89377034E-01   3342.1 1.894E+05 1.493E+12 8.004E-02 7.527E-02 2.000E+05 1.155E+09 0.000E+00 4.302E+05
 2.28997041E-01   3376.9 2.290E+05 1.818E+12 8.839E-02 8.048E-02 2.000E+05 1.155E+09 0.000E+00 4.323E+05
 2.76339125E-01   3427.4 2.763E+05 2.254E+12 9.950E-02 8.733E-02 2.000E+05 1.154E+09 3.271E+03 4.372E+05
 3.32304988E-01   3488.9 3.323E+05 2.826E+12 1.124E-01 9.448E-02 2.000E+05 1.153E+09 8.857E+03 4.441E+05
 3.99337761E-01   3541.5 3.993E+05 3.495E+12 1.236E-01 1.015E-01 2.000E+05 1.149E+09 3.330E+03 4.493E+05
 4.79296315E-01   3607.1 4.793E+05 4.386E+12 1.402E-01 1.115E-01 2.000E+05 1.144E+09 1.460E+04 4.566E+05
 5.73012644E-01   3663.7 5.730E+05 5.422E+12 1.600E-01 1.225E-01 2.000E+05 1.134E+09 0.000E+00 4.622E+05
 6.81622404E-01   3727.4 6.816E+05 6.735E+12 1.859E-01 1.364E-01 2.000E+05 1.120E+09 1.837E+04 4.691E+05
 8.05384146E-01   3789.4 8.054E+05 8.301E+12 2.188E-01 1.511E-01 2.000E+05 1.099E+09 1.333E+04 4.757E+05
 9.45266168E-01   3850.6 9.453E+05 1.017E+13 2.586E-01 1.669E-01 2.000E+05 1.070E+09 2.047E+04 4.821E+05
 1.10256444E+00   3915.3 1.103E+06 1.246E+13 3.073E-01 1.825E-01 2.000E+05 1.032E+09 2.019E+04 4.891E+05
 1.27926402E+00   3976.0 1.279E+06 1.512E+13 3.647E-01 1.966E-01 2.000E+05 9.826E+08 2.183E+04 4.954E+05
 1.47621871E+00   4041.9 1.476E+06 1.840E+13 4.394E-01 2.101E-01 2.000E+05 9.221E+08 2.544E+04 5.026E+05
 1.69476989E+00   4104.2 1.695E+06 2.221E+13 5.268E-01 2.190E-01 2.000E+05 8.502E+08 2.306E+04 5.092E+05
 1.93741858E+00   4169.3 1.937E+06 2.683E+13 6.344E-01 2.250E-01 2.000E+05 7.692E+08 2.933E+04 5.162E+05
 2.20531859E+00   4235.8 2.205E+06 3.237E+13 7.667E-01 2.248E-01 2.000E+05 6.800E+08 2.455E+04 5.234E+05
 2.50254624E+00   4299.0 2.503E+06 3.875E+13 9.174E-01 2.204E-01 2.000E+05 5.894E+08 3.168E+04 5.299E+05
 2.83098913E+00   4371.7 2.831E+06 4.691E+13 1.114E+00 2.117E-01 2.000E+05 4.975E+08 2.654E+04 5.380E+05
 3.19642243E+00   4433.4 3.196E+06 5.576E+13 1.321E+00 1.998E-01 2.000E+05 4.133E+08 3.218E+04 5.442E+05
 3.60128935E+00   4513.3 3.601E+06 6.785E+13 1.609E+00 1.885E-01 2.000E+05 3.349E+08 2.896E+04 5.531E+05
 4.05286642E+00   4575.8 4.053E+06 8.035E+13 1.894E+00 1.752E-01 2.000E+05 2.679E+08 3.099E+04 5.592E+05
 4.55463913E+00   4662.2 4.555E+06 9.815E+13 2.310E+00 1.671E-01 2.000E+05 2.102E+08 3.104E+04 5.689E+05
 5.11460236E+00   4728.6 5.115E+06 1.163E+14 2.713E+00 1.550E-01 2.000E+05 1.619E+08 2.893E+04 5.753E+05
 5.73864896E+00   4820.6 5.739E+06 1.422E+14 3.298E+00 1.515E-01 2.000E+05 1.254E+08 3.210E+04 5.855E+05
 6.43567474E+00   4894.4 6.436E+06 1.691E+14 3.879E+00 1.411E-01 2.000E+05 9.496E+07 2.701E+04 5.927E+05
 7.21457157E+00   4991.4 7.215E+06 2.066E+14 4.685E+00 1.421E-01 2.000E+05 7.603E+07 3.198E+04 6.032E+05
 8.08566768E+00   5075.8 8.086E+06 2.474E+14 5.526E+00 1.344E-01 2.000E+05 5.928E+07 2.605E+04 6.117E+05
 9.06171859E+00   5178.8 9.062E+06 3.017E+14 6.627E+00 1.370E-01 2.000E+05 4.980E+07 3.086E+04 6.226E+05
 1.01550869E+01   5276.2 1.016E+07 3.638E+14 7.841E+00 1.338E-01 2.000E+05 4.073E+07 2.623E+04 6.324E+05
 1.13828376E+01   5388.2 1.138E+07 4.437E+14 9.340E+00 1.365E-01 2.000E+05 3.490E+07 2.900E+04 6.441E+05
 1.27639973E+01   5500.6 1.276E+07 5.384E+14 1.103E+01 1.364E-01 2.000E+05 2.949E+07 2.699E+04 6.555E+05
 1.43205546E+01   5626.9 1.432E+07 6.588E+14 1.308E+01 1.394E-01 2.000E+05 2.547E+07 2.705E+04 6.686E+05
 1.60729707E+01   5756.4 1.607E+07 8.041E+14 1.546E+01 1.458E-01 2.000E+05 2.298E+07 2.724E+04 6.817E+05
PRADK 3.3345E-01
BEGIN                    ITERATION  15 COMPLETED
