TEFF   9000.  GRAVITY 6.00000     
TITLE   B a s i c A T L A S                                                     
 OPACITY IFOP 1 1 1 1 1 1 1 1 1 1 1 1 1 0 1 0 0 0 0 0
 CONVECTION ON   1.25 TURBULENCE OFF  0.00  0.00  0.00  0.00
ABUNDANCE SCALE   1.00000 ABUNDANCE CHANGE 1 0.91183 2 0.08708
 ABUNDANCE CHANGE  3  -8.78  4 -10.66  5  -9.25  6  -3.54  7  -4.18  8  -3.28
 ABUNDANCE CHANGE  9  -7.48 10  -4.02 11  -5.80 12  -4.44 13  -5.59 14  -4.53
 ABUNDANCE CHANGE 15  -6.58 16  -4.88 17  -6.54 18  -5.64 19  -6.93 20  -5.70
 ABUNDANCE CHANGE 21  -8.89 22  -7.09 23  -8.11 24  -6.40 25  -6.61 26  -4.52
 ABUNDANCE CHANGE 27  -7.05 28  -5.82 29  -7.85 30  -7.48 31  -9.00 32  -8.39
 ABUNDANCE CHANGE 33  -9.74 34  -8.70 35  -9.50 36  -8.79 37  -9.68 38  -9.17
 ABUNDANCE CHANGE 39  -9.83 40  -9.42 41 -10.58 42 -10.16 43 -20.00 44 -10.29
 ABUNDANCE CHANGE 45 -10.98 46 -10.39 47 -10.84 48 -10.33 49 -11.28 50 -10.00
 ABUNDANCE CHANGE 51 -11.03 52  -9.86 53 -10.49 54  -9.80 55 -10.96 56  -9.86
 ABUNDANCE CHANGE 57 -10.94 58 -10.46 59 -11.32 60 -10.62 61 -20.00 62 -11.08
 ABUNDANCE CHANGE 63 -11.52 64 -10.97 65 -11.74 66 -10.94 67 -11.56 68 -11.12
 ABUNDANCE CHANGE 69 -11.94 70 -11.12 71 -11.94 72 -11.17 73 -12.16 74 -11.39
 ABUNDANCE CHANGE 75 -11.78 76 -10.68 77 -10.66 78 -10.42 79 -11.24 80 -10.87
 ABUNDANCE CHANGE 81 -11.27 82 -10.00 83 -11.39 84 -20.00 85 -20.00 86 -20.00
 ABUNDANCE CHANGE 87 -20.00 88 -20.00 89 -20.00 90 -11.96 91 -20.00 92 -12.58
 ABUNDANCE CHANGE 93 -20.00 94 -20.00 95 -20.00 96 -20.00 97 -20.00 98 -20.00
 ABUNDANCE CHANGE 99 -20.00
READ DECK6 72 RHOX,T,P,XNE,ABROSS,ACCRAD,VTURB,         FLXRAD,VCONV,VELSND
 1.58726779E-05   5746.1 1.587E+01 1.522E+11 8.401E-03 1.151E+01 2.000E+05 2.960E+10 0.000E+00 8.183E+05
 2.08610444E-05   5786.6 2.086E+01 1.925E+11 9.430E-03 1.136E+01 2.000E+05 2.960E+10 0.000E+00 7.956E+05
 2.68167355E-05   5820.5 2.682E+01 2.368E+11 1.049E-02 1.112E+01 2.000E+05 2.960E+10 0.000E+00 7.797E+05
 3.39259759E-05   5855.5 3.393E+01 2.894E+11 1.176E-02 1.089E+01 2.000E+05 2.960E+10 0.000E+00 7.678E+05
 4.23523660E-05   5890.9 4.235E+01 3.513E+11 1.327E-02 1.067E+01 2.000E+05 2.960E+10 0.000E+00 7.590E+05
 5.23014115E-05   5926.2 5.230E+01 4.236E+11 1.500E-02 1.045E+01 2.000E+05 2.960E+10 0.000E+00 7.525E+05
 6.40272073E-05   5961.2 6.403E+01 5.076E+11 1.698E-02 1.024E+01 2.000E+05 2.960E+10 0.000E+00 7.478E+05
 7.78335036E-05   5995.9 7.783E+01 6.051E+11 1.924E-02 1.002E+01 2.000E+05 2.960E+10 0.000E+00 7.444E+05
 9.40838311E-05   6030.0 9.408E+01 7.179E+11 2.179E-02 9.819E+00 2.000E+05 2.960E+10 0.000E+00 7.421E+05
 1.13212235E-04   6063.7 1.132E+02 8.480E+11 2.469E-02 9.641E+00 2.000E+05 2.960E+10 0.000E+00 7.407E+05
 1.35735683E-04   6096.8 1.357E+02 9.981E+11 2.795E-02 9.488E+00 2.000E+05 2.960E+10 0.000E+00 7.400E+05
 1.62275618E-04   6129.2 1.623E+02 1.170E+12 3.162E-02 9.359E+00 2.000E+05 2.960E+10 0.000E+00 7.399E+05
 1.93573325E-04   6161.2 1.936E+02 1.369E+12 3.575E-02 9.257E+00 2.000E+05 2.960E+10 0.000E+00 7.403E+05
 2.30500390E-04   6192.6 2.305E+02 1.596E+12 4.039E-02 9.197E+00 2.000E+05 2.960E+10 0.000E+00 7.409E+05
 2.74084383E-04   6223.7 2.741E+02 1.858E+12 4.563E-02 9.174E+00 2.000E+05 2.960E+10 0.000E+00 7.421E+05
 3.25523756E-04   6254.9 3.255E+02 2.160E+12 5.157E-02 9.192E+00 2.000E+05 2.960E+10 0.000E+00 7.434E+05
 3.86183930E-04   6286.6 3.862E+02 2.510E+12 5.835E-02 9.264E+00 2.000E+05 2.960E+10 0.000E+00 7.450E+05
 4.57635272E-04   6318.8 4.576E+02 2.917E+12 6.610E-02 9.362E+00 2.000E+05 2.960E+10 0.000E+00 7.467E+05
 5.41686060E-04   6352.0 5.417E+02 3.393E+12 7.499E-02 9.484E+00 2.000E+05 2.960E+10 0.000E+00 7.486E+05
 6.40414929E-04   6386.1 6.404E+02 3.947E+12 8.519E-02 9.627E+00 2.000E+05 2.960E+10 0.000E+00 7.507E+05
 7.56212163E-04   6421.3 7.562E+02 4.597E+12 9.693E-02 9.793E+00 2.000E+05 2.960E+10 0.000E+00 7.528E+05
 8.91843025E-04   6457.5 8.918E+02 5.356E+12 1.104E-01 9.979E+00 2.000E+05 2.960E+10 0.000E+00 7.551E+05
 1.05049084E-03   6495.0 1.050E+03 6.246E+12 1.260E-01 1.020E+01 2.000E+05 2.960E+10 0.000E+00 7.574E+05
 1.23576462E-03   6533.7 1.236E+03 7.291E+12 1.440E-01 1.048E+01 2.000E+05 2.960E+10 0.000E+00 7.598E+05
 1.45184856E-03   6573.6 1.452E+03 8.516E+12 1.647E-01 1.077E+01 2.000E+05 2.960E+10 0.000E+00 7.623E+05
 1.70356602E-03   6614.9 1.704E+03 9.956E+12 1.886E-01 1.110E+01 2.000E+05 2.960E+10 0.000E+00 7.647E+05
 1.99648949E-03   6657.0 1.996E+03 1.164E+13 2.163E-01 1.147E+01 2.000E+05 2.960E+10 0.000E+00 7.673E+05
 2.33713992E-03   6700.1 2.337E+03 1.361E+13 2.480E-01 1.187E+01 2.000E+05 2.960E+10 0.000E+00 7.699E+05
 2.73320954E-03   6743.9 2.733E+03 1.591E+13 2.844E-01 1.230E+01 2.000E+05 2.960E+10 0.000E+00 7.725E+05
 3.19390531E-03   6788.1 3.194E+03 1.859E+13 3.260E-01 1.278E+01 2.000E+05 2.960E+10 0.000E+00 7.752E+05
 3.73001372E-03   6832.5 3.730E+03 2.170E+13 3.735E-01 1.335E+01 2.000E+05 2.960E+10 0.000E+00 7.779E+05
 4.35435257E-03   6877.0 4.354E+03 2.530E+13 4.274E-01 1.398E+01 2.000E+05 2.960E+10 0.000E+00 7.807E+05
 5.08234138E-03   6921.4 5.082E+03 2.946E+13 4.885E-01 1.469E+01 2.000E+05 2.960E+10 0.000E+00 7.834E+05
 5.93217602E-03   6965.8 5.932E+03 3.428E+13 5.578E-01 1.549E+01 2.000E+05 2.960E+10 0.000E+00 7.863E+05
 6.92531915E-03   7010.1 6.925E+03 3.985E+13 6.362E-01 1.638E+01 2.000E+05 2.960E+10 0.000E+00 7.892E+05
 8.08715079E-03   7054.5 8.087E+03 4.629E+13 7.248E-01 1.738E+01 2.000E+05 2.960E+10 0.000E+00 7.921E+05
 9.44758619E-03   7098.7 9.447E+03 5.372E+13 8.252E-01 1.853E+01 2.000E+05 2.960E+10 0.000E+00 7.951E+05
 1.10406666E-02   7143.3 1.104E+04 6.235E+13 9.401E-01 1.989E+01 2.000E+05 2.960E+10 0.000E+00 7.981E+05
 1.29047910E-02   7188.9 1.290E+04 7.242E+13 1.072E+00 2.149E+01 2.000E+05 2.960E+10 0.000E+00 8.012E+05
 1.50842801E-02   7235.9 1.508E+04 8.422E+13 1.223E+00 2.334E+01 2.000E+05 2.960E+10 0.000E+00 8.043E+05
 1.76282005E-02   7285.2 1.763E+04 9.817E+13 1.399E+00 2.551E+01 2.000E+05 2.960E+10 0.000E+00 8.074E+05
 2.05895843E-02   7337.5 2.059E+04 1.148E+14 1.605E+00 2.807E+01 2.000E+05 2.960E+10 0.000E+00 8.105E+05
 2.40239345E-02   7394.2 2.402E+04 1.349E+14 1.850E+00 3.114E+01 2.000E+05 2.960E+10 0.000E+00 8.138E+05
 2.79860779E-02   7456.4 2.799E+04 1.595E+14 2.145E+00 3.488E+01 2.000E+05 2.960E+10 0.000E+00 8.170E+05
 3.25263489E-02   7525.9 3.253E+04 1.899E+14 2.506E+00 3.952E+01 2.000E+05 2.960E+10 0.000E+00 8.202E+05
 3.76786155E-02   7605.6 3.768E+04 2.285E+14 2.963E+00 4.550E+01 2.000E+05 2.960E+10 0.000E+00 8.234E+05
 4.34522714E-02   7697.3 4.345E+04 2.783E+14 3.549E+00 5.326E+01 2.000E+05 2.960E+10 0.000E+00 8.267E+05
 4.98308343E-02   7804.1 4.983E+04 3.437E+14 4.318E+00 6.353E+01 2.000E+05 2.960E+10 0.000E+00 8.301E+05
 5.67579542E-02   7930.0 5.676E+04 4.316E+14 5.353E+00 7.752E+01 2.000E+05 2.960E+10 0.000E+00 8.336E+05
 6.41270355E-02   8079.0 6.412E+04 5.525E+14 6.789E+00 9.716E+01 2.000E+05 2.960E+10 0.000E+00 8.373E+05
 7.17640253E-02   8257.5 7.176E+04 7.237E+14 8.868E+00 1.258E+02 2.000E+05 2.960E+10 1.828E+02 8.415E+05
 7.94395030E-02   8469.8 7.943E+04 9.700E+14 1.196E+01 1.687E+02 2.000E+05 2.960E+10 3.107E+03 8.466E+05
 8.68796465E-02   8726.4 8.687E+04 1.337E+15 1.680E+01 2.366E+02 2.000E+05 2.960E+10 8.710E+03 8.532E+05
 9.37807687E-02   9036.7 9.377E+04 1.896E+15 2.473E+01 3.475E+02 2.000E+05 2.958E+10 2.325E+04 8.626E+05
 9.98895868E-02   9408.9 9.988E+04 2.758E+15 3.814E+01 5.331E+02 2.000E+05 2.940E+10 6.511E+04 8.763E+05
 1.05014423E-01   9867.9 1.050E+05 4.140E+15 6.213E+01 8.410E+02 2.000E+05 2.855E+10 1.290E+05 8.978E+05
 1.09171529E-01  10376.5 1.092E+05 6.125E+15 1.005E+02 1.219E+03 2.000E+05 2.603E+10 2.024E+05 9.278E+05
 1.12830541E-01  10796.2 1.128E+05 8.161E+15 1.429E+02 1.390E+03 2.000E+05 2.176E+10 2.839E+05 9.578E+05
 1.16438246E-01  11144.7 1.164E+05 1.013E+16 1.859E+02 1.364E+03 2.000E+05 1.715E+10 3.288E+05 9.861E+05
 1.20263481E-01  11449.9 1.202E+05 1.206E+16 2.273E+02 1.259E+03 2.000E+05 1.328E+10 3.601E+05 1.013E+06
 1.24489300E-01  11752.0 1.245E+05 1.414E+16 2.715E+02 1.145E+03 2.000E+05 1.023E+10 3.814E+05 1.043E+06
 1.29277831E-01  12035.7 1.292E+05 1.625E+16 3.156E+02 1.051E+03 2.000E+05 8.064E+09 3.965E+05 1.072E+06
 1.34790024E-01  12341.0 1.347E+05 1.863E+16 3.644E+02 9.776E+02 2.000E+05 6.468E+09 4.067E+05 1.104E+06
 1.41225534E-01  12636.7 1.412E+05 2.109E+16 4.116E+02 9.515E+02 2.000E+05 5.538E+09 4.179E+05 1.137E+06
 1.48863647E-01  12989.2 1.488E+05 2.402E+16 4.601E+02 9.076E+02 2.000E+05 4.718E+09 4.183E+05 1.178E+06
 1.58088778E-01  13320.9 1.580E+05 2.698E+16 5.033E+02 9.483E+02 2.000E+05 4.520E+09 4.384E+05 1.216E+06
 1.69321109E-01  13811.0 1.692E+05 3.086E+16 5.516E+02 9.375E+02 2.000E+05 4.043E+09 4.219E+05 1.274E+06
 1.83170359E-01  14186.8 1.831E+05 3.442E+16 5.856E+02 1.120E+03 2.000E+05 4.622E+09 4.656E+05 1.315E+06
 2.01238753E-01  15087.7 2.011E+05 3.960E+16 5.819E+02 1.191E+03 2.000E+05 4.880E+09 4.212E+05 1.417E+06
 2.25361959E-01  15647.1 2.252E+05 4.438E+16 5.842E+02 2.091E+03 2.000E+05 8.726E+09 5.107E+05 1.473E+06
 2.66591207E-01  18755.1 2.663E+05 4.823E+16 3.257E+02 2.637E+03 2.000E+05 1.996E+10 2.708E+05 1.742E+06
 3.54498449E-01  21432.7 3.540E+05 5.778E+16 2.434E+02 2.015E+03 2.000E+05 2.088E+10 1.792E+05 1.882E+06
PRADK 8.7608E+00
BEGIN                    ITERATION  15 COMPLETED
