TEFF  10000.  GRAVITY 5.00000     
TITLE   B a s i c A T L A S                                                     
 OPACITY IFOP 1 1 1 1 1 1 1 1 1 1 1 1 1 0 1 0 0 0 0 0
 CONVECTION ON   1.25 TURBULENCE OFF  0.00  0.00  0.00  0.00
ABUNDANCE SCALE   0.10000 ABUNDANCE CHANGE 1 0.91273 2 0.08716
 ABUNDANCE CHANGE  3  -8.78  4 -10.66  5  -9.25  6  -3.54  7  -4.18  8  -3.28
 ABUNDANCE CHANGE  9  -7.48 10  -4.02 11  -5.80 12  -4.44 13  -5.59 14  -4.53
 ABUNDANCE CHANGE 15  -6.58 16  -4.88 17  -6.54 18  -5.64 19  -6.93 20  -5.70
 ABUNDANCE CHANGE 21  -8.89 22  -7.09 23  -8.11 24  -6.40 25  -6.61 26  -4.52
 ABUNDANCE CHANGE 27  -7.05 28  -5.82 29  -7.85 30  -7.48 31  -9.00 32  -8.39
 ABUNDANCE CHANGE 33  -9.74 34  -8.70 35  -9.50 36  -8.79 37  -9.68 38  -9.17
 ABUNDANCE CHANGE 39  -9.83 40  -9.42 41 -10.58 42 -10.16 43 -20.00 44 -10.29
 ABUNDANCE CHANGE 45 -10.98 46 -10.39 47 -10.84 48 -10.33 49 -11.28 50 -10.00
 ABUNDANCE CHANGE 51 -11.03 52  -9.86 53 -10.49 54  -9.80 55 -10.96 56  -9.86
 ABUNDANCE CHANGE 57 -10.94 58 -10.46 59 -11.32 60 -10.62 61 -20.00 62 -11.08
 ABUNDANCE CHANGE 63 -11.52 64 -10.97 65 -11.74 66 -10.94 67 -11.56 68 -11.12
 ABUNDANCE CHANGE 69 -11.94 70 -11.12 71 -11.94 72 -11.17 73 -12.16 74 -11.39
 ABUNDANCE CHANGE 75 -11.78 76 -10.68 77 -10.66 78 -10.42 79 -11.24 80 -10.87
 ABUNDANCE CHANGE 81 -11.27 82 -10.00 83 -11.39 84 -20.00 85 -20.00 86 -20.00
 ABUNDANCE CHANGE 87 -20.00 88 -20.00 89 -20.00 90 -11.96 91 -20.00 92 -12.58
 ABUNDANCE CHANGE 93 -20.00 94 -20.00 95 -20.00 96 -20.00 97 -20.00 98 -20.00
 ABUNDANCE CHANGE 99 -20.00
READ DECK6 72 RHOX,T,P,XNE,ABROSS,ACCRAD,VTURB,         FLXRAD,VCONV,VELSND
 6.98431380E-07   6486.3 6.985E-02 2.648E+10 1.909E-01 1.331E+01 2.000E+05 4.512E+10 0.000E+00 5.156E+06
 9.39495551E-07   6492.5 9.396E-02 3.340E+10 1.780E-01 1.326E+01 2.000E+05 4.512E+10 0.000E+00 4.393E+06
 1.28619227E-06   6497.6 1.286E-01 4.230E+10 1.640E-01 1.315E+01 2.000E+05 4.512E+10 0.000E+00 3.721E+06
 1.78935958E-06   6504.4 1.789E-01 5.387E+10 1.503E-01 1.306E+01 2.000E+05 4.512E+10 9.357E+05 3.143E+06
 2.52547027E-06   6513.0 2.526E-01 6.888E+10 1.371E-01 1.301E+01 2.000E+05 4.512E+10 0.000E+00 2.654E+06
 3.60118390E-06   6523.8 3.601E-01 8.827E+10 1.252E-01 1.299E+01 2.000E+05 4.512E+10 0.000E+00 2.249E+06
 5.16698042E-06   6538.8 5.167E-01 1.135E+11 1.152E-01 1.299E+01 2.000E+05 4.512E+10 0.000E+00 1.919E+06
 7.42564693E-06   6557.6 7.426E-01 1.459E+11 1.071E-01 1.303E+01 2.000E+05 4.512E+10 0.000E+00 1.656E+06
 1.06323685E-05   6582.7 1.063E+00 1.882E+11 1.015E-01 1.313E+01 2.000E+05 4.512E+10 0.000E+00 1.449E+06
 1.51054236E-05   6611.0 1.511E+00 2.418E+11 9.779E-02 1.323E+01 2.000E+05 4.512E+10 0.000E+00 1.287E+06
 2.12321811E-05   6643.6 2.123E+00 3.099E+11 9.613E-02 1.335E+01 2.000E+05 4.512E+10 0.000E+00 1.164E+06
 2.94717154E-05   6678.4 2.947E+00 3.948E+11 9.614E-02 1.350E+01 2.000E+05 4.512E+10 0.000E+00 1.069E+06
 4.03127270E-05   6719.1 4.031E+00 5.023E+11 9.860E-02 1.369E+01 2.000E+05 4.512E+10 0.000E+00 9.969E+05
 5.42868518E-05   6761.8 5.429E+00 6.344E+11 1.028E-01 1.389E+01 2.000E+05 4.512E+10 0.000E+00 9.427E+05
 7.19805686E-05   6807.8 7.198E+00 7.972E+11 1.092E-01 1.415E+01 2.000E+05 4.512E+10 0.000E+00 9.021E+05
 9.40388578E-05   6855.1 9.404E+00 9.942E+11 1.175E-01 1.444E+01 2.000E+05 4.512E+10 0.000E+00 8.715E+05
 1.21199655E-04   6904.1 1.212E+01 1.232E+12 1.280E-01 1.477E+01 2.000E+05 4.512E+10 0.000E+00 8.486E+05
 1.54299816E-04   6953.7 1.543E+01 1.516E+12 1.406E-01 1.515E+01 2.000E+05 4.512E+10 0.000E+00 8.314E+05
 1.94354610E-04   7003.2 1.944E+01 1.852E+12 1.554E-01 1.559E+01 2.000E+05 4.512E+10 0.000E+00 8.184E+05
 2.42568396E-04   7052.6 2.426E+01 2.249E+12 1.725E-01 1.608E+01 2.000E+05 4.512E+10 0.000E+00 8.086E+05
 3.00381341E-04   7101.7 3.004E+01 2.714E+12 1.922E-01 1.662E+01 2.000E+05 4.512E+10 0.000E+00 8.013E+05
 3.69425676E-04   7151.3 3.694E+01 3.262E+12 2.150E-01 1.721E+01 2.000E+05 4.512E+10 0.000E+00 7.959E+05
 4.51694857E-04   7199.7 4.517E+01 3.899E+12 2.406E-01 1.784E+01 2.000E+05 4.512E+10 0.000E+00 7.920E+05
 5.49770399E-04   7246.5 5.497E+01 4.633E+12 2.690E-01 1.852E+01 2.000E+05 4.512E+10 0.000E+00 7.891E+05
 6.66901496E-04   7291.1 6.669E+01 5.475E+12 3.000E-01 1.923E+01 2.000E+05 4.512E+10 0.000E+00 7.869E+05
 8.07228883E-04   7333.1 8.072E+01 6.434E+12 3.333E-01 2.000E+01 2.000E+05 4.512E+10 0.000E+00 7.853E+05
 9.76091654E-04   7371.9 9.760E+01 7.519E+12 3.685E-01 2.084E+01 2.000E+05 4.512E+10 0.000E+00 7.840E+05
 1.17988551E-03   7409.4 1.180E+02 8.765E+12 4.070E-01 2.179E+01 2.000E+05 4.512E+10 0.000E+00 7.830E+05
 1.42620661E-03   7445.3 1.426E+02 1.019E+13 4.487E-01 2.285E+01 2.000E+05 4.512E+10 0.000E+00 7.824E+05
 1.72413269E-03   7480.8 1.724E+02 1.183E+13 4.949E-01 2.403E+01 2.000E+05 4.512E+10 0.000E+00 7.821E+05
 2.08390739E-03   7517.0 2.084E+02 1.375E+13 5.472E-01 2.536E+01 2.000E+05 4.512E+10 0.000E+00 7.822E+05
 2.51707848E-03   7554.5 2.517E+02 1.598E+13 6.070E-01 2.682E+01 2.000E+05 4.512E+10 0.000E+00 7.826E+05
 3.03736660E-03   7592.9 3.037E+02 1.858E+13 6.749E-01 2.843E+01 2.000E+05 4.512E+10 0.000E+00 7.834E+05
 3.65910009E-03   7634.9 3.658E+02 2.167E+13 7.556E-01 3.024E+01 2.000E+05 4.512E+10 0.000E+00 7.846E+05
 4.39996554E-03   7676.1 4.399E+02 2.520E+13 8.443E-01 3.216E+01 2.000E+05 4.512E+10 0.000E+00 7.860E+05
 5.28493078E-03   7716.3 5.284E+02 2.924E+13 9.418E-01 3.427E+01 2.000E+05 4.512E+10 0.000E+00 7.874E+05
 6.34357416E-03   7756.0 6.342E+02 3.387E+13 1.049E+00 3.661E+01 2.000E+05 4.512E+10 0.000E+00 7.890E+05
 7.61009831E-03   7796.2 7.608E+02 3.923E+13 1.170E+00 3.927E+01 2.000E+05 4.512E+10 0.000E+00 7.907E+05
 9.12340697E-03   7837.7 9.121E+02 4.547E+13 1.308E+00 4.233E+01 2.000E+05 4.512E+10 0.000E+00 7.926E+05
 1.09236311E-02   7883.0 1.092E+03 5.288E+13 1.471E+00 4.597E+01 2.000E+05 4.512E+10 0.000E+00 7.948E+05
 1.30508967E-02   7933.3 1.305E+03 6.176E+13 1.666E+00 5.035E+01 2.000E+05 4.512E+10 0.000E+00 7.973E+05
 1.55466926E-02   7988.5 1.554E+03 7.237E+13 1.900E+00 5.558E+01 2.000E+05 4.512E+10 0.000E+00 8.003E+05
 1.84522335E-02   8050.3 1.844E+03 8.523E+13 2.186E+00 6.198E+01 2.000E+05 4.512E+10 0.000E+00 8.036E+05
 2.18030350E-02   8119.7 2.179E+03 1.009E+14 2.540E+00 6.992E+01 2.000E+05 4.512E+10 0.000E+00 8.075E+05
 2.56188103E-02   8200.9 2.561E+03 1.205E+14 2.998E+00 8.005E+01 2.000E+05 4.512E+10 0.000E+00 8.120E+05
 2.99000388E-02   8293.9 2.988E+03 1.451E+14 3.589E+00 9.306E+01 2.000E+05 4.512E+10 0.000E+00 8.174E+05
 3.46256098E-02   8402.6 3.460E+03 1.764E+14 4.377E+00 1.103E+02 2.000E+05 4.512E+10 0.000E+00 8.238E+05
 3.97391740E-02   8529.5 3.971E+03 2.169E+14 5.450E+00 1.336E+02 2.000E+05 4.512E+10 4.443E+02 8.315E+05
 4.51534312E-02   8678.0 4.512E+03 2.696E+14 6.945E+00 1.658E+02 2.000E+05 4.512E+10 9.972E+02 8.410E+05
 5.07451314E-02   8854.5 5.070E+03 3.399E+14 9.087E+00 2.108E+02 2.000E+05 4.512E+10 1.625E+03 8.532E+05
 5.63728651E-02   9060.6 5.631E+03 4.333E+14 1.219E+01 2.748E+02 2.000E+05 4.512E+10 2.511E+03 8.686E+05
 6.18935750E-02   9302.5 6.181E+03 5.582E+14 1.678E+01 3.679E+02 2.000E+05 4.512E+10 4.163E+03 8.888E+05
 6.72008399E-02   9584.3 6.710E+03 7.235E+14 2.342E+01 4.981E+02 2.000E+05 4.511E+10 7.789E+03 9.152E+05
 7.22427135E-02   9910.4 7.211E+03 9.378E+14 3.295E+01 6.829E+02 2.000E+05 4.511E+10 1.611E+04 9.500E+05
 7.70538947E-02  10286.6 7.688E+03 1.205E+15 4.560E+01 9.220E+02 2.000E+05 4.512E+10 3.368E+04 9.956E+05
 8.17360321E-02  10728.6 8.152E+03 1.524E+15 6.124E+01 1.211E+03 2.000E+05 4.506E+10 5.918E+04 1.056E+06
 8.65773547E-02  11209.0 8.629E+03 1.850E+15 7.621E+01 1.501E+03 2.000E+05 4.519E+10 7.896E+04 1.126E+06
 9.20707289E-02  11818.2 9.170E+03 2.175E+15 8.429E+01 1.639E+03 2.000E+05 4.502E+10 6.018E+04 1.214E+06
 9.90995169E-02  12417.6 9.861E+03 2.432E+15 8.318E+01 1.621E+03 2.000E+05 4.521E+10 3.026E+04 1.294E+06
 1.09311476E-01  13219.6 1.087E+04 2.676E+15 7.172E+01 1.402E+03 2.000E+05 4.503E+10 8.557E+03 1.393E+06
 1.25186684E-01  13967.4 1.243E+04 2.974E+15 6.173E+01 1.194E+03 2.000E+05 4.517E+10 2.567E+03 1.480E+06
 1.50542418E-01  14959.7 1.494E+04 3.393E+15 5.020E+01 9.778E+02 2.000E+05 4.511E+10 6.395E+02 1.581E+06
 1.89882558E-01  15858.3 1.884E+04 4.068E+15 4.547E+01 8.647E+02 2.000E+05 4.510E+10 1.882E+02 1.637E+06
 2.48475725E-01  17025.4 2.465E+04 5.007E+15 4.040E+01 7.743E+02 2.000E+05 4.518E+10 3.565E+02 1.678E+06
 3.31371517E-01  18099.8 3.288E+04 6.342E+15 4.006E+01 7.521E+02 2.000E+05 4.502E+10 6.450E+02 1.723E+06
 4.44492277E-01  19447.5 4.411E+04 8.017E+15 3.858E+01 7.296E+02 2.000E+05 4.525E+10 7.073E+02 1.809E+06
 5.96459908E-01  20739.9 5.919E+04 1.017E+16 3.946E+01 7.364E+02 2.000E+05 4.494E+10 0.000E+00 1.913E+06
 7.98819459E-01  22303.9 7.928E+04 1.275E+16 3.872E+01 7.272E+02 2.000E+05 4.533E+10 0.000E+00 2.056E+06
 1.06646914E+00  23846.0 1.059E+05 1.596E+16 4.008E+01 7.468E+02 2.000E+05 4.486E+10 0.000E+00 2.184E+06
 1.41499952E+00  25646.2 1.404E+05 1.973E+16 4.064E+01 7.604E+02 2.000E+05 4.542E+10 0.000E+00 2.311E+06
 1.86487238E+00  27484.7 1.851E+05 2.428E+16 4.273E+01 7.916E+02 2.000E+05 4.479E+10 0.000E+00 2.416E+06
 2.43684521E+00  29524.9 2.418E+05 2.954E+16 4.473E+01 7.764E+02 2.000E+05 4.548E+10 0.000E+00 2.517E+06
PRADK 1.3493E+01
BEGIN                    ITERATION  15 COMPLETED
