TEFF   4000.  GRAVITY 2.00000     
TITLE   B a s i c A T L A S                                                     
 OPACITY IFOP 1 1 1 1 1 1 1 1 1 1 1 1 1 0 1 0 0 0 0 0
 CONVECTION ON   1.25 TURBULENCE OFF  0.00  0.00  0.00  0.00
ABUNDANCE SCALE   0.10000 ABUNDANCE CHANGE 1 0.91273 2 0.08716
 ABUNDANCE CHANGE  3  -8.78  4 -10.66  5  -9.25  6  -3.54  7  -4.18  8  -3.28
 ABUNDANCE CHANGE  9  -7.48 10  -4.02 11  -5.80 12  -4.44 13  -5.59 14  -4.53
 ABUNDANCE CHANGE 15  -6.58 16  -4.88 17  -6.54 18  -5.64 19  -6.93 20  -5.70
 ABUNDANCE CHANGE 21  -8.89 22  -7.09 23  -8.11 24  -6.40 25  -6.61 26  -4.52
 ABUNDANCE CHANGE 27  -7.05 28  -5.82 29  -7.85 30  -7.48 31  -9.00 32  -8.39
 ABUNDANCE CHANGE 33  -9.74 34  -8.70 35  -9.50 36  -8.79 37  -9.68 38  -9.17
 ABUNDANCE CHANGE 39  -9.83 40  -9.42 41 -10.58 42 -10.16 43 -20.00 44 -10.29
 ABUNDANCE CHANGE 45 -10.98 46 -10.39 47 -10.84 48 -10.33 49 -11.28 50 -10.00
 ABUNDANCE CHANGE 51 -11.03 52  -9.86 53 -10.49 54  -9.80 55 -10.96 56  -9.86
 ABUNDANCE CHANGE 57 -10.94 58 -10.46 59 -11.32 60 -10.62 61 -20.00 62 -11.08
 ABUNDANCE CHANGE 63 -11.52 64 -10.97 65 -11.74 66 -10.94 67 -11.56 68 -11.12
 ABUNDANCE CHANGE 69 -11.94 70 -11.12 71 -11.94 72 -11.17 73 -12.16 74 -11.39
 ABUNDANCE CHANGE 75 -11.78 76 -10.68 77 -10.66 78 -10.42 79 -11.24 80 -10.87
 ABUNDANCE CHANGE 81 -11.27 82 -10.00 83 -11.39 84 -20.00 85 -20.00 86 -20.00
 ABUNDANCE CHANGE 87 -20.00 88 -20.00 89 -20.00 90 -11.96 91 -20.00 92 -12.58
 ABUNDANCE CHANGE 93 -20.00 94 -20.00 95 -20.00 96 -20.00 97 -20.00 98 -20.00
 ABUNDANCE CHANGE 99 -20.00
READ DECK6 72 RHOX,T,P,XNE,ABROSS,ACCRAD,VTURB,         FLXRAD,VCONV,VELSND
 8.62168209E-03   2242.1 8.622E-01 1.544E+06 1.547E-05 9.165E-04 2.000E+05 1.155E+09 0.000E+00 4.538E+05
 1.14052928E-02   2261.9 1.141E+00 2.034E+06 1.649E-05 8.978E-04 2.000E+05 1.155E+09 0.000E+00 4.450E+05
 1.48811084E-02   2280.9 1.488E+00 2.644E+06 1.764E-05 8.766E-04 2.000E+05 1.155E+09 0.000E+00 4.389E+05
 1.92114392E-02   2300.0 1.921E+00 3.406E+06 1.889E-05 8.495E-04 2.000E+05 1.155E+09 0.000E+00 4.348E+05
 2.45982348E-02   2318.6 2.460E+00 4.351E+06 2.022E-05 8.179E-04 2.000E+05 1.155E+09 0.000E+00 4.320E+05
 3.13678765E-02   2338.7 3.137E+00 5.550E+06 2.131E-05 7.828E-04 2.000E+05 1.155E+09 0.000E+00 4.307E+05
 3.99052023E-02   2358.2 3.991E+00 7.057E+06 2.259E-05 7.450E-04 2.000E+05 1.155E+09 0.000E+00 4.297E+05
 5.06827473E-02   2379.7 5.068E+00 8.987E+06 2.376E-05 7.047E-04 2.000E+05 1.155E+09 0.000E+00 4.298E+05
 6.43872186E-02   2403.1 6.439E+00 1.148E+07 2.491E-05 6.620E-04 2.000E+05 1.155E+09 0.000E+00 4.307E+05
 8.17308906E-02   2426.1 8.173E+00 1.464E+07 2.638E-05 6.178E-04 2.000E+05 1.155E+09 0.000E+00 4.317E+05
 1.03642167E-01   2450.1 1.036E+01 1.869E+07 2.773E-05 5.753E-04 2.000E+05 1.155E+09 0.000E+00 4.331E+05
 1.31370631E-01   2474.1 1.314E+01 2.385E+07 2.928E-05 5.356E-04 2.000E+05 1.155E+09 0.000E+00 4.346E+05
 1.66432791E-01   2499.9 1.664E+01 3.051E+07 3.085E-05 4.989E-04 2.000E+05 1.155E+09 0.000E+00 4.366E+05
 2.10661512E-01   2526.7 2.107E+01 3.908E+07 3.272E-05 4.644E-04 2.000E+05 1.155E+09 0.000E+00 4.389E+05
 2.66169165E-01   2553.7 2.662E+01 5.002E+07 3.481E-05 4.332E-04 2.000E+05 1.155E+09 0.000E+00 4.413E+05
 3.35781071E-01   2580.8 3.358E+01 6.397E+07 3.700E-05 4.057E-04 2.000E+05 1.155E+09 0.000E+00 4.437E+05
 4.22885828E-01   2608.3 4.229E+01 8.178E+07 3.953E-05 3.821E-04 2.000E+05 1.155E+09 0.000E+00 4.462E+05
 5.31415250E-01   2637.2 5.315E+01 1.047E+08 4.238E-05 3.613E-04 2.000E+05 1.155E+09 0.000E+00 4.491E+05
 6.65958896E-01   2667.0 6.661E+01 1.342E+08 4.571E-05 3.434E-04 2.000E+05 1.155E+09 0.000E+00 4.521E+05
 8.32301038E-01   2697.0 8.324E+01 1.717E+08 4.927E-05 3.279E-04 2.000E+05 1.155E+09 0.000E+00 4.552E+05
 1.03826002E+00   2727.5 1.038E+02 2.197E+08 5.306E-05 3.150E-04 2.000E+05 1.155E+09 0.000E+00 4.583E+05
 1.29263600E+00   2759.5 1.293E+02 2.820E+08 5.745E-05 3.054E-04 2.000E+05 1.155E+09 0.000E+00 4.617E+05
 1.60473304E+00   2793.8 1.605E+02 3.636E+08 6.265E-05 2.995E-04 2.000E+05 1.155E+09 0.000E+00 4.657E+05
 1.98637135E+00   2829.0 1.987E+02 4.693E+08 6.826E-05 2.944E-04 2.000E+05 1.155E+09 0.000E+00 4.698E+05
 2.45336992E+00   2865.2 2.454E+02 6.068E+08 7.448E-05 2.910E-04 2.000E+05 1.155E+09 0.000E+00 4.741E+05
 3.02169382E+00   2903.5 3.023E+02 7.883E+08 8.197E-05 2.910E-04 2.000E+05 1.155E+09 0.000E+00 4.789E+05
 3.70457729E+00   2942.4 3.706E+02 1.022E+09 9.174E-05 2.956E-04 2.000E+05 1.155E+09 0.000E+00 4.838E+05
 4.51461326E+00   2980.6 4.516E+02 1.317E+09 1.035E-04 3.022E-04 2.000E+05 1.155E+09 0.000E+00 4.886E+05
 5.46872509E+00   3018.0 5.470E+02 1.685E+09 1.176E-04 3.102E-04 2.000E+05 1.155E+09 0.000E+00 4.931E+05
 6.57473814E+00   3053.9 6.576E+02 2.132E+09 1.367E-04 3.239E-04 2.000E+05 1.155E+09 0.000E+00 4.975E+05
 7.84654499E+00   3087.2 7.848E+02 2.659E+09 1.581E-04 3.391E-04 2.000E+05 1.155E+09 0.000E+00 5.012E+05
 9.31708983E+00   3118.1 9.318E+02 3.278E+09 1.820E-04 3.563E-04 2.000E+05 1.155E+09 0.000E+00 5.044E+05
 1.10185338E+01   3146.7 1.102E+03 3.997E+09 2.102E-04 3.772E-04 2.000E+05 1.155E+09 0.000E+00 5.071E+05
 1.29749911E+01   3173.2 1.298E+03 4.822E+09 2.447E-04 4.029E-04 2.000E+05 1.155E+09 0.000E+00 5.094E+05
 1.52136103E+01   3197.7 1.521E+03 5.762E+09 2.852E-04 4.335E-04 2.000E+05 1.155E+09 0.000E+00 5.112E+05
 1.77832685E+01   3220.6 1.778E+03 6.832E+09 3.301E-04 4.678E-04 2.000E+05 1.155E+09 0.000E+00 5.127E+05
 2.07520162E+01   3242.6 2.075E+03 8.065E+09 3.802E-04 5.067E-04 2.000E+05 1.155E+09 0.000E+00 5.139E+05
 2.41953849E+01   3264.3 2.420E+03 9.498E+09 4.365E-04 5.511E-04 2.000E+05 1.155E+09 0.000E+00 5.151E+05
 2.82000345E+01   3286.2 2.820E+03 1.118E+10 5.002E-04 6.021E-04 2.000E+05 1.155E+09 0.000E+00 5.163E+05
 3.28557490E+01   3308.9 3.286E+03 1.317E+10 5.742E-04 6.619E-04 2.000E+05 1.155E+09 0.000E+00 5.176E+05
 3.82211555E+01   3333.1 3.822E+03 1.557E+10 6.697E-04 7.362E-04 2.000E+05 1.155E+09 0.000E+00 5.193E+05
 4.43543173E+01   3359.2 4.435E+03 1.844E+10 7.813E-04 8.221E-04 2.000E+05 1.155E+09 0.000E+00 5.213E+05
 5.13620432E+01   3387.6 5.136E+03 2.192E+10 9.122E-04 9.224E-04 2.000E+05 1.155E+09 0.000E+00 5.239E+05
 5.93511587E+01   3419.9 5.935E+03 2.626E+10 1.070E-03 1.042E-03 2.000E+05 1.155E+09 0.000E+00 5.272E+05
 6.84045712E+01   3457.5 6.840E+03 3.180E+10 1.264E-03 1.186E-03 2.000E+05 1.155E+09 0.000E+00 5.316E+05
 7.85429892E+01   3500.5 7.854E+03 3.885E+10 1.517E-03 1.363E-03 2.000E+05 1.155E+09 0.000E+00 5.372E+05
 8.97372660E+01   3550.2 8.974E+03 4.795E+10 1.842E-03 1.580E-03 2.000E+05 1.155E+09 0.000E+00 5.442E+05
 1.01971425E+02   3607.6 1.020E+04 5.977E+10 2.259E-03 1.845E-03 2.000E+05 1.155E+09 0.000E+00 5.529E+05
 1.15177077E+02   3673.6 1.152E+04 7.513E+10 2.809E-03 2.167E-03 2.000E+05 1.155E+09 0.000E+00 5.635E+05
 1.29291824E+02   3749.1 1.293E+04 9.496E+10 3.512E-03 2.551E-03 2.000E+05 1.155E+09 0.000E+00 5.761E+05
 1.44352083E+02   3835.1 1.444E+04 1.203E+11 4.385E-03 2.996E-03 2.000E+05 1.155E+09 0.000E+00 5.907E+05
 1.60474335E+02   3932.6 1.605E+04 1.521E+11 5.440E-03 3.492E-03 2.000E+05 1.155E+09 0.000E+00 6.072E+05
 1.77921073E+02   4042.9 1.779E+04 1.909E+11 6.653E-03 4.019E-03 2.000E+05 1.155E+09 0.000E+00 6.250E+05
 1.97122002E+02   4167.4 1.971E+04 2.376E+11 7.997E-03 4.567E-03 2.000E+05 1.155E+09 0.000E+00 6.437E+05
 2.18646295E+02   4307.7 2.186E+04 2.940E+11 9.430E-03 5.111E-03 2.000E+05 1.155E+09 0.000E+00 6.628E+05
 2.42996962E+02   4465.8 2.430E+04 3.681E+11 1.114E-02 5.775E-03 2.000E+05 1.155E+09 0.000E+00 6.818E+05
 2.69940561E+02   4644.9 2.699E+04 4.907E+11 1.383E-02 6.908E-03 2.000E+05 1.155E+09 1.620E+03 7.009E+05
 2.97347332E+02   4847.8 2.973E+04 7.475E+11 1.931E-02 9.359E-03 2.000E+05 1.154E+09 9.221E+03 7.199E+05
 3.21793358E+02   5077.5 3.218E+04 1.329E+12 3.082E-02 1.463E-02 2.000E+05 1.148E+09 3.508E+04 7.390E+05
 3.41068379E+02   5343.2 3.411E+04 2.683E+12 5.456E-02 2.514E-02 2.000E+05 1.119E+09 7.392E+04 7.589E+05
 3.55281302E+02   5631.7 3.553E+04 5.615E+12 9.949E-02 4.219E-02 2.000E+05 1.028E+09 1.121E+05 7.779E+05
 3.65872149E+02   5915.6 3.658E+04 1.106E+13 1.731E-01 6.042E-02 2.000E+05 8.442E+08 1.691E+05 7.939E+05
 3.74411761E+02   6163.2 3.744E+04 1.913E+13 2.725E-01 6.956E-02 2.000E+05 6.152E+08 2.067E+05 8.055E+05
 3.81981390E+02   6372.9 3.819E+04 2.956E+13 3.936E-01 7.185E-02 2.000E+05 4.375E+08 2.263E+05 8.135E+05
 3.89157959E+02   6561.2 3.891E+04 4.278E+13 5.409E-01 7.187E-02 2.000E+05 3.175E+08 2.355E+05 8.190E+05
 3.96272409E+02   6731.0 3.962E+04 5.874E+13 7.147E-01 7.140E-02 2.000E+05 2.384E+08 2.395E+05 8.229E+05
 4.03525006E+02   6893.0 4.035E+04 7.844E+13 9.266E-01 7.133E-02 2.000E+05 1.837E+08 2.425E+05 8.256E+05
 4.11049135E+02   7048.2 4.110E+04 1.023E+14 1.182E+00 7.016E-02 2.000E+05 1.416E+08 2.419E+05 8.276E+05
 4.18961250E+02   7198.5 4.189E+04 1.310E+14 1.491E+00 6.899E-02 2.000E+05 1.104E+08 2.406E+05 8.290E+05
 4.27358345E+02   7346.3 4.273E+04 1.657E+14 1.868E+00 6.831E-02 2.000E+05 8.724E+07 2.402E+05 8.301E+05
 4.36310337E+02   7494.1 4.362E+04 2.077E+14 2.331E+00 6.613E-02 2.000E+05 6.766E+07 2.347E+05 8.311E+05
 4.45932134E+02   7633.9 4.458E+04 2.555E+14 2.868E+00 7.005E-02 2.000E+05 5.819E+07 2.343E+05 8.321E+05
PRADK 3.4060E-01
BEGIN                    ITERATION  15 COMPLETED
