TEFF   7000.  GRAVITY 6.00000     
TITLE   B a s i c A T L A S                                                     
 OPACITY IFOP 1 1 1 1 1 1 1 1 1 1 1 1 1 0 1 0 0 0 0 0
 CONVECTION ON   1.25 TURBULENCE OFF  0.00  0.00  0.00  0.00
ABUNDANCE SCALE   0.10000 ABUNDANCE CHANGE 1 0.91273 2 0.08716
 ABUNDANCE CHANGE  3  -8.78  4 -10.66  5  -9.25  6  -3.54  7  -4.18  8  -3.28
 ABUNDANCE CHANGE  9  -7.48 10  -4.02 11  -5.80 12  -4.44 13  -5.59 14  -4.53
 ABUNDANCE CHANGE 15  -6.58 16  -4.88 17  -6.54 18  -5.64 19  -6.93 20  -5.70
 ABUNDANCE CHANGE 21  -8.89 22  -7.09 23  -8.11 24  -6.40 25  -6.61 26  -4.52
 ABUNDANCE CHANGE 27  -7.05 28  -5.82 29  -7.85 30  -7.48 31  -9.00 32  -8.39
 ABUNDANCE CHANGE 33  -9.74 34  -8.70 35  -9.50 36  -8.79 37  -9.68 38  -9.17
 ABUNDANCE CHANGE 39  -9.83 40  -9.42 41 -10.58 42 -10.16 43 -20.00 44 -10.29
 ABUNDANCE CHANGE 45 -10.98 46 -10.39 47 -10.84 48 -10.33 49 -11.28 50 -10.00
 ABUNDANCE CHANGE 51 -11.03 52  -9.86 53 -10.49 54  -9.80 55 -10.96 56  -9.86
 ABUNDANCE CHANGE 57 -10.94 58 -10.46 59 -11.32 60 -10.62 61 -20.00 62 -11.08
 ABUNDANCE CHANGE 63 -11.52 64 -10.97 65 -11.74 66 -10.94 67 -11.56 68 -11.12
 ABUNDANCE CHANGE 69 -11.94 70 -11.12 71 -11.94 72 -11.17 73 -12.16 74 -11.39
 ABUNDANCE CHANGE 75 -11.78 76 -10.68 77 -10.66 78 -10.42 79 -11.24 80 -10.87
 ABUNDANCE CHANGE 81 -11.27 82 -10.00 83 -11.39 84 -20.00 85 -20.00 86 -20.00
 ABUNDANCE CHANGE 87 -20.00 88 -20.00 89 -20.00 90 -11.96 91 -20.00 92 -12.58
 ABUNDANCE CHANGE 93 -20.00 94 -20.00 95 -20.00 96 -20.00 97 -20.00 98 -20.00
 ABUNDANCE CHANGE 99 -20.00
READ DECK6 72 RHOX,T,P,XNE,ABROSS,ACCRAD,VTURB,         FLXRAD,VCONV,VELSND
 1.34068730E-04   4784.4 1.341E+02 2.775E+10 9.947E-04 1.738E-01 2.000E+05 1.083E+10 0.000E+00 7.290E+05
 1.74889323E-04   4810.3 1.749E+02 3.468E+10 1.184E-03 1.739E-01 2.000E+05 1.083E+10 0.000E+00 7.282E+05
 2.21191497E-04   4830.5 2.212E+02 4.189E+10 1.377E-03 1.731E-01 2.000E+05 1.083E+10 0.000E+00 7.279E+05
 2.74423501E-04   4851.0 2.744E+02 5.011E+10 1.594E-03 1.725E-01 2.000E+05 1.083E+10 0.000E+00 7.282E+05
 3.35890477E-04   4871.3 3.359E+02 5.944E+10 1.836E-03 1.723E-01 2.000E+05 1.083E+10 0.000E+00 7.287E+05
 4.07174262E-04   4891.3 4.072E+02 7.007E+10 2.108E-03 1.728E-01 2.000E+05 1.083E+10 0.000E+00 7.294E+05
 4.90094161E-04   4911.1 4.901E+02 8.221E+10 2.414E-03 1.735E-01 2.000E+05 1.083E+10 0.000E+00 7.303E+05
 5.86779055E-04   4930.9 5.868E+02 9.612E+10 2.758E-03 1.744E-01 2.000E+05 1.083E+10 0.000E+00 7.313E+05
 6.99691624E-04   4950.7 6.997E+02 1.121E+11 3.148E-03 1.755E-01 2.000E+05 1.083E+10 0.000E+00 7.323E+05
 8.31705186E-04   4970.5 8.317E+02 1.305E+11 3.588E-03 1.769E-01 2.000E+05 1.083E+10 0.000E+00 7.335E+05
 9.86179042E-04   4990.5 9.862E+02 1.516E+11 4.088E-03 1.784E-01 2.000E+05 1.083E+10 0.000E+00 7.347E+05
 1.16700518E-03   5010.6 1.167E+03 1.760E+11 4.657E-03 1.811E-01 2.000E+05 1.083E+10 0.000E+00 7.360E+05
 1.37873766E-03   5030.6 1.379E+03 2.041E+11 5.303E-03 1.844E-01 2.000E+05 1.083E+10 0.000E+00 7.373E+05
 1.62674594E-03   5050.8 1.627E+03 2.364E+11 6.036E-03 1.883E-01 2.000E+05 1.083E+10 0.000E+00 7.387E+05
 1.91732926E-03   5071.2 1.917E+03 2.737E+11 6.869E-03 1.927E-01 2.000E+05 1.083E+10 0.000E+00 7.401E+05
 2.25785711E-03   5091.7 2.258E+03 3.167E+11 7.816E-03 1.979E-01 2.000E+05 1.083E+10 0.000E+00 7.415E+05
 2.65697873E-03   5112.3 2.657E+03 3.664E+11 8.892E-03 2.037E-01 2.000E+05 1.083E+10 0.000E+00 7.429E+05
 3.12469958E-03   5133.3 3.125E+03 4.239E+11 1.012E-02 2.105E-01 2.000E+05 1.083E+10 0.000E+00 7.444E+05
 3.67252313E-03   5154.6 3.672E+03 4.905E+11 1.153E-02 2.193E-01 2.000E+05 1.083E+10 0.000E+00 7.459E+05
 4.31368219E-03   5176.5 4.314E+03 5.680E+11 1.314E-02 2.292E-01 2.000E+05 1.083E+10 0.000E+00 7.474E+05
 5.06334254E-03   5199.2 5.063E+03 6.586E+11 1.499E-02 2.402E-01 2.000E+05 1.083E+10 0.000E+00 7.490E+05
 5.93896989E-03   5222.6 5.939E+03 7.645E+11 1.713E-02 2.523E-01 2.000E+05 1.083E+10 0.000E+00 7.506E+05
 6.96066929E-03   5246.9 6.961E+03 8.886E+11 1.958E-02 2.656E-01 2.000E+05 1.083E+10 0.000E+00 7.523E+05
 8.15157765E-03   5272.0 8.152E+03 1.034E+12 2.241E-02 2.802E-01 2.000E+05 1.083E+10 0.000E+00 7.541E+05
 9.53855850E-03   5297.8 9.539E+03 1.205E+12 2.567E-02 2.961E-01 2.000E+05 1.083E+10 0.000E+00 7.559E+05
 1.11524926E-02   5324.4 1.115E+04 1.404E+12 2.944E-02 3.147E-01 2.000E+05 1.083E+10 0.000E+00 7.577E+05
 1.30292730E-02   5351.4 1.303E+04 1.638E+12 3.376E-02 3.354E-01 2.000E+05 1.083E+10 0.000E+00 7.595E+05
 1.52111196E-02   5379.0 1.521E+04 1.910E+12 3.873E-02 3.584E-01 2.000E+05 1.083E+10 0.000E+00 7.614E+05
 1.77489164E-02   5406.3 1.775E+04 2.224E+12 4.437E-02 3.841E-01 2.000E+05 1.083E+10 0.000E+00 7.633E+05
 2.07033767E-02   5433.7 2.070E+04 2.587E+12 5.081E-02 4.126E-01 2.000E+05 1.083E+10 0.000E+00 7.651E+05
 2.41467468E-02   5460.6 2.415E+04 3.005E+12 5.809E-02 4.441E-01 2.000E+05 1.083E+10 0.000E+00 7.669E+05
 2.81671745E-02   5487.0 2.817E+04 3.483E+12 6.628E-02 4.789E-01 2.000E+05 1.083E+10 0.000E+00 7.687E+05
 3.28701360E-02   5512.5 3.287E+04 4.027E+12 7.550E-02 5.185E-01 2.000E+05 1.083E+10 0.000E+00 7.704E+05
 3.83781139E-02   5537.5 3.838E+04 4.647E+12 8.593E-02 5.649E-01 2.000E+05 1.083E+10 0.000E+00 7.720E+05
 4.48367564E-02   5561.7 4.484E+04 5.353E+12 9.765E-02 6.170E-01 2.000E+05 1.083E+10 0.000E+00 7.736E+05
 5.24207422E-02   5585.4 5.242E+04 6.158E+12 1.108E-01 6.758E-01 2.000E+05 1.083E+10 0.000E+00 7.751E+05
 6.13346446E-02   5608.8 6.133E+04 7.077E+12 1.257E-01 7.423E-01 2.000E+05 1.083E+10 0.000E+00 7.766E+05
 7.18156336E-02   5632.3 7.182E+04 8.134E+12 1.426E-01 8.181E-01 2.000E+05 1.083E+10 0.000E+00 7.780E+05
 8.41354872E-02   5656.2 8.414E+04 9.357E+12 1.618E-01 9.047E-01 2.000E+05 1.083E+10 0.000E+00 7.795E+05
 9.86072261E-02   5680.8 9.861E+04 1.078E+13 1.838E-01 1.004E+00 2.000E+05 1.083E+10 0.000E+00 7.809E+05
 1.15552122E-01   5707.8 1.156E+05 1.248E+13 2.099E-01 1.125E+00 2.000E+05 1.083E+10 0.000E+00 7.825E+05
 1.35308212E-01   5737.4 1.353E+05 1.452E+13 2.405E-01 1.267E+00 2.000E+05 1.083E+10 0.000E+00 7.842E+05
 1.58242693E-01   5770.5 1.582E+05 1.700E+13 2.770E-01 1.437E+00 2.000E+05 1.083E+10 0.000E+00 7.862E+05
 1.84707823E-01   5808.3 1.847E+05 2.009E+13 3.212E-01 1.643E+00 2.000E+05 1.083E+10 0.000E+00 7.884E+05
 2.15024030E-01   5852.1 2.150E+05 2.398E+13 3.753E-01 1.894E+00 2.000E+05 1.083E+10 0.000E+00 7.911E+05
 2.49449802E-01   5903.5 2.495E+05 2.903E+13 4.429E-01 2.208E+00 2.000E+05 1.083E+10 0.000E+00 7.942E+05
 2.88132630E-01   5964.3 2.881E+05 3.569E+13 5.288E-01 2.605E+00 2.000E+05 1.083E+10 0.000E+00 7.980E+05
 3.31006144E-01   6037.7 3.310E+05 4.485E+13 6.413E-01 3.127E+00 2.000E+05 1.083E+10 0.000E+00 8.026E+05
 3.77759159E-01   6125.5 3.778E+05 5.766E+13 7.910E-01 3.823E+00 2.000E+05 1.083E+10 0.000E+00 8.082E+05
 4.27789168E-01   6231.2 4.278E+05 7.618E+13 9.960E-01 4.781E+00 2.000E+05 1.083E+10 0.000E+00 8.148E+05
 4.80106890E-01   6360.6 4.801E+05 1.043E+14 1.288E+00 6.157E+00 2.000E+05 1.084E+10 0.000E+00 8.228E+05
 5.33046515E-01   6526.3 5.331E+05 1.507E+14 1.733E+00 8.268E+00 2.000E+05 1.084E+10 0.000E+00 8.326E+05
 5.84281467E-01   6738.6 5.843E+05 2.314E+14 2.448E+00 1.166E+01 2.000E+05 1.081E+10 9.043E+03 8.441E+05
 6.31415428E-01   7003.8 6.314E+05 3.767E+14 3.629E+00 1.709E+01 2.000E+05 1.067E+10 4.401E+04 8.570E+05
 6.73371082E-01   7301.0 6.734E+05 6.201E+14 5.466E+00 2.488E+01 2.000E+05 1.031E+10 7.802E+04 8.691E+05
 7.10689936E-01   7608.7 7.107E+05 9.951E+14 8.140E+00 3.453E+01 2.000E+05 9.609E+09 1.022E+05 8.792E+05
 7.44329288E-01   7917.5 7.443E+05 1.540E+15 1.190E+01 4.453E+01 2.000E+05 8.518E+09 1.263E+05 8.871E+05
 7.75770951E-01   8196.9 7.758E+05 2.226E+15 1.658E+01 5.120E+01 2.000E+05 7.112E+09 1.473E+05 8.929E+05
 8.06464873E-01   8452.6 8.065E+05 3.060E+15 2.225E+01 5.377E+01 2.000E+05 5.646E+09 1.616E+05 8.974E+05
 8.37419606E-01   8689.5 8.374E+05 4.048E+15 2.902E+01 5.311E+01 2.000E+05 4.332E+09 1.706E+05 9.014E+05
 8.69415536E-01   8913.0 8.694E+05 5.209E+15 3.707E+01 5.077E+01 2.000E+05 3.275E+09 1.755E+05 9.052E+05
 9.03114787E-01   9126.0 9.031E+05 6.560E+15 4.657E+01 4.799E+01 2.000E+05 2.474E+09 1.772E+05 9.090E+05
 9.39120153E-01   9331.1 9.391E+05 8.127E+15 5.776E+01 4.537E+01 2.000E+05 1.883E+09 1.767E+05 9.131E+05
 9.78087681E-01   9530.3 9.781E+05 9.937E+15 7.076E+01 4.318E+01 2.000E+05 1.462E+09 1.761E+05 9.175E+05
 1.02062501E+00   9728.6 1.021E+06 1.206E+16 8.617E+01 4.082E+01 2.000E+05 1.132E+09 1.727E+05 9.224E+05
 1.06750942E+00   9919.8 1.068E+06 1.447E+16 1.037E+02 3.915E+01 2.000E+05 9.017E+08 1.713E+05 9.276E+05
 1.11935741E+00  10119.2 1.119E+06 1.738E+16 1.251E+02 3.721E+01 2.000E+05 7.087E+08 1.672E+05 9.335E+05
 1.17715415E+00  10306.2 1.177E+06 2.058E+16 1.486E+02 3.524E+01 2.000E+05 5.661E+08 1.645E+05 9.396E+05
 1.24170458E+00  10510.0 1.242E+06 2.456E+16 1.782E+02 3.384E+01 2.000E+05 4.528E+08 1.612E+05 9.467E+05
 1.31419918E+00  10697.4 1.314E+06 2.887E+16 2.098E+02 3.163E+01 2.000E+05 3.595E+08 1.571E+05 9.538E+05
 1.39576955E+00  10905.8 1.396E+06 3.428E+16 2.500E+02 3.042E+01 2.000E+05 2.899E+08 1.543E+05 9.621E+05
 1.48797500E+00  11096.6 1.488E+06 4.013E+16 2.925E+02 3.011E+01 2.000E+05 2.442E+08 1.505E+05 9.702E+05
PRADK 3.2067E+00
BEGIN                    ITERATION  15 COMPLETED
