TEFF  10000.  GRAVITY 2.00000     
TITLE   B a s i c A T L A S                                                     
 OPACITY IFOP 1 1 1 1 1 1 1 1 1 1 1 1 1 0 1 0 0 0 0 0
 CONVECTION ON   1.25 TURBULENCE OFF  0.00  0.00  0.00  0.00
ABUNDANCE SCALE   0.10000 ABUNDANCE CHANGE 1 0.91273 2 0.08716
 ABUNDANCE CHANGE  3  -8.78  4 -10.66  5  -9.25  6  -3.54  7  -4.18  8  -3.28
 ABUNDANCE CHANGE  9  -7.48 10  -4.02 11  -5.80 12  -4.44 13  -5.59 14  -4.53
 ABUNDANCE CHANGE 15  -6.58 16  -4.88 17  -6.54 18  -5.64 19  -6.93 20  -5.70
 ABUNDANCE CHANGE 21  -8.89 22  -7.09 23  -8.11 24  -6.40 25  -6.61 26  -4.52
 ABUNDANCE CHANGE 27  -7.05 28  -5.82 29  -7.85 30  -7.48 31  -9.00 32  -8.39
 ABUNDANCE CHANGE 33  -9.74 34  -8.70 35  -9.50 36  -8.79 37  -9.68 38  -9.17
 ABUNDANCE CHANGE 39  -9.83 40  -9.42 41 -10.58 42 -10.16 43 -20.00 44 -10.29
 ABUNDANCE CHANGE 45 -10.98 46 -10.39 47 -10.84 48 -10.33 49 -11.28 50 -10.00
 ABUNDANCE CHANGE 51 -11.03 52  -9.86 53 -10.49 54  -9.80 55 -10.96 56  -9.86
 ABUNDANCE CHANGE 57 -10.94 58 -10.46 59 -11.32 60 -10.62 61 -20.00 62 -11.08
 ABUNDANCE CHANGE 63 -11.52 64 -10.97 65 -11.74 66 -10.94 67 -11.56 68 -11.12
 ABUNDANCE CHANGE 69 -11.94 70 -11.12 71 -11.94 72 -11.17 73 -12.16 74 -11.39
 ABUNDANCE CHANGE 75 -11.78 76 -10.68 77 -10.66 78 -10.42 79 -11.24 80 -10.87
 ABUNDANCE CHANGE 81 -11.27 82 -10.00 83 -11.39 84 -20.00 85 -20.00 86 -20.00
 ABUNDANCE CHANGE 87 -20.00 88 -20.00 89 -20.00 90 -11.96 91 -20.00 92 -12.58
 ABUNDANCE CHANGE 93 -20.00 94 -20.00 95 -20.00 96 -20.00 97 -20.00 98 -20.00
 ABUNDANCE CHANGE 99 -20.00
READ DECK6 72 RHOX,T,P,XNE,ABROSS,ACCRAD,VTURB,         FLXRAD,VCONV,VELSND
 4.57383515E-07   6120.6 4.214E-05 2.375E+07 2.916E-01 7.865E+00 2.000E+05 4.512E+10 0.000E+00 0.000E+00
 6.09962157E-07   6121.6 5.620E-05 3.166E+07 2.914E-01 7.860E+00 2.000E+05 4.512E+10 0.000E+00 1.091E+09
 8.13600175E-07   6122.6 7.496E-05 4.219E+07 2.911E-01 7.852E+00 2.000E+05 4.512E+10 0.000E+00 6.593E+08
 1.08556108E-06   6123.6 1.000E-04 5.623E+07 2.906E-01 7.844E+00 2.000E+05 4.512E+10 1.187E+09 4.609E+08
 1.44877913E-06   6124.6 1.335E-04 7.491E+07 2.902E-01 8.106E+00 2.000E+05 4.512E+10 8.771E+08 3.396E+08
 1.93400316E-06   6125.6 1.780E-04 9.972E+07 2.896E-01 8.398E+00 2.000E+05 4.512E+10 9.029E+08 2.568E+08
 2.58262186E-06   6128.5 2.373E-04 1.326E+08 2.888E-01 8.716E+00 2.000E+05 4.512E+10 8.748E+08 1.977E+08
 3.45041327E-06   6131.2 3.163E-04 1.762E+08 2.877E-01 9.072E+00 2.000E+05 4.512E+10 1.006E+09 1.538E+08
 4.61256449E-06   6141.6 4.219E-04 2.339E+08 2.864E-01 9.237E+00 2.000E+05 4.512E+10 9.927E+08 1.219E+08
 6.17065886E-06   6150.8 5.631E-04 3.104E+08 2.846E-01 9.417E+00 2.000E+05 4.512E+10 8.184E+08 9.710E+07
 8.26198746E-06   6165.1 7.523E-04 4.118E+08 2.827E-01 9.608E+00 2.000E+05 4.512E+10 7.016E+08 7.840E+07
 1.10725931E-05   6179.4 1.006E-03 5.463E+08 2.802E-01 9.742E+00 2.000E+05 4.512E+10 5.795E+08 6.362E+07
 1.48549139E-05   6199.5 1.348E-03 7.248E+08 2.776E-01 9.728E+00 2.000E+05 4.512E+10 4.958E+08 5.223E+07
 1.99505025E-05   6221.5 1.807E-03 9.617E+08 2.746E-01 9.734E+00 2.000E+05 4.512E+10 4.047E+08 4.314E+07
 2.68195448E-05   6248.4 2.427E-03 1.276E+09 2.717E-01 9.758E+00 2.000E+05 4.512E+10 3.340E+08 3.594E+07
 3.60798046E-05   6279.3 3.262E-03 1.693E+09 2.688E-01 9.800E+00 2.000E+05 4.512E+10 2.722E+08 3.014E+07
 4.85538771E-05   6316.6 4.388E-03 2.247E+09 2.663E-01 9.752E+00 2.000E+05 4.512E+10 2.190E+08 2.548E+07
 6.53325332E-05   6358.7 5.902E-03 2.980E+09 2.642E-01 9.720E+00 2.000E+05 4.512E+10 1.714E+08 2.167E+07
 8.78481579E-05   6406.6 7.934E-03 3.952E+09 2.630E-01 9.706E+00 2.000E+05 4.512E+10 1.318E+08 1.855E+07
 1.17968021E-04   6460.0 1.065E-02 5.235E+09 2.626E-01 9.696E+00 2.000E+05 4.512E+10 9.889E+07 1.597E+07
 1.58119425E-04   6519.2 1.428E-02 6.927E+09 2.631E-01 9.619E+00 2.000E+05 4.512E+10 7.140E+07 1.383E+07
 2.11454454E-04   6582.3 1.910E-02 9.151E+09 2.646E-01 9.555E+00 2.000E+05 4.512E+10 4.934E+07 1.202E+07
 2.82070507E-04   6649.1 2.549E-02 1.207E+10 2.668E-01 9.419E+00 2.000E+05 4.512E+10 3.236E+07 1.049E+07
 3.75312078E-04   6717.9 3.394E-02 1.588E+10 2.698E-01 9.283E+00 2.000E+05 4.512E+10 2.000E+07 9.186E+06
 4.98150809E-04   6788.0 4.509E-02 2.085E+10 2.734E-01 9.145E+00 2.000E+05 4.512E+10 1.177E+07 8.057E+06
 6.59577052E-04   6858.4 5.976E-02 2.731E+10 2.777E-01 9.060E+00 2.000E+05 4.512E+10 6.692E+06 7.077E+06
 8.71180251E-04   6929.1 7.900E-02 3.568E+10 2.829E-01 9.030E+00 2.000E+05 4.512E+10 1.350E+06 6.227E+06
 1.14771479E-03   7000.0 1.041E-01 4.648E+10 2.891E-01 9.051E+00 2.000E+05 4.512E+10 7.159E+05 5.491E+06
 1.50804152E-03   7071.4 1.369E-01 6.037E+10 2.963E-01 9.074E+00 2.000E+05 4.512E+10 3.932E+05 4.853E+06
 1.97615891E-03   7143.1 1.795E-01 7.820E+10 3.045E-01 9.062E+00 2.000E+05 4.512E+10 2.136E+05 4.301E+06
 2.58255964E-03   7213.4 2.346E-01 1.010E+11 3.140E-01 9.124E+00 2.000E+05 4.512E+10 1.155E+05 3.819E+06
 3.36538943E-03   7282.9 3.057E-01 1.299E+11 3.249E-01 9.267E+00 2.000E+05 4.512E+10 6.349E+04 3.400E+06
 4.37194628E-03   7352.6 3.969E-01 1.666E+11 3.376E-01 9.419E+00 2.000E+05 4.512E+10 3.418E+04 3.041E+06
 5.66168534E-03   7418.9 5.136E-01 2.127E+11 3.518E-01 9.633E+00 2.000E+05 4.512E+10 1.752E+04 2.727E+06
 7.30952691E-03   7480.7 6.623E-01 2.704E+11 3.677E-01 9.940E+00 2.000E+05 4.512E+10 8.718E+03 2.452E+06
 9.40891726E-03   7538.3 8.509E-01 3.421E+11 3.854E-01 1.036E+01 2.000E+05 4.512E+10 4.292E+03 2.214E+06
 1.20747197E-02   7593.9 1.089E+00 4.311E+11 4.055E-01 1.088E+01 2.000E+05 4.512E+10 2.241E+03 2.012E+06
 1.54445158E-02   7652.1 1.389E+00 5.412E+11 4.289E-01 1.142E+01 2.000E+05 4.512E+10 1.115E+03 1.843E+06
 1.96850693E-02   7708.1 1.763E+00 6.762E+11 4.553E-01 1.208E+01 2.000E+05 4.512E+10 4.444E+02 1.700E+06
 2.49965961E-02   7764.5 2.228E+00 8.409E+11 4.861E-01 1.288E+01 2.000E+05 4.512E+10 1.473E+02 1.582E+06
 3.16123804E-02   7822.6 2.801E+00 1.041E+12 5.219E-01 1.384E+01 2.000E+05 4.512E+10 2.949E+01 1.485E+06
 3.97998516E-02   7885.2 3.502E+00 1.284E+12 5.643E-01 1.494E+01 2.000E+05 4.512E+10 0.000E+00 1.409E+06
 4.98613541E-02   7953.5 4.351E+00 1.576E+12 6.144E-01 1.620E+01 2.000E+05 4.512E+10 0.000E+00 1.349E+06
 6.21367611E-02   8028.2 5.371E+00 1.926E+12 6.741E-01 1.770E+01 2.000E+05 4.512E+10 1.057E-02 1.303E+06
 7.69935695E-02   8112.8 6.580E+00 2.345E+12 7.456E-01 1.947E+01 2.000E+05 4.512E+10 2.427E+01 1.272E+06
 9.48349838E-02   8212.7 7.999E+00 2.844E+12 8.308E-01 2.142E+01 2.000E+05 4.512E+10 4.440E+01 1.255E+06
 1.16119968E-01   8329.6 9.648E+00 3.433E+12 9.312E-01 2.363E+01 2.000E+05 4.512E+10 5.493E+01 1.249E+06
 1.41401485E-01   8467.9 1.155E+01 4.124E+12 1.047E+00 2.598E+01 2.000E+05 4.512E+10 5.657E+01 1.257E+06
 1.71413577E-01   8629.8 1.373E+01 4.923E+12 1.174E+00 2.842E+01 2.000E+05 4.512E+10 5.042E+01 1.278E+06
 2.07242576E-01   8819.3 1.626E+01 5.839E+12 1.305E+00 3.064E+01 2.000E+05 4.512E+10 3.969E+01 1.313E+06
 2.50546413E-01   9038.4 1.922E+01 6.885E+12 1.429E+00 3.246E+01 2.000E+05 4.512E+10 2.786E+01 1.363E+06
 3.03699057E-01   9291.8 2.276E+01 8.084E+12 1.540E+00 3.390E+01 2.000E+05 4.512E+10 1.715E+01 1.430E+06
 3.70221993E-01   9582.5 2.714E+01 9.483E+12 1.624E+00 3.455E+01 2.000E+05 4.512E+10 8.338E+00 1.513E+06
 4.55154416E-01   9915.2 3.268E+01 1.116E+13 1.681E+00 3.477E+01 2.000E+05 4.512E+10 1.368E+00 1.603E+06
 5.65773232E-01  10295.5 3.993E+01 1.322E+13 1.705E+00 3.424E+01 2.000E+05 4.511E+10 0.000E+00 1.688E+06
 7.12326207E-01  10724.6 4.962E+01 1.585E+13 1.705E+00 3.352E+01 2.000E+05 4.512E+10 0.000E+00 1.754E+06
 9.09422067E-01  11221.3 6.281E+01 1.924E+13 1.678E+00 3.258E+01 2.000E+05 4.512E+10 0.000E+00 1.800E+06
 1.17798681E+00  11781.6 8.107E+01 2.371E+13 1.633E+00 3.146E+01 2.000E+05 4.514E+10 0.000E+00 1.825E+06
 1.54870306E+00  12427.6 1.067E+02 2.967E+13 1.567E+00 3.008E+01 2.000E+05 4.510E+10 0.000E+00 1.829E+06
 2.06256535E+00  13146.8 1.429E+02 3.773E+13 1.515E+00 2.914E+01 2.000E+05 4.511E+10 0.000E+00 1.812E+06
 2.77088940E+00  13968.6 1.935E+02 4.851E+13 1.467E+00 2.820E+01 2.000E+05 4.514E+10 1.154E+00 1.807E+06
 3.73626167E+00  14864.6 2.631E+02 6.275E+13 1.446E+00 2.767E+01 2.000E+05 4.509E+10 7.132E+00 1.857E+06
 5.05022881E+00  15857.2 3.587E+02 8.102E+13 1.408E+00 2.682E+01 2.000E+05 4.514E+10 0.000E+00 1.965E+06
 6.84591108E+00  16930.1 4.907E+02 1.044E+14 1.379E+00 2.612E+01 2.000E+05 4.510E+10 0.000E+00 2.084E+06
 9.29452951E+00  18103.4 6.725E+02 1.341E+14 1.348E+00 2.546E+01 2.000E+05 4.514E+10 0.000E+00 2.184E+06
 1.26164663E+01  19373.6 9.207E+02 1.718E+14 1.332E+00 2.511E+01 2.000E+05 4.510E+10 0.000E+00 2.267E+06
 1.70905064E+01  20752.1 1.256E+03 2.189E+14 1.321E+00 2.485E+01 2.000E+05 4.514E+10 0.000E+00 2.345E+06
 2.30799785E+01  22246.9 1.707E+03 2.774E+14 1.322E+00 2.483E+01 2.000E+05 4.511E+10 0.000E+00 2.423E+06
 3.10297016E+01  23860.0 2.304E+03 3.492E+14 1.334E+00 2.501E+01 2.000E+05 4.512E+10 0.000E+00 2.505E+06
 4.14704148E+01  25608.4 3.084E+03 4.356E+14 1.363E+00 2.554E+01 2.000E+05 4.514E+10 0.000E+00 2.592E+06
 5.49437544E+01  27488.4 4.081E+03 5.370E+14 1.423E+00 2.654E+01 2.000E+05 4.507E+10 0.000E+00 2.682E+06
 7.20122363E+01  29516.0 5.336E+03 6.542E+14 1.508E+00 2.640E+01 2.000E+05 4.518E+10 3.908E+02 2.768E+06
PRADK 1.3463E+01
BEGIN                    ITERATION  15 COMPLETED
