TEFF   4000.  GRAVITY 4.00000     
TITLE   B a s i c A T L A S                                                     
 OPACITY IFOP 1 1 1 1 1 1 1 1 1 1 1 1 1 0 1 0 0 0 0 0
 CONVECTION ON   1.25 TURBULENCE OFF  0.00  0.00  0.00  0.00
ABUNDANCE SCALE   0.10000 ABUNDANCE CHANGE 1 0.91273 2 0.08716
 ABUNDANCE CHANGE  3  -8.78  4 -10.66  5  -9.25  6  -3.54  7  -4.18  8  -3.28
 ABUNDANCE CHANGE  9  -7.48 10  -4.02 11  -5.80 12  -4.44 13  -5.59 14  -4.53
 ABUNDANCE CHANGE 15  -6.58 16  -4.88 17  -6.54 18  -5.64 19  -6.93 20  -5.70
 ABUNDANCE CHANGE 21  -8.89 22  -7.09 23  -8.11 24  -6.40 25  -6.61 26  -4.52
 ABUNDANCE CHANGE 27  -7.05 28  -5.82 29  -7.85 30  -7.48 31  -9.00 32  -8.39
 ABUNDANCE CHANGE 33  -9.74 34  -8.70 35  -9.50 36  -8.79 37  -9.68 38  -9.17
 ABUNDANCE CHANGE 39  -9.83 40  -9.42 41 -10.58 42 -10.16 43 -20.00 44 -10.29
 ABUNDANCE CHANGE 45 -10.98 46 -10.39 47 -10.84 48 -10.33 49 -11.28 50 -10.00
 ABUNDANCE CHANGE 51 -11.03 52  -9.86 53 -10.49 54  -9.80 55 -10.96 56  -9.86
 ABUNDANCE CHANGE 57 -10.94 58 -10.46 59 -11.32 60 -10.62 61 -20.00 62 -11.08
 ABUNDANCE CHANGE 63 -11.52 64 -10.97 65 -11.74 66 -10.94 67 -11.56 68 -11.12
 ABUNDANCE CHANGE 69 -11.94 70 -11.12 71 -11.94 72 -11.17 73 -12.16 74 -11.39
 ABUNDANCE CHANGE 75 -11.78 76 -10.68 77 -10.66 78 -10.42 79 -11.24 80 -10.87
 ABUNDANCE CHANGE 81 -11.27 82 -10.00 83 -11.39 84 -20.00 85 -20.00 86 -20.00
 ABUNDANCE CHANGE 87 -20.00 88 -20.00 89 -20.00 90 -11.96 91 -20.00 92 -12.58
 ABUNDANCE CHANGE 93 -20.00 94 -20.00 95 -20.00 96 -20.00 97 -20.00 98 -20.00
 ABUNDANCE CHANGE 99 -20.00
READ DECK6 72 RHOX,T,P,XNE,ABROSS,ACCRAD,VTURB,         FLXRAD,VCONV,VELSND
 2.11173074E-03   2459.9 2.112E+01 3.500E+07 6.315E-05 1.406E-03 2.000E+05 1.155E+09 0.000E+00 4.229E+05
 2.76638033E-03   2478.9 2.766E+01 4.544E+07 7.273E-05 1.438E-03 2.000E+05 1.155E+09 0.000E+00 4.231E+05
 3.52962093E-03   2495.8 3.530E+01 5.755E+07 8.269E-05 1.462E-03 2.000E+05 1.155E+09 0.000E+00 4.232E+05
 4.42840814E-03   2512.0 4.428E+01 7.172E+07 9.331E-05 1.478E-03 2.000E+05 1.155E+09 0.000E+00 4.234E+05
 5.49055964E-03   2526.9 5.491E+01 8.829E+07 1.051E-04 1.489E-03 2.000E+05 1.155E+09 0.000E+00 4.235E+05
 6.75177973E-03   2542.3 6.752E+01 1.080E+08 1.177E-04 1.500E-03 2.000E+05 1.155E+09 0.000E+00 4.238E+05
 8.25825799E-03   2558.3 8.258E+01 1.316E+08 1.311E-04 1.509E-03 2.000E+05 1.155E+09 0.000E+00 4.242E+05
 1.00652889E-02   2575.2 1.007E+02 1.601E+08 1.454E-04 1.514E-03 2.000E+05 1.155E+09 0.000E+00 4.249E+05
 1.22460456E-02   2590.1 1.225E+02 1.938E+08 1.602E-04 1.516E-03 2.000E+05 1.155E+09 0.000E+00 4.252E+05
 1.48841454E-02   2606.7 1.488E+02 2.349E+08 1.768E-04 1.519E-03 2.000E+05 1.155E+09 0.000E+00 4.257E+05
 1.80685705E-02   2625.3 1.807E+02 2.854E+08 1.955E-04 1.520E-03 2.000E+05 1.155E+09 0.000E+00 4.267E+05
 2.19080838E-02   2643.5 2.191E+02 3.460E+08 2.162E-04 1.516E-03 2.000E+05 1.155E+09 0.000E+00 4.276E+05
 2.65425652E-02   2662.2 2.654E+02 4.195E+08 2.385E-04 1.510E-03 2.000E+05 1.155E+09 0.000E+00 4.286E+05
 3.21552801E-02   2682.3 3.216E+02 5.096E+08 2.620E-04 1.497E-03 2.000E+05 1.155E+09 0.000E+00 4.298E+05
 3.90019255E-02   2700.6 3.900E+02 6.178E+08 2.855E-04 1.480E-03 2.000E+05 1.155E+09 0.000E+00 4.305E+05
 4.73710545E-02   2721.5 4.737E+02 7.528E+08 3.120E-04 1.465E-03 2.000E+05 1.155E+09 0.000E+00 4.317E+05
 5.75462742E-02   2744.6 5.755E+02 9.203E+08 3.432E-04 1.451E-03 2.000E+05 1.155E+09 0.000E+00 4.334E+05
 6.98761444E-02   2768.3 6.988E+02 1.126E+09 3.776E-04 1.436E-03 2.000E+05 1.155E+09 0.000E+00 4.351E+05
 8.48423160E-02   2792.4 8.484E+02 1.377E+09 4.143E-04 1.419E-03 2.000E+05 1.155E+09 0.000E+00 4.369E+05
 1.03047408E-01   2817.8 1.030E+03 1.689E+09 4.535E-04 1.399E-03 2.000E+05 1.155E+09 0.000E+00 4.388E+05
 1.25370096E-01   2842.7 1.254E+03 2.072E+09 4.914E-04 1.376E-03 2.000E+05 1.155E+09 0.000E+00 4.406E+05
 1.52686400E-01   2869.9 1.527E+03 2.554E+09 5.383E-04 1.364E-03 2.000E+05 1.155E+09 0.000E+00 4.427E+05
 1.85847399E-01   2898.0 1.858E+03 3.151E+09 5.922E-04 1.360E-03 2.000E+05 1.155E+09 0.000E+00 4.450E+05
 2.26076637E-01   2926.5 2.261E+03 3.888E+09 6.510E-04 1.361E-03 2.000E+05 1.155E+09 0.000E+00 4.473E+05
 2.74670465E-01   2955.3 2.747E+03 4.796E+09 7.214E-04 1.372E-03 2.000E+05 1.155E+09 0.000E+00 4.496E+05
 3.33082143E-01   2983.9 3.331E+03 5.904E+09 8.002E-04 1.388E-03 2.000E+05 1.155E+09 0.000E+00 4.519E+05
 4.03515467E-01   3011.9 4.035E+03 7.252E+09 8.832E-04 1.413E-03 2.000E+05 1.155E+09 0.000E+00 4.539E+05
 4.88426837E-01   3039.8 4.884E+03 8.899E+09 9.795E-04 1.456E-03 2.000E+05 1.155E+09 0.000E+00 4.559E+05
 5.90156224E-01   3066.8 5.902E+03 1.088E+10 1.094E-03 1.514E-03 2.000E+05 1.155E+09 0.000E+00 4.576E+05
 7.11050097E-01   3092.7 7.111E+03 1.325E+10 1.233E-03 1.589E-03 2.000E+05 1.155E+09 0.000E+00 4.591E+05
 8.53489112E-01   3117.3 8.535E+03 1.603E+10 1.400E-03 1.681E-03 2.000E+05 1.155E+09 0.000E+00 4.603E+05
 1.02051795E+00   3140.5 1.021E+04 1.929E+10 1.594E-03 1.791E-03 2.000E+05 1.155E+09 0.000E+00 4.613E+05
 1.21769667E+00   3162.8 1.218E+04 2.311E+10 1.786E-03 1.908E-03 2.000E+05 1.155E+09 0.000E+00 4.620E+05
 1.45282509E+00   3184.8 1.453E+04 2.766E+10 1.997E-03 2.046E-03 2.000E+05 1.155E+09 0.000E+00 4.627E+05
 1.73212642E+00   3205.9 1.732E+04 3.302E+10 2.250E-03 2.208E-03 2.000E+05 1.155E+09 0.000E+00 4.631E+05
 2.06180304E+00   3226.0 2.062E+04 3.927E+10 2.548E-03 2.399E-03 2.000E+05 1.155E+09 0.000E+00 4.632E+05
 2.44930157E+00   3246.0 2.449E+04 4.663E+10 2.895E-03 2.618E-03 2.000E+05 1.155E+09 0.000E+00 4.634E+05
 2.90334558E+00   3264.9 2.903E+04 5.511E+10 3.300E-03 2.873E-03 2.000E+05 1.155E+09 0.000E+00 4.633E+05
 3.43737709E+00   3286.3 3.437E+04 6.537E+10 3.716E-03 3.150E-03 2.000E+05 1.155E+09 0.000E+00 4.636E+05
 4.07216740E+00   3307.7 4.072E+04 7.753E+10 4.158E-03 3.456E-03 2.000E+05 1.155E+09 0.000E+00 4.639E+05
 4.82906457E+00   3327.2 4.829E+04 9.168E+10 4.655E-03 3.858E-03 2.000E+05 1.155E+09 0.000E+00 4.637E+05
 5.72759526E+00   3392.4 5.728E+04 1.181E+11 5.246E-03 4.395E-03 2.000E+05 1.155E+09 1.145E+04 4.726E+05
 6.78111038E+00   3432.2 6.781E+04 1.448E+11 6.026E-03 4.940E-03 2.000E+05 1.154E+09 0.000E+00 4.763E+05
 7.99613312E+00   3479.0 7.996E+04 1.795E+11 7.005E-03 5.660E-03 2.000E+05 1.152E+09 0.000E+00 4.813E+05
 9.38358664E+00   3536.8 9.384E+04 2.267E+11 8.213E-03 6.555E-03 2.000E+05 1.149E+09 1.793E+04 4.884E+05
 1.09573495E+01   3592.4 1.096E+05 2.840E+11 9.687E-03 7.570E-03 2.000E+05 1.142E+09 2.173E+04 4.950E+05
 1.27168444E+01   3653.8 1.272E+05 3.584E+11 1.167E-02 8.798E-03 2.000E+05 1.132E+09 2.289E+04 5.026E+05
 1.46617604E+01   3711.1 1.466E+05 4.459E+11 1.410E-02 1.014E-02 2.000E+05 1.117E+09 2.955E+04 5.095E+05
 1.67830729E+01   3778.0 1.678E+05 5.620E+11 1.740E-02 1.174E-02 2.000E+05 1.097E+09 3.190E+04 5.181E+05
 1.90891360E+01   3838.7 1.909E+05 6.946E+11 2.124E-02 1.336E-02 2.000E+05 1.070E+09 3.557E+04 5.255E+05
 2.15797708E+01   3911.2 2.158E+05 8.725E+11 2.648E-02 1.527E-02 2.000E+05 1.036E+09 4.057E+04 5.349E+05
 2.42639558E+01   3981.0 2.426E+05 1.081E+12 3.256E-02 1.712E-02 2.000E+05 9.955E+08 4.212E+04 5.438E+05
 2.71569532E+01   4060.7 2.716E+05 1.352E+12 4.055E-02 1.919E-02 2.000E+05 9.484E+08 4.822E+04 5.544E+05
 3.02609387E+01   4145.4 3.026E+05 1.689E+12 5.026E-02 2.124E-02 2.000E+05 8.950E+08 4.930E+04 5.656E+05
 3.36121561E+01   4235.4 3.361E+05 2.103E+12 6.192E-02 2.334E-02 2.000E+05 8.390E+08 5.523E+04 5.778E+05
 3.72280514E+01   4339.9 3.723E+05 2.641E+12 7.653E-02 2.559E-02 2.000E+05 7.803E+08 5.667E+04 5.923E+05
 4.11686507E+01   4447.1 4.117E+05 3.279E+12 9.287E-02 2.791E-02 2.000E+05 7.246E+08 6.165E+04 6.072E+05
 4.54841955E+01   4579.2 4.548E+05 4.135E+12 1.133E-01 3.072E-02 2.000E+05 6.709E+08 6.375E+04 6.261E+05
 5.02447794E+01   4715.9 5.024E+05 5.177E+12 1.359E-01 3.383E-02 2.000E+05 6.218E+08 6.751E+04 6.455E+05
 5.54981591E+01   4885.4 5.550E+05 6.719E+12 1.663E-01 3.795E-02 2.000E+05 5.721E+08 7.031E+04 6.696E+05
 6.11687143E+01   5059.8 6.117E+05 8.999E+12 2.080E-01 4.262E-02 2.000E+05 5.117E+08 7.326E+04 6.933E+05
 6.70291361E+01   5255.4 6.703E+05 1.306E+13 2.770E-01 4.913E-02 2.000E+05 4.398E+08 7.743E+04 7.182E+05
 7.28085413E+01   5441.9 7.281E+05 1.953E+13 3.789E-01 5.439E-02 2.000E+05 3.525E+08 7.971E+04 7.398E+05
 7.83828478E+01   5627.3 7.838E+05 2.980E+13 5.271E-01 6.029E-02 2.000E+05 2.772E+08 8.391E+04 7.593E+05
 8.37622639E+01   5802.4 8.376E+05 4.469E+13 7.222E-01 6.368E-02 2.000E+05 2.118E+08 8.379E+04 7.760E+05
 8.90418612E+01   5969.6 8.904E+05 6.551E+13 9.736E-01 6.842E-02 2.000E+05 1.679E+08 8.651E+04 7.905E+05
 9.42921259E+01   6136.1 9.429E+05 9.489E+13 1.297E+00 7.180E-02 2.000E+05 1.321E+08 8.550E+04 8.039E+05
 9.96075483E+01   6293.5 9.961E+05 1.334E+14 1.692E+00 7.501E-02 2.000E+05 1.057E+08 8.652E+04 8.156E+05
 1.05038144E+02   6457.1 1.050E+06 1.873E+14 2.207E+00 7.895E-02 2.000E+05 8.534E+07 8.620E+04 8.269E+05
 1.10657134E+02   6612.8 1.107E+06 2.561E+14 2.817E+00 8.113E-02 2.000E+05 6.870E+07 8.549E+04 8.368E+05
 1.16510060E+02   6776.9 1.165E+06 3.512E+14 3.613E+00 8.489E-02 2.000E+05 5.602E+07 8.558E+04 8.467E+05
 1.22630463E+02   6935.4 1.226E+06 4.712E+14 4.560E+00 9.383E-02 2.000E+05 4.912E+07 8.471E+04 8.556E+05
PRADK 3.3635E-01
BEGIN                    ITERATION  15 COMPLETED
