TEFF   6000.  GRAVITY 4.00000     
TITLE   B a s i c A T L A S                                                     
 OPACITY IFOP 1 1 1 1 1 1 1 1 1 1 1 1 1 0 1 0 0 0 0 0
 CONVECTION ON   1.25 TURBULENCE OFF  0.00  0.00  0.00  0.00
ABUNDANCE SCALE   0.10000 ABUNDANCE CHANGE 1 0.91273 2 0.08716
 ABUNDANCE CHANGE  3  -8.78  4 -10.66  5  -9.25  6  -3.54  7  -4.18  8  -3.28
 ABUNDANCE CHANGE  9  -7.48 10  -4.02 11  -5.80 12  -4.44 13  -5.59 14  -4.53
 ABUNDANCE CHANGE 15  -6.58 16  -4.88 17  -6.54 18  -5.64 19  -6.93 20  -5.70
 ABUNDANCE CHANGE 21  -8.89 22  -7.09 23  -8.11 24  -6.40 25  -6.61 26  -4.52
 ABUNDANCE CHANGE 27  -7.05 28  -5.82 29  -7.85 30  -7.48 31  -9.00 32  -8.39
 ABUNDANCE CHANGE 33  -9.74 34  -8.70 35  -9.50 36  -8.79 37  -9.68 38  -9.17
 ABUNDANCE CHANGE 39  -9.83 40  -9.42 41 -10.58 42 -10.16 43 -20.00 44 -10.29
 ABUNDANCE CHANGE 45 -10.98 46 -10.39 47 -10.84 48 -10.33 49 -11.28 50 -10.00
 ABUNDANCE CHANGE 51 -11.03 52  -9.86 53 -10.49 54  -9.80 55 -10.96 56  -9.86
 ABUNDANCE CHANGE 57 -10.94 58 -10.46 59 -11.32 60 -10.62 61 -20.00 62 -11.08
 ABUNDANCE CHANGE 63 -11.52 64 -10.97 65 -11.74 66 -10.94 67 -11.56 68 -11.12
 ABUNDANCE CHANGE 69 -11.94 70 -11.12 71 -11.94 72 -11.17 73 -12.16 74 -11.39
 ABUNDANCE CHANGE 75 -11.78 76 -10.68 77 -10.66 78 -10.42 79 -11.24 80 -10.87
 ABUNDANCE CHANGE 81 -11.27 82 -10.00 83 -11.39 84 -20.00 85 -20.00 86 -20.00
 ABUNDANCE CHANGE 87 -20.00 88 -20.00 89 -20.00 90 -11.96 91 -20.00 92 -12.58
 ABUNDANCE CHANGE 93 -20.00 94 -20.00 95 -20.00 96 -20.00 97 -20.00 98 -20.00
 ABUNDANCE CHANGE 99 -20.00
READ DECK6 72 RHOX,T,P,XNE,ABROSS,ACCRAD,VTURB,         FLXRAD,VCONV,VELSND
 1.79979252E-03   4102.9 1.800E+01 7.988E+08 7.409E-05 1.042E-02 2.000E+05 5.847E+09 0.000E+00 7.170E+05
 2.37135385E-03   4116.2 2.372E+01 9.941E+08 8.153E-05 1.072E-02 2.000E+05 5.847E+09 0.000E+00 7.067E+05
 3.06179366E-03   4129.1 3.062E+01 1.222E+09 9.027E-05 1.084E-02 2.000E+05 5.847E+09 0.000E+00 6.995E+05
 3.89108119E-03   4142.0 3.891E+01 1.487E+09 1.005E-04 1.109E-02 2.000E+05 5.847E+09 0.000E+00 6.944E+05
 4.88139227E-03   4155.6 4.882E+01 1.799E+09 1.125E-04 1.134E-02 2.000E+05 5.847E+09 0.000E+00 6.909E+05
 6.05808172E-03   4169.7 6.058E+01 2.165E+09 1.265E-04 1.157E-02 2.000E+05 5.847E+09 0.000E+00 6.885E+05
 7.45008891E-03   4184.5 7.450E+01 2.595E+09 1.429E-04 1.187E-02 2.000E+05 5.847E+09 0.000E+00 6.869E+05
 9.09000035E-03   4200.2 9.090E+01 3.103E+09 1.621E-04 1.216E-02 2.000E+05 5.847E+09 0.000E+00 6.860E+05
 1.10147490E-02   4217.0 1.101E+02 3.704E+09 1.845E-04 1.250E-02 2.000E+05 5.847E+09 0.000E+00 6.856E+05
 1.32657976E-02   4235.0 1.327E+02 4.415E+09 2.107E-04 1.289E-02 2.000E+05 5.847E+09 0.000E+00 6.856E+05
 1.58898923E-02   4254.3 1.589E+02 5.262E+09 2.414E-04 1.323E-02 2.000E+05 5.847E+09 0.000E+00 6.860E+05
 1.89400690E-02   4274.8 1.894E+02 6.268E+09 2.773E-04 1.350E-02 2.000E+05 5.847E+09 0.000E+00 6.867E+05
 2.24772319E-02   4296.6 2.248E+02 7.466E+09 3.191E-04 1.372E-02 2.000E+05 5.847E+09 0.000E+00 6.876E+05
 2.65713019E-02   4319.3 2.657E+02 8.888E+09 3.680E-04 1.387E-02 2.000E+05 5.847E+09 0.000E+00 6.888E+05
 3.13030664E-02   4343.0 3.130E+02 1.058E+10 4.248E-04 1.395E-02 2.000E+05 5.847E+09 0.000E+00 6.901E+05
 3.67651413E-02   4367.3 3.677E+02 1.258E+10 4.911E-04 1.413E-02 2.000E+05 5.847E+09 0.000E+00 6.915E+05
 4.30624625E-02   4391.9 4.306E+02 1.494E+10 5.684E-04 1.442E-02 2.000E+05 5.847E+09 0.000E+00 6.931E+05
 5.03132225E-02   4417.5 5.031E+02 1.775E+10 6.586E-04 1.467E-02 2.000E+05 5.847E+09 0.000E+00 6.947E+05
 5.86564681E-02   4443.6 5.866E+02 2.108E+10 7.632E-04 1.489E-02 2.000E+05 5.847E+09 0.000E+00 6.964E+05
 6.82581401E-02   4469.8 6.826E+02 2.500E+10 8.842E-04 1.508E-02 2.000E+05 5.847E+09 0.000E+00 6.982E+05
 7.93160981E-02   4496.0 7.932E+02 2.959E+10 1.023E-03 1.527E-02 2.000E+05 5.847E+09 0.000E+00 7.000E+05
 9.20642867E-02   4521.9 9.206E+02 3.498E+10 1.183E-03 1.546E-02 2.000E+05 5.847E+09 0.000E+00 7.018E+05
 1.06780550E-01   4547.4 1.068E+03 4.124E+10 1.366E-03 1.573E-02 2.000E+05 5.847E+09 0.000E+00 7.035E+05
 1.23789259E-01   4572.5 1.238E+03 4.853E+10 1.575E-03 1.610E-02 2.000E+05 5.847E+09 0.000E+00 7.053E+05
 1.43469309E-01   4596.9 1.435E+03 5.695E+10 1.814E-03 1.666E-02 2.000E+05 5.847E+09 0.000E+00 7.070E+05
 1.66261406E-01   4621.1 1.663E+03 6.676E+10 2.088E-03 1.729E-02 2.000E+05 5.847E+09 0.000E+00 7.087E+05
 1.92684908E-01   4644.9 1.927E+03 7.812E+10 2.400E-03 1.801E-02 2.000E+05 5.847E+09 0.000E+00 7.104E+05
 2.23351781E-01   4668.3 2.234E+03 9.129E+10 2.756E-03 1.883E-02 2.000E+05 5.847E+09 0.000E+00 7.120E+05
 2.58985320E-01   4691.4 2.590E+03 1.065E+11 3.162E-03 1.977E-02 2.000E+05 5.847E+09 0.000E+00 7.136E+05
 3.00417258E-01   4714.4 3.004E+03 1.242E+11 3.626E-03 2.082E-02 2.000E+05 5.847E+09 0.000E+00 7.153E+05
 3.48620208E-01   4736.9 3.486E+03 1.447E+11 4.155E-03 2.211E-02 2.000E+05 5.847E+09 0.000E+00 7.168E+05
 4.04720520E-01   4759.5 4.047E+03 1.684E+11 4.761E-03 2.360E-02 2.000E+05 5.847E+09 0.000E+00 7.184E+05
 4.70023233E-01   4781.8 4.700E+03 1.959E+11 5.452E-03 2.525E-02 2.000E+05 5.847E+09 0.000E+00 7.199E+05
 5.46080008E-01   4803.9 5.461E+03 2.276E+11 6.241E-03 2.718E-02 2.000E+05 5.847E+09 0.000E+00 7.215E+05
 6.34714107E-01   4825.7 6.347E+03 2.641E+11 7.139E-03 2.937E-02 2.000E+05 5.847E+09 0.000E+00 7.229E+05
 7.38058458E-01   4847.4 7.381E+03 3.064E+11 8.164E-03 3.184E-02 2.000E+05 5.847E+09 0.000E+00 7.244E+05
 8.58637822E-01   4868.7 8.586E+03 3.551E+11 9.325E-03 3.464E-02 2.000E+05 5.847E+09 0.000E+00 7.258E+05
 9.99411681E-01   4890.1 9.994E+03 4.114E+11 1.065E-02 3.784E-02 2.000E+05 5.847E+09 0.000E+00 7.272E+05
 1.16365125E+00   4911.8 1.164E+04 4.769E+11 1.218E-02 4.172E-02 2.000E+05 5.847E+09 0.000E+00 7.286E+05
 1.35500148E+00   4934.4 1.355E+04 5.538E+11 1.396E-02 4.619E-02 2.000E+05 5.847E+09 0.000E+00 7.301E+05
 1.57761942E+00   4958.0 1.578E+04 6.444E+11 1.601E-02 5.136E-02 2.000E+05 5.847E+09 0.000E+00 7.316E+05
 1.83607123E+00   4983.4 1.836E+04 7.526E+11 1.842E-02 5.742E-02 2.000E+05 5.847E+09 0.000E+00 7.332E+05
 2.13516659E+00   5011.1 2.135E+04 8.831E+11 2.126E-02 6.457E-02 2.000E+05 5.847E+09 0.000E+00 7.350E+05
 2.47949557E+00   5042.7 2.479E+04 1.045E+12 2.472E-02 7.339E-02 2.000E+05 5.847E+09 0.000E+00 7.371E+05
 2.87293706E+00   5079.2 2.873E+04 1.248E+12 2.896E-02 8.414E-02 2.000E+05 5.847E+09 0.000E+00 7.396E+05
 3.31851532E+00   5122.0 3.318E+04 1.511E+12 3.428E-02 9.762E-02 2.000E+05 5.847E+09 0.000E+00 7.425E+05
 3.81696957E+00   5173.3 3.817E+04 1.862E+12 4.115E-02 1.150E-01 2.000E+05 5.847E+09 0.000E+00 7.461E+05
 4.36663260E+00   5234.3 4.367E+04 2.340E+12 5.013E-02 1.374E-01 2.000E+05 5.847E+09 0.000E+00 7.504E+05
 4.96310454E+00   5307.0 4.963E+04 3.013E+12 6.217E-02 1.672E-01 2.000E+05 5.847E+09 0.000E+00 7.556E+05
 5.59773455E+00   5394.1 5.598E+04 3.994E+12 7.881E-02 2.082E-01 2.000E+05 5.847E+09 0.000E+00 7.617E+05
 6.25578871E+00   5499.6 6.256E+04 5.493E+12 1.029E-01 2.676E-01 2.000E+05 5.847E+09 0.000E+00 7.691E+05
 6.91833600E+00   5626.3 6.918E+04 7.861E+12 1.383E-01 3.545E-01 2.000E+05 5.847E+09 0.000E+00 7.776E+05
 7.56551457E+00   5777.6 7.565E+04 1.174E+13 1.919E-01 4.861E-01 2.000E+05 5.848E+09 0.000E+00 7.874E+05
 8.17457528E+00   5960.7 8.174E+04 1.844E+13 2.777E-01 6.973E-01 2.000E+05 5.846E+09 4.453E+03 7.984E+05
 8.72590478E+00   6178.3 8.726E+04 3.032E+13 4.166E-01 1.040E+00 2.000E+05 5.840E+09 1.876E+04 8.102E+05
 9.20455143E+00   6439.8 9.204E+04 5.248E+13 6.555E-01 1.627E+00 2.000E+05 5.815E+09 5.119E+04 8.223E+05
 9.59961337E+00   6754.4 9.599E+04 9.552E+13 1.086E+00 2.649E+00 2.000E+05 5.700E+09 8.700E+04 8.336E+05
 9.90953007E+00   7117.0 9.909E+04 1.777E+14 1.870E+00 4.259E+00 2.000E+05 5.303E+09 1.307E+05 8.423E+05
 1.01557142E+01   7456.3 1.016E+05 3.009E+14 3.035E+00 5.800E+00 2.000E+05 4.465E+09 1.991E+05 8.471E+05
 1.03675114E+01   7742.6 1.037E+05 4.532E+14 4.500E+00 6.484E+00 2.000E+05 3.406E+09 2.382E+05 8.497E+05
 1.05655904E+01   7982.0 1.056E+05 6.247E+14 6.205E+00 6.408E+00 2.000E+05 2.471E+09 2.592E+05 8.518E+05
 1.07609919E+01   8197.5 1.076E+05 8.216E+14 8.238E+00 6.057E+00 2.000E+05 1.769E+09 2.701E+05 8.540E+05
 1.09609473E+01   8390.1 1.096E+05 1.038E+15 1.056E+01 5.592E+00 2.000E+05 1.274E+09 2.727E+05 8.566E+05
 1.11710308E+01   8570.5 1.117E+05 1.281E+15 1.329E+01 5.239E+00 2.000E+05 9.454E+08 2.740E+05 8.596E+05
 1.13954284E+01   8742.5 1.139E+05 1.554E+15 1.647E+01 4.896E+00 2.000E+05 7.101E+08 2.715E+05 8.632E+05
 1.16386895E+01   8906.7 1.164E+05 1.858E+15 2.014E+01 4.626E+00 2.000E+05 5.485E+08 2.694E+05 8.672E+05
 1.19045122E+01   9070.5 1.190E+05 2.208E+15 2.452E+01 4.358E+00 2.000E+05 4.237E+08 2.652E+05 8.719E+05
 1.21975639E+01   9227.5 1.220E+05 2.593E+15 2.950E+01 4.131E+00 2.000E+05 3.342E+08 2.627E+05 8.770E+05
 1.25216529E+01   9391.2 1.252E+05 3.048E+15 3.559E+01 3.908E+00 2.000E+05 2.616E+08 2.576E+05 8.830E+05
 1.28832358E+01   9544.8 1.288E+05 3.537E+15 4.221E+01 3.675E+00 2.000E+05 2.077E+08 2.544E+05 8.891E+05
 1.32875141E+01   9712.9 1.329E+05 4.139E+15 5.058E+01 3.517E+00 2.000E+05 1.657E+08 2.503E+05 8.965E+05
 1.37420829E+01   9867.6 1.374E+05 4.771E+15 5.947E+01 3.494E+00 2.000E+05 1.396E+08 2.462E+05 9.038E+05
PRADK 1.7326E+00
BEGIN                    ITERATION  15 COMPLETED
