TEFF   5000.  GRAVITY 6.00000     
TITLE   B a s i c A T L A S                                                     
 OPACITY IFOP 1 1 1 1 1 1 1 1 1 1 1 1 1 0 1 0 0 0 0 0
 CONVECTION ON   1.25 TURBULENCE OFF  0.00  0.00  0.00  0.00
ABUNDANCE SCALE   0.01000 ABUNDANCE CHANGE 1 0.91282 2 0.08717
 ABUNDANCE CHANGE  3  -8.78  4 -10.66  5  -9.25  6  -3.54  7  -4.18  8  -3.28
 ABUNDANCE CHANGE  9  -7.48 10  -4.02 11  -5.80 12  -4.44 13  -5.59 14  -4.53
 ABUNDANCE CHANGE 15  -6.58 16  -4.88 17  -6.54 18  -5.64 19  -6.93 20  -5.70
 ABUNDANCE CHANGE 21  -8.89 22  -7.09 23  -8.11 24  -6.40 25  -6.61 26  -4.52
 ABUNDANCE CHANGE 27  -7.05 28  -5.82 29  -7.85 30  -7.48 31  -9.00 32  -8.39
 ABUNDANCE CHANGE 33  -9.74 34  -8.70 35  -9.50 36  -8.79 37  -9.68 38  -9.17
 ABUNDANCE CHANGE 39  -9.83 40  -9.42 41 -10.58 42 -10.16 43 -20.00 44 -10.29
 ABUNDANCE CHANGE 45 -10.98 46 -10.39 47 -10.84 48 -10.33 49 -11.28 50 -10.00
 ABUNDANCE CHANGE 51 -11.03 52  -9.86 53 -10.49 54  -9.80 55 -10.96 56  -9.86
 ABUNDANCE CHANGE 57 -10.94 58 -10.46 59 -11.32 60 -10.62 61 -20.00 62 -11.08
 ABUNDANCE CHANGE 63 -11.52 64 -10.97 65 -11.74 66 -10.94 67 -11.56 68 -11.12
 ABUNDANCE CHANGE 69 -11.94 70 -11.12 71 -11.94 72 -11.17 73 -12.16 74 -11.39
 ABUNDANCE CHANGE 75 -11.78 76 -10.68 77 -10.66 78 -10.42 79 -11.24 80 -10.87
 ABUNDANCE CHANGE 81 -11.27 82 -10.00 83 -11.39 84 -20.00 85 -20.00 86 -20.00
 ABUNDANCE CHANGE 87 -20.00 88 -20.00 89 -20.00 90 -11.96 91 -20.00 92 -12.58
 ABUNDANCE CHANGE 93 -20.00 94 -20.00 95 -20.00 96 -20.00 97 -20.00 98 -20.00
 ABUNDANCE CHANGE 99 -20.00
READ DECK6 72 RHOX,T,P,XNE,ABROSS,ACCRAD,VTURB,         FLXRAD,VCONV,VELSND
 1.30231600E-03   3613.2 1.302E+03 2.258E+09 1.024E-04 2.657E-03 2.000E+05 2.820E+09 0.000E+00 6.066E+05
 1.69410156E-03   3625.3 1.694E+03 2.849E+09 1.246E-04 2.904E-03 2.000E+05 2.820E+09 0.000E+00 6.038E+05
 2.12900006E-03   3632.3 2.129E+03 3.482E+09 1.481E-04 3.182E-03 2.000E+05 2.820E+09 0.000E+00 6.003E+05
 2.61982552E-03   3643.1 2.620E+03 4.192E+09 1.742E-04 3.417E-03 2.000E+05 2.820E+09 0.000E+00 5.977E+05
 3.17939584E-03   3652.6 3.179E+03 4.979E+09 2.027E-04 3.666E-03 2.000E+05 2.820E+09 0.000E+00 5.949E+05
 3.82151604E-03   3665.5 3.822E+03 5.884E+09 2.353E-04 3.831E-03 2.000E+05 2.820E+09 0.000E+00 5.929E+05
 4.56125398E-03   3678.1 4.561E+03 6.908E+09 2.717E-04 4.009E-03 2.000E+05 2.820E+09 0.000E+00 5.908E+05
 5.41600273E-03   3692.2 5.416E+03 8.088E+09 3.134E-04 4.182E-03 2.000E+05 2.820E+09 0.000E+00 5.891E+05
 6.40519738E-03   3706.9 6.405E+03 9.440E+09 3.608E-04 4.362E-03 2.000E+05 2.820E+09 0.000E+00 5.876E+05
 7.55154335E-03   3722.5 7.552E+03 1.100E+10 4.150E-04 4.548E-03 2.000E+05 2.820E+09 0.000E+00 5.863E+05
 8.88059447E-03   3739.2 8.881E+03 1.280E+10 4.774E-04 4.738E-03 2.000E+05 2.820E+09 0.000E+00 5.852E+05
 1.04219357E-02   3756.7 1.042E+04 1.489E+10 5.488E-04 4.924E-03 2.000E+05 2.820E+09 0.000E+00 5.843E+05
 1.22090008E-02   3775.9 1.221E+04 1.733E+10 6.314E-04 5.077E-03 2.000E+05 2.820E+09 0.000E+00 5.838E+05
 1.42811484E-02   3795.3 1.428E+04 2.014E+10 7.259E-04 5.252E-03 2.000E+05 2.820E+09 0.000E+00 5.833E+05
 1.66850502E-02   3815.5 1.669E+04 2.341E+10 8.344E-04 5.418E-03 2.000E+05 2.820E+09 0.000E+00 5.830E+05
 1.94741142E-02   3836.3 1.947E+04 2.720E+10 9.589E-04 5.587E-03 2.000E+05 2.820E+09 0.000E+00 5.828E+05
 2.27112960E-02   3857.0 2.271E+04 3.158E+10 1.101E-03 5.780E-03 2.000E+05 2.820E+09 0.000E+00 5.825E+05
 2.64698992E-02   3877.9 2.647E+04 3.664E+10 1.265E-03 5.999E-03 2.000E+05 2.820E+09 0.000E+00 5.823E+05
 3.08359236E-02   3898.4 3.084E+04 4.249E+10 1.452E-03 6.252E-03 2.000E+05 2.820E+09 0.000E+00 5.821E+05
 3.59094294E-02   3919.2 3.591E+04 4.927E+10 1.666E-03 6.515E-03 2.000E+05 2.820E+09 0.000E+00 5.818E+05
 4.18099027E-02   3938.9 4.181E+04 5.703E+10 1.908E-03 6.827E-03 2.000E+05 2.820E+09 0.000E+00 5.814E+05
 4.86811967E-02   3957.9 4.868E+04 6.595E+10 2.184E-03 7.200E-03 2.000E+05 2.820E+09 0.000E+00 5.807E+05
 5.66932994E-02   3975.8 5.669E+04 7.616E+10 2.496E-03 7.645E-03 2.000E+05 2.820E+09 0.000E+00 5.799E+05
 6.60491869E-02   3992.7 6.605E+04 8.783E+10 2.848E-03 8.156E-03 2.000E+05 2.820E+09 0.000E+00 5.788E+05
 7.69899152E-02   4008.4 7.699E+04 1.012E+11 3.246E-03 8.749E-03 2.000E+05 2.820E+09 0.000E+00 5.776E+05
 8.98046148E-02   4022.8 8.980E+04 1.164E+11 3.692E-03 9.447E-03 2.000E+05 2.820E+09 0.000E+00 5.761E+05
 1.04836416E-01   4036.3 1.048E+05 1.337E+11 4.195E-03 1.026E-02 2.000E+05 2.820E+09 0.000E+00 5.744E+05
 1.22495570E-01   4048.6 1.225E+05 1.535E+11 4.758E-03 1.119E-02 2.000E+05 2.820E+09 0.000E+00 5.725E+05
 1.43267531E-01   4060.3 1.433E+05 1.761E+11 5.392E-03 1.226E-02 2.000E+05 2.820E+09 0.000E+00 5.705E+05
 1.67726338E-01   4071.4 1.677E+05 2.019E+11 6.103E-03 1.348E-02 2.000E+05 2.820E+09 0.000E+00 5.684E+05
 1.96544002E-01   4082.7 1.965E+05 2.317E+11 6.907E-03 1.487E-02 2.000E+05 2.820E+09 0.000E+00 5.664E+05
 2.30514013E-01   4093.8 2.305E+05 2.659E+11 7.811E-03 1.642E-02 2.000E+05 2.820E+09 0.000E+00 5.643E+05
 2.70565021E-01   4105.5 2.706E+05 3.055E+11 8.836E-03 1.817E-02 2.000E+05 2.820E+09 0.000E+00 5.622E+05
 3.17797808E-01   4117.3 3.178E+05 3.512E+11 9.989E-03 2.011E-02 2.000E+05 2.820E+09 0.000E+00 5.602E+05
 3.73499171E-01   4130.2 3.735E+05 4.043E+11 1.130E-02 2.228E-02 2.000E+05 2.820E+09 0.000E+00 5.583E+05
 4.39191149E-01   4143.4 4.392E+05 4.658E+11 1.277E-02 2.470E-02 2.000E+05 2.820E+09 0.000E+00 5.563E+05
 5.16641330E-01   4158.0 5.166E+05 5.377E+11 1.445E-02 2.743E-02 2.000E+05 2.820E+09 0.000E+00 5.546E+05
 6.07907822E-01   4173.4 6.079E+05 6.213E+11 1.636E-02 3.050E-02 2.000E+05 2.820E+09 0.000E+00 5.529E+05
 7.15360192E-01   4190.5 7.154E+05 7.197E+11 1.854E-02 3.397E-02 2.000E+05 2.820E+09 0.000E+00 5.514E+05
 8.41673416E-01   4209.6 8.417E+05 8.357E+11 2.106E-02 3.793E-02 2.000E+05 2.820E+09 0.000E+00 5.501E+05
 9.89725601E-01   4231.6 9.897E+05 9.739E+11 2.400E-02 4.251E-02 2.000E+05 2.820E+09 0.000E+00 5.493E+05
 1.16269373E+00   4256.7 1.163E+06 1.139E+12 2.743E-02 4.771E-02 2.000E+05 2.820E+09 0.000E+00 5.490E+05
 1.36398939E+00   4286.1 1.364E+06 1.339E+12 3.153E-02 5.390E-02 2.000E+05 2.820E+09 0.000E+00 5.493E+05
 1.59620611E+00   4324.4 1.596E+06 1.592E+12 3.674E-02 6.189E-02 2.000E+05 2.820E+09 0.000E+00 5.510E+05
 1.85253186E+00   4405.2 1.853E+06 2.007E+12 4.587E-02 7.387E-02 2.000E+05 2.817E+09 5.375E+03 5.596E+05
 2.12639950E+00   4486.4 2.126E+06 2.525E+12 5.708E-02 8.735E-02 2.000E+05 2.808E+09 7.944E+03 5.684E+05
 2.42076252E+00   4565.0 2.421E+06 3.168E+12 7.068E-02 1.030E-01 2.000E+05 2.790E+09 1.218E+04 5.769E+05
 2.73658402E+00   4646.3 2.737E+06 4.013E+12 8.818E-02 1.219E-01 2.000E+05 2.759E+09 1.472E+04 5.857E+05
 3.07432365E+00   4725.5 3.074E+06 5.095E+12 1.100E-01 1.440E-01 2.000E+05 2.712E+09 1.729E+04 5.943E+05
 3.43370897E+00   4808.0 3.434E+06 6.555E+12 1.384E-01 1.707E-01 2.000E+05 2.643E+09 2.116E+04 6.033E+05
 3.81436046E+00   4889.4 3.814E+06 8.461E+12 1.743E-01 2.009E-01 2.000E+05 2.548E+09 2.255E+04 6.122E+05
 4.21622051E+00   4973.4 4.216E+06 1.103E+13 2.209E-01 2.355E-01 2.000E+05 2.420E+09 2.712E+04 6.214E+05
 4.63866864E+00   5058.5 4.639E+06 1.445E+13 2.804E-01 2.723E-01 2.000E+05 2.257E+09 2.849E+04 6.308E+05
 5.08247224E+00   5144.9 5.083E+06 1.898E+13 3.559E-01 3.089E-01 2.000E+05 2.057E+09 3.258E+04 6.404E+05
 5.54766078E+00   5234.6 5.548E+06 2.512E+13 4.535E-01 3.428E-01 2.000E+05 1.823E+09 3.446E+04 6.504E+05
 6.03567057E+00   5324.9 6.036E+06 3.319E+13 5.755E-01 3.682E-01 2.000E+05 1.566E+09 3.779E+04 6.604E+05
 6.54697686E+00   5420.3 6.547E+06 4.423E+13 7.341E-01 3.851E-01 2.000E+05 1.300E+09 3.929E+04 6.711E+05
 7.08331634E+00   5515.9 7.083E+06 5.865E+13 9.307E-01 3.895E-01 2.000E+05 1.045E+09 4.233E+04 6.818E+05
 7.64532119E+00   5618.5 7.645E+06 7.860E+13 1.187E+00 3.875E-01 2.000E+05 8.169E+08 4.233E+04 6.933E+05
 8.23600743E+00   5720.2 8.236E+06 1.043E+14 1.500E+00 3.808E-01 2.000E+05 6.319E+08 4.557E+04 7.045E+05
 8.85545152E+00   5831.8 8.856E+06 1.407E+14 1.916E+00 3.776E-01 2.000E+05 4.853E+08 4.380E+04 7.170E+05
 9.50767678E+00   5939.8 9.508E+06 1.865E+14 2.410E+00 3.802E-01 2.000E+05 3.831E+08 4.726E+04 7.287E+05
 1.01925976E+01   6062.4 1.019E+07 2.531E+14 3.081E+00 3.890E-01 2.000E+05 3.036E+08 4.467E+04 7.421E+05
 1.09158739E+01   6177.6 1.092E+07 3.347E+14 3.852E+00 4.013E-01 2.000E+05 2.492E+08 4.751E+04 7.543E+05
 1.16772611E+01   6312.2 1.168E+07 4.564E+14 4.928E+00 4.235E-01 2.000E+05 2.051E+08 4.590E+04 7.684E+05
 1.24821972E+01   6436.7 1.248E+07 6.035E+14 6.145E+00 4.373E-01 2.000E+05 1.698E+08 4.661E+04 7.809E+05
 1.33328925E+01   6582.7 1.333E+07 8.230E+14 7.833E+00 4.705E-01 2.000E+05 1.433E+08 4.733E+04 7.955E+05
 1.42335565E+01   6719.5 1.423E+07 1.091E+15 9.770E+00 4.801E-01 2.000E+05 1.173E+08 4.525E+04 8.084E+05
 1.51881888E+01   6875.6 1.519E+07 1.481E+15 1.239E+01 5.160E-01 2.000E+05 9.926E+07 4.812E+04 8.227E+05
 1.62007079E+01   7027.0 1.620E+07 1.971E+15 1.546E+01 5.293E-01 2.000E+05 8.163E+07 4.459E+04 8.358E+05
 1.72776361E+01   7192.6 1.728E+07 2.653E+15 1.947E+01 5.618E-01 2.000E+05 6.877E+07 4.718E+04 8.496E+05
 1.84200837E+01   7358.3 1.842E+07 3.532E+15 2.431E+01 6.288E-01 2.000E+05 6.137E+07 4.586E+04 8.626E+05
PRADK 8.1659E-01
BEGIN                    ITERATION  15 COMPLETED
