TEFF   8000.  GRAVITY 5.00000     
TITLE   B a s i c A T L A S                                                     
 OPACITY IFOP 1 1 1 1 1 1 1 1 1 1 1 1 1 0 1 0 0 0 0 0
 CONVECTION ON   1.25 TURBULENCE OFF  0.00  0.00  0.00  0.00
ABUNDANCE SCALE   0.01000 ABUNDANCE CHANGE 1 0.91282 2 0.08717
 ABUNDANCE CHANGE  3  -8.78  4 -10.66  5  -9.25  6  -3.54  7  -4.18  8  -3.28
 ABUNDANCE CHANGE  9  -7.48 10  -4.02 11  -5.80 12  -4.44 13  -5.59 14  -4.53
 ABUNDANCE CHANGE 15  -6.58 16  -4.88 17  -6.54 18  -5.64 19  -6.93 20  -5.70
 ABUNDANCE CHANGE 21  -8.89 22  -7.09 23  -8.11 24  -6.40 25  -6.61 26  -4.52
 ABUNDANCE CHANGE 27  -7.05 28  -5.82 29  -7.85 30  -7.48 31  -9.00 32  -8.39
 ABUNDANCE CHANGE 33  -9.74 34  -8.70 35  -9.50 36  -8.79 37  -9.68 38  -9.17
 ABUNDANCE CHANGE 39  -9.83 40  -9.42 41 -10.58 42 -10.16 43 -20.00 44 -10.29
 ABUNDANCE CHANGE 45 -10.98 46 -10.39 47 -10.84 48 -10.33 49 -11.28 50 -10.00
 ABUNDANCE CHANGE 51 -11.03 52  -9.86 53 -10.49 54  -9.80 55 -10.96 56  -9.86
 ABUNDANCE CHANGE 57 -10.94 58 -10.46 59 -11.32 60 -10.62 61 -20.00 62 -11.08
 ABUNDANCE CHANGE 63 -11.52 64 -10.97 65 -11.74 66 -10.94 67 -11.56 68 -11.12
 ABUNDANCE CHANGE 69 -11.94 70 -11.12 71 -11.94 72 -11.17 73 -12.16 74 -11.39
 ABUNDANCE CHANGE 75 -11.78 76 -10.68 77 -10.66 78 -10.42 79 -11.24 80 -10.87
 ABUNDANCE CHANGE 81 -11.27 82 -10.00 83 -11.39 84 -20.00 85 -20.00 86 -20.00
 ABUNDANCE CHANGE 87 -20.00 88 -20.00 89 -20.00 90 -11.96 91 -20.00 92 -12.58
 ABUNDANCE CHANGE 93 -20.00 94 -20.00 95 -20.00 96 -20.00 97 -20.00 98 -20.00
 ABUNDANCE CHANGE 99 -20.00
READ DECK6 72 RHOX,T,P,XNE,ABROSS,ACCRAD,VTURB,         FLXRAD,VCONV,VELSND
 1.98255535E-05   5586.6 1.983E+00 3.522E+10 6.725E-03 2.985E-01 2.000E+05 1.848E+10 0.000E+00 1.047E+06
 2.66310257E-05   5596.6 2.664E+00 4.197E+10 6.346E-03 2.972E-01 2.000E+05 1.848E+10 0.000E+00 9.863E+05
 3.63290764E-05   5598.2 3.633E+00 4.930E+10 5.887E-03 2.943E-01 2.000E+05 1.848E+10 0.000E+00 9.350E+05
 4.99919725E-05   5610.6 5.000E+00 5.976E+10 5.690E-03 2.947E-01 2.000E+05 1.848E+10 0.000E+00 8.887E+05
 6.88193016E-05   5619.5 6.883E+00 7.184E+10 5.536E-03 2.947E-01 2.000E+05 1.848E+10 0.000E+00 8.519E+05
 9.42318086E-05   5633.8 9.423E+00 8.723E+10 5.556E-03 2.964E-01 2.000E+05 1.848E+10 0.000E+00 8.222E+05
 1.27548039E-04   5650.6 1.276E+01 1.060E+11 5.715E-03 2.993E-01 2.000E+05 1.848E+10 0.000E+00 7.993E+05
 1.70275081E-04   5669.9 1.703E+01 1.286E+11 6.003E-03 3.032E-01 2.000E+05 1.848E+10 0.000E+00 7.820E+05
 2.24010430E-04   5690.6 2.240E+01 1.554E+11 6.415E-03 3.078E-01 2.000E+05 1.848E+10 0.000E+00 7.693E+05
 2.90504161E-04   5713.9 2.905E+01 1.875E+11 6.969E-03 3.135E-01 2.000E+05 1.848E+10 0.000E+00 7.601E+05
 3.71572829E-04   5739.1 3.716E+01 2.256E+11 7.665E-03 3.204E-01 2.000E+05 1.848E+10 0.000E+00 7.534E+05
 4.69320407E-04   5766.2 4.693E+01 2.709E+11 8.521E-03 3.287E-01 2.000E+05 1.848E+10 0.000E+00 7.487E+05
 5.85949225E-04   5795.7 5.860E+01 3.250E+11 9.565E-03 3.384E-01 2.000E+05 1.848E+10 0.000E+00 7.456E+05
 7.24894373E-04   5821.8 7.249E+01 3.848E+11 1.068E-02 3.477E-01 2.000E+05 1.848E+10 0.000E+00 7.437E+05
 8.90062059E-04   5850.6 8.901E+01 4.564E+11 1.203E-02 3.592E-01 2.000E+05 1.848E+10 0.000E+00 7.427E+05
 1.08560903E-03   5878.5 1.086E+02 5.381E+11 1.354E-02 3.716E-01 2.000E+05 1.848E+10 0.000E+00 7.424E+05
 1.31680499E-03   5907.5 1.317E+02 6.338E+11 1.530E-02 3.862E-01 2.000E+05 1.848E+10 0.000E+00 7.426E+05
 1.58976750E-03   5935.8 1.590E+02 7.432E+11 1.727E-02 4.022E-01 2.000E+05 1.848E+10 0.000E+00 7.433E+05
 1.91206579E-03   5964.3 1.912E+02 8.696E+11 1.952E-02 4.204E-01 2.000E+05 1.848E+10 0.000E+00 7.444E+05
 2.29258230E-03   5992.2 2.293E+02 1.014E+12 2.203E-02 4.404E-01 2.000E+05 1.848E+10 0.000E+00 7.457E+05
 2.74201822E-03   6020.0 2.742E+02 1.180E+12 2.488E-02 4.629E-01 2.000E+05 1.848E+10 0.000E+00 7.473E+05
 3.27312534E-03   6047.3 3.273E+02 1.370E+12 2.806E-02 4.878E-01 2.000E+05 1.848E+10 0.000E+00 7.491E+05
 3.90116910E-03   6074.3 3.901E+02 1.586E+12 3.164E-02 5.159E-01 2.000E+05 1.848E+10 0.000E+00 7.510E+05
 4.64427261E-03   6100.9 4.644E+02 1.834E+12 3.564E-02 5.468E-01 2.000E+05 1.848E+10 0.000E+00 7.532E+05
 5.52403974E-03   6127.2 5.524E+02 2.117E+12 4.014E-02 5.808E-01 2.000E+05 1.848E+10 0.000E+00 7.554E+05
 6.56638962E-03   6153.0 6.566E+02 2.439E+12 4.515E-02 6.178E-01 2.000E+05 1.848E+10 0.000E+00 7.577E+05
 7.80270802E-03   6178.1 7.803E+02 2.804E+12 5.073E-02 6.580E-01 2.000E+05 1.848E+10 0.000E+00 7.602E+05
 9.27162000E-03   6202.1 9.272E+02 3.215E+12 5.687E-02 7.014E-01 2.000E+05 1.848E+10 0.000E+00 7.627E+05
 1.10210340E-02   6224.7 1.102E+03 3.675E+12 6.360E-02 7.485E-01 2.000E+05 1.848E+10 0.000E+00 7.654E+05
 1.31102814E-02   6245.6 1.311E+03 4.186E+12 7.091E-02 7.995E-01 2.000E+05 1.848E+10 0.000E+00 7.681E+05
 1.56130222E-02   6264.6 1.561E+03 4.751E+12 7.883E-02 8.549E-01 2.000E+05 1.848E+10 0.000E+00 7.709E+05
 1.86201885E-02   6281.8 1.862E+03 5.376E+12 8.737E-02 9.154E-01 2.000E+05 1.848E+10 0.000E+00 7.737E+05
 2.22414399E-02   6297.9 2.224E+03 6.071E+12 9.669E-02 9.824E-01 2.000E+05 1.848E+10 0.000E+00 7.766E+05
 2.66063071E-02   6313.3 2.661E+03 6.852E+12 1.070E-01 1.057E+00 2.000E+05 1.848E+10 0.000E+00 7.795E+05
 3.18662600E-02   6328.9 3.187E+03 7.740E+12 1.184E-01 1.141E+00 2.000E+05 1.848E+10 0.000E+00 7.824E+05
 3.81918819E-02   6345.8 3.819E+03 8.767E+12 1.315E-01 1.238E+00 2.000E+05 1.848E+10 0.000E+00 7.853E+05
 4.57808290E-02   6363.7 4.578E+03 9.948E+12 1.463E-01 1.347E+00 2.000E+05 1.848E+10 0.000E+00 7.882E+05
 5.48660330E-02   6382.9 5.487E+03 1.132E+13 1.632E-01 1.471E+00 2.000E+05 1.848E+10 0.000E+00 7.911E+05
 6.57183728E-02   6403.5 6.572E+03 1.290E+13 1.824E-01 1.613E+00 2.000E+05 1.848E+10 0.000E+00 7.940E+05
 7.86487129E-02   6425.9 7.865E+03 1.475E+13 2.044E-01 1.776E+00 2.000E+05 1.848E+10 0.000E+00 7.968E+05
 9.40126837E-02   6450.5 9.401E+03 1.691E+13 2.298E-01 1.967E+00 2.000E+05 1.848E+10 0.000E+00 7.996E+05
 1.12182536E-01   6478.8 1.122E+04 1.952E+13 2.598E-01 2.196E+00 2.000E+05 1.848E+10 0.000E+00 8.025E+05
 1.33546782E-01   6511.6 1.335E+04 2.267E+13 2.956E-01 2.471E+00 2.000E+05 1.848E+10 0.000E+00 8.053E+05
 1.58479309E-01   6550.7 1.585E+04 2.659E+13 3.393E-01 2.811E+00 2.000E+05 1.848E+10 0.000E+00 8.082E+05
 1.87297553E-01   6597.5 1.873E+04 3.154E+13 3.935E-01 3.235E+00 2.000E+05 1.848E+10 0.000E+00 8.112E+05
 2.20200007E-01   6654.9 2.202E+04 3.800E+13 4.629E-01 3.781E+00 2.000E+05 1.848E+10 0.000E+00 8.142E+05
 2.57196005E-01   6724.9 2.572E+04 4.659E+13 5.535E-01 4.498E+00 2.000E+05 1.848E+10 0.000E+00 8.174E+05
 2.98070501E-01   6810.2 2.981E+04 5.828E+13 6.746E-01 5.461E+00 2.000E+05 1.848E+10 0.000E+00 8.206E+05
 3.42279361E-01   6914.8 3.423E+04 7.469E+13 8.417E-01 6.798E+00 2.000E+05 1.848E+10 0.000E+00 8.239E+05
 3.88918978E-01   7041.9 3.889E+04 9.825E+13 1.078E+00 8.708E+00 2.000E+05 1.848E+10 0.000E+00 8.271E+05
 4.36700442E-01   7196.9 4.367E+04 1.332E+14 1.427E+00 1.153E+01 2.000E+05 1.848E+10 0.000E+00 8.303E+05
 4.83999300E-01   7384.6 4.840E+04 1.864E+14 1.958E+00 1.589E+01 2.000E+05 1.848E+10 9.110E+01 8.333E+05
 5.29056060E-01   7609.7 5.290E+04 2.690E+14 2.799E+00 2.289E+01 2.000E+05 1.848E+10 2.859E+03 8.360E+05
 5.70024046E-01   7883.7 5.700E+04 4.030E+14 4.215E+00 3.483E+01 2.000E+05 1.847E+10 9.713E+03 8.391E+05
 6.05345154E-01   8211.1 6.053E+04 6.231E+14 6.708E+00 5.637E+01 2.000E+05 1.847E+10 3.227E+04 8.436E+05
 6.33660284E-01   8623.6 6.336E+04 1.014E+15 1.166E+01 9.845E+01 2.000E+05 1.826E+10 8.925E+04 8.519E+05
 6.54359385E-01   9125.2 6.543E+04 1.704E+15 2.180E+01 1.742E+02 2.000E+05 1.713E+10 1.498E+05 8.679E+05
 6.69717648E-01   9579.1 6.696E+04 2.577E+15 3.662E+01 2.379E+02 2.000E+05 1.436E+10 2.713E+05 8.885E+05
 6.83237675E-01   9902.3 6.831E+04 3.371E+15 5.133E+01 2.417E+02 2.000E+05 1.095E+10 3.295E+05 9.068E+05
 6.96614925E-01  10175.8 6.964E+04 4.162E+15 6.691E+01 2.216E+02 2.000E+05 7.996E+09 3.617E+05 9.246E+05
 7.10714162E-01  10408.3 7.105E+04 4.928E+15 8.269E+01 1.966E+02 2.000E+05 5.818E+09 3.831E+05 9.415E+05
 7.26053655E-01  10638.4 7.258E+04 5.768E+15 1.007E+02 1.733E+02 2.000E+05 4.215E+09 3.946E+05 9.597E+05
 7.43148531E-01  10842.5 7.429E+04 6.592E+15 1.187E+02 1.558E+02 2.000E+05 3.183E+09 4.030E+05 9.770E+05
 7.62447568E-01  11064.8 7.621E+04 7.555E+15 1.404E+02 1.424E+02 2.000E+05 2.433E+09 4.083E+05 9.972E+05
 7.84532029E-01  11264.6 7.842E+04 8.504E+15 1.616E+02 1.323E+02 2.000E+05 1.962E+09 4.115E+05 1.016E+06
 8.10060412E-01  11498.6 8.097E+04 9.670E+15 1.868E+02 1.253E+02 2.000E+05 1.596E+09 4.152E+05 1.040E+06
 8.39861641E-01  11710.4 8.394E+04 1.082E+16 2.112E+02 1.179E+02 2.000E+05 1.335E+09 4.166E+05 1.062E+06
 8.74770651E-01  11971.4 8.743E+04 1.228E+16 2.419E+02 1.160E+02 2.000E+05 1.143E+09 4.221E+05 1.091E+06
 9.15879360E-01  12210.7 9.154E+04 1.374E+16 2.712E+02 1.089E+02 2.000E+05 9.594E+08 4.191E+05 1.118E+06
 9.64564735E-01  12506.0 9.640E+04 1.555E+16 3.066E+02 1.119E+02 2.000E+05 8.678E+08 4.313E+05 1.152E+06
 1.02261295E+00  12807.7 1.022E+05 1.749E+16 3.383E+02 1.068E+02 2.000E+05 7.526E+08 4.233E+05 1.188E+06
 1.09333974E+00  13150.9 1.093E+05 1.974E+16 3.689E+02 1.128E+02 2.000E+05 7.215E+08 4.359E+05 1.228E+06
PRADK 5.4931E+00
BEGIN                    ITERATION  15 COMPLETED
