TEFF   8000.  GRAVITY 2.00000     
TITLE   B a s i c A T L A S                                                     
 OPACITY IFOP 1 1 1 1 1 1 1 1 1 1 1 1 1 0 1 0 0 0 0 0
 CONVECTION ON   1.25 TURBULENCE OFF  0.00  0.00  0.00  0.00
ABUNDANCE SCALE   0.01000 ABUNDANCE CHANGE 1 0.91282 2 0.08717
 ABUNDANCE CHANGE  3  -8.78  4 -10.66  5  -9.25  6  -3.54  7  -4.18  8  -3.28
 ABUNDANCE CHANGE  9  -7.48 10  -4.02 11  -5.80 12  -4.44 13  -5.59 14  -4.53
 ABUNDANCE CHANGE 15  -6.58 16  -4.88 17  -6.54 18  -5.64 19  -6.93 20  -5.70
 ABUNDANCE CHANGE 21  -8.89 22  -7.09 23  -8.11 24  -6.40 25  -6.61 26  -4.52
 ABUNDANCE CHANGE 27  -7.05 28  -5.82 29  -7.85 30  -7.48 31  -9.00 32  -8.39
 ABUNDANCE CHANGE 33  -9.74 34  -8.70 35  -9.50 36  -8.79 37  -9.68 38  -9.17
 ABUNDANCE CHANGE 39  -9.83 40  -9.42 41 -10.58 42 -10.16 43 -20.00 44 -10.29
 ABUNDANCE CHANGE 45 -10.98 46 -10.39 47 -10.84 48 -10.33 49 -11.28 50 -10.00
 ABUNDANCE CHANGE 51 -11.03 52  -9.86 53 -10.49 54  -9.80 55 -10.96 56  -9.86
 ABUNDANCE CHANGE 57 -10.94 58 -10.46 59 -11.32 60 -10.62 61 -20.00 62 -11.08
 ABUNDANCE CHANGE 63 -11.52 64 -10.97 65 -11.74 66 -10.94 67 -11.56 68 -11.12
 ABUNDANCE CHANGE 69 -11.94 70 -11.12 71 -11.94 72 -11.17 73 -12.16 74 -11.39
 ABUNDANCE CHANGE 75 -11.78 76 -10.68 77 -10.66 78 -10.42 79 -11.24 80 -10.87
 ABUNDANCE CHANGE 81 -11.27 82 -10.00 83 -11.39 84 -20.00 85 -20.00 86 -20.00
 ABUNDANCE CHANGE 87 -20.00 88 -20.00 89 -20.00 90 -11.96 91 -20.00 92 -12.58
 ABUNDANCE CHANGE 93 -20.00 94 -20.00 95 -20.00 96 -20.00 97 -20.00 98 -20.00
 ABUNDANCE CHANGE 99 -20.00
READ DECK6 72 RHOX,T,P,XNE,ABROSS,ACCRAD,VTURB,         FLXRAD,VCONV,VELSND
 9.23714884E-07   5130.5 9.194E-05 4.018E+07 1.430E-01 1.206E+00 2.000E+05 1.848E+10 0.000E+00 7.030E+07
 1.24986177E-06   5131.5 1.245E-04 5.016E+07 1.276E-01 1.090E+00 2.000E+05 1.848E+10 0.000E+00 5.738E+07
 1.74086918E-06   5132.5 1.734E-04 6.340E+07 1.117E-01 9.706E-01 2.000E+05 1.848E+10 0.000E+00 4.722E+07
 2.49840380E-06   5133.4 2.489E-04 8.099E+07 9.599E-02 8.516E-01 2.000E+05 1.848E+10 3.056E+08 3.886E+07
 3.69485094E-06   5134.4 3.680E-04 1.045E+08 8.091E-02 7.376E-01 2.000E+05 1.848E+10 2.074E+08 3.184E+07
 5.60450000E-06   5136.0 5.582E-04 1.359E+08 6.718E-02 6.340E-01 2.000E+05 1.848E+10 1.739E+08 2.594E+07
 8.68591206E-06   5139.7 8.652E-04 1.783E+08 5.537E-02 5.451E-01 2.000E+05 1.848E+10 1.356E+08 2.104E+07
 1.36909323E-05   5144.6 1.364E-03 2.352E+08 4.535E-02 4.697E-01 2.000E+05 1.848E+10 9.364E+07 1.701E+07
 2.18440771E-05   5152.1 2.177E-03 3.125E+08 3.715E-02 4.083E-01 2.000E+05 1.848E+10 6.338E+07 1.376E+07
 3.51081910E-05   5161.3 3.500E-03 4.168E+08 3.049E-02 3.584E-01 2.000E+05 1.848E+10 4.125E+07 1.115E+07
 5.65812485E-05   5173.6 5.642E-03 5.589E+08 2.523E-02 3.190E-01 2.000E+05 1.848E+10 2.722E+07 9.069E+06
 9.09881747E-05   5189.2 9.074E-03 7.530E+08 2.113E-02 2.883E-01 2.000E+05 1.848E+10 1.812E+07 7.418E+06
 1.45237322E-04   5210.0 1.449E-02 1.022E+09 1.806E-02 2.652E-01 2.000E+05 1.848E+10 1.234E+07 6.104E+06
 2.28818454E-04   5236.6 2.283E-02 1.398E+09 1.583E-02 2.481E-01 2.000E+05 1.848E+10 8.427E+06 5.058E+06
 3.54182072E-04   5269.4 3.534E-02 1.924E+09 1.426E-02 2.357E-01 2.000E+05 1.848E+10 5.741E+06 4.221E+06
 5.36992545E-04   5308.1 5.358E-02 2.657E+09 1.322E-02 2.267E-01 2.000E+05 1.848E+10 3.885E+06 3.551E+06
 7.96542061E-04   5351.6 7.948E-02 3.669E+09 1.256E-02 2.203E-01 2.000E+05 1.848E+10 2.588E+06 3.013E+06
 1.15663621E-03   5398.8 1.154E-01 5.049E+09 1.219E-02 2.156E-01 2.000E+05 1.848E+10 1.678E+06 2.580E+06
 1.64705800E-03   5448.3 1.644E-01 6.904E+09 1.202E-02 2.123E-01 2.000E+05 1.848E+10 2.861E+05 2.230E+06
 2.30609160E-03   5498.7 2.301E-01 9.358E+09 1.199E-02 2.100E-01 2.000E+05 1.848E+10 1.269E+05 1.947E+06
 3.18386869E-03   5549.1 3.178E-01 1.256E+10 1.205E-02 2.087E-01 2.000E+05 1.848E+10 5.860E+04 1.716E+06
 4.34516631E-03   5599.2 4.337E-01 1.672E+10 1.218E-02 2.082E-01 2.000E+05 1.848E+10 2.561E+04 1.527E+06
 5.87361007E-03   5648.8 5.862E-01 2.205E+10 1.236E-02 2.087E-01 2.000E+05 1.848E+10 9.914E+03 1.373E+06
 7.87457390E-03   5698.2 7.859E-01 2.890E+10 1.263E-02 2.102E-01 2.000E+05 1.848E+10 2.778E+03 1.245E+06
 1.04779488E-02   5747.7 1.046E+00 3.765E+10 1.299E-02 2.129E-01 2.000E+05 1.848E+10 0.000E+00 1.141E+06
 1.38374153E-02   5798.0 1.381E+00 4.887E+10 1.349E-02 2.171E-01 2.000E+05 1.848E+10 0.000E+00 1.056E+06
 1.81347955E-02   5848.6 1.810E+00 6.309E+10 1.411E-02 2.225E-01 2.000E+05 1.848E+10 0.000E+00 9.863E+05
 2.35866609E-02   5899.4 2.354E+00 8.099E+10 1.489E-02 2.292E-01 2.000E+05 1.848E+10 0.000E+00 9.305E+05
 3.04541778E-02   5949.3 3.039E+00 1.032E+11 1.580E-02 2.367E-01 2.000E+05 1.848E+10 0.000E+00 8.860E+05
 3.90751863E-02   5996.8 3.899E+00 1.301E+11 1.679E-02 2.447E-01 2.000E+05 1.848E+10 0.000E+00 8.506E+05
 4.99109447E-02   6039.9 4.980E+00 1.619E+11 1.778E-02 2.528E-01 2.000E+05 1.848E+10 0.000E+00 8.227E+05
 6.36119782E-02   6077.4 6.347E+00 1.986E+11 1.869E-02 2.607E-01 2.000E+05 1.848E+10 0.000E+00 8.006E+05
 8.10281223E-02   6110.9 8.084E+00 2.413E+11 1.959E-02 2.695E-01 2.000E+05 1.848E+10 0.000E+00 7.831E+05
 1.03171279E-01   6142.3 1.029E+01 2.917E+11 2.058E-02 2.797E-01 2.000E+05 1.848E+10 0.000E+00 7.691E+05
 1.31132609E-01   6174.3 1.308E+01 3.523E+11 2.184E-02 2.924E-01 2.000E+05 1.848E+10 0.000E+00 7.581E+05
 1.66125401E-01   6206.5 1.657E+01 4.247E+11 2.337E-02 3.073E-01 2.000E+05 1.848E+10 0.000E+00 7.497E+05
 2.09483943E-01   6240.2 2.089E+01 5.120E+11 2.528E-02 3.256E-01 2.000E+05 1.848E+10 0.000E+00 7.434E+05
 2.62699403E-01   6274.3 2.619E+01 6.155E+11 2.757E-02 3.470E-01 2.000E+05 1.848E+10 0.000E+00 7.388E+05
 3.27425857E-01   6310.2 3.264E+01 7.395E+11 3.038E-02 3.728E-01 2.000E+05 1.848E+10 0.000E+00 7.356E+05
 4.05396630E-01   6347.8 4.041E+01 8.879E+11 3.378E-02 4.041E-01 2.000E+05 1.848E+10 0.000E+00 7.336E+05
 4.98439792E-01   6388.0 4.968E+01 1.067E+12 3.793E-02 4.423E-01 2.000E+05 1.848E+10 0.000E+00 7.326E+05
 6.08331208E-01   6431.6 6.061E+01 1.284E+12 4.306E-02 4.896E-01 2.000E+05 1.848E+10 0.000E+00 7.323E+05
 7.36637482E-01   6480.0 7.338E+01 1.550E+12 4.948E-02 5.493E-01 2.000E+05 1.848E+10 0.000E+00 7.326E+05
 8.84449080E-01   6534.5 8.807E+01 1.883E+12 5.770E-02 6.262E-01 2.000E+05 1.848E+10 0.000E+00 7.336E+05
 1.05208775E+00   6597.0 1.047E+02 2.306E+12 6.843E-02 7.278E-01 2.000E+05 1.848E+10 0.000E+00 7.350E+05
 1.23850814E+00   6670.4 1.232E+02 2.858E+12 8.299E-02 8.662E-01 2.000E+05 1.848E+10 0.000E+00 7.371E+05
 1.44099474E+00   6756.8 1.433E+02 3.588E+12 1.032E-01 1.059E+00 2.000E+05 1.848E+10 0.000E+00 7.398E+05
 1.65503858E+00   6859.3 1.644E+02 4.579E+12 1.322E-01 1.338E+00 2.000E+05 1.848E+10 5.090E+00 7.435E+05
 1.87393368E+00   6981.9 1.860E+02 5.956E+12 1.756E-01 1.757E+00 2.000E+05 1.848E+10 4.104E+01 7.484E+05
 2.08920504E+00   7128.3 2.071E+02 7.909E+12 2.432E-01 2.406E+00 2.000E+05 1.848E+10 8.459E+01 7.552E+05
 2.29160705E+00   7303.3 2.267E+02 1.073E+13 3.533E-01 3.456E+00 2.000E+05 1.848E+10 1.573E+02 7.648E+05
 2.47285778E+00   7509.8 2.441E+02 1.482E+13 5.392E-01 5.204E+00 2.000E+05 1.848E+10 3.392E+02 7.785E+05
 2.62719258E+00   7753.7 2.585E+02 2.079E+13 8.653E-01 8.196E+00 2.000E+05 1.848E+10 9.369E+02 7.983E+05
 2.75276352E+00   8036.2 2.697E+02 2.927E+13 1.442E+00 1.332E+01 2.000E+05 1.848E+10 3.095E+03 8.267E+05
 2.85271944E+00   8354.9 2.780E+02 4.058E+13 2.417E+00 2.156E+01 2.000E+05 1.848E+10 1.062E+04 8.666E+05
 2.93270103E+00   8714.5 2.839E+02 5.457E+13 3.959E+00 3.396E+01 2.000E+05 1.847E+10 3.189E+04 9.220E+05
 3.00037363E+00   9106.3 2.878E+02 6.916E+13 5.896E+00 4.883E+01 2.000E+05 1.850E+10 6.647E+04 9.932E+05
 3.06566879E+00   9566.0 2.907E+02 8.212E+13 7.711E+00 6.162E+01 2.000E+05 1.845E+10 7.243E+04 1.083E+06
 3.13899532E+00  10042.6 2.934E+02 8.934E+13 8.259E+00 6.496E+01 2.000E+05 1.851E+10 3.791E+04 1.173E+06
 3.24037701E+00  10626.1 2.973E+02 9.184E+13 7.344E+00 5.725E+01 2.000E+05 1.847E+10 9.902E+03 1.280E+06
 3.39938630E+00  11226.0 3.050E+02 9.179E+13 5.930E+00 4.620E+01 2.000E+05 1.847E+10 2.514E+03 1.401E+06
 3.67447348E+00  11953.3 3.215E+02 9.207E+13 4.439E+00 3.486E+01 2.000E+05 1.851E+10 7.002E+02 1.536E+06
 4.15895709E+00  12713.9 3.553E+02 9.621E+13 3.426E+00 2.669E+01 2.000E+05 1.844E+10 2.610E+02 1.622E+06
 4.98277700E+00  13586.4 4.182E+02 1.066E+14 2.742E+00 2.138E+01 2.000E+05 1.852E+10 1.653E+02 1.647E+06
 6.28927785E+00  14503.2 5.229E+02 1.260E+14 2.410E+00 1.864E+01 2.000E+05 1.844E+10 1.855E+02 1.663E+06
 8.22143136E+00  15528.5 6.817E+02 1.556E+14 2.218E+00 1.716E+01 2.000E+05 1.851E+10 1.721E+02 1.730E+06
 1.09773038E+01  16616.5 9.115E+02 1.965E+14 2.097E+00 1.617E+01 2.000E+05 1.846E+10 1.774E+01 1.849E+06
 1.48609537E+01  17817.9 1.239E+03 2.504E+14 1.987E+00 1.533E+01 2.000E+05 1.849E+10 0.000E+00 1.985E+06
 2.02589462E+01  19097.6 1.697E+03 3.209E+14 1.928E+00 1.484E+01 2.000E+05 1.846E+10 0.000E+00 2.098E+06
 2.76415720E+01  20498.9 2.327E+03 4.103E+14 1.889E+00 1.454E+01 2.000E+05 1.850E+10 0.000E+00 2.193E+06
 3.75901907E+01  21995.9 3.178E+03 5.223E+14 1.886E+00 1.447E+01 2.000E+05 1.845E+10 0.000E+00 2.278E+06
 5.07797937E+01  23615.3 4.308E+03 6.595E+14 1.907E+00 1.423E+01 2.000E+05 1.851E+10 0.000E+00 2.361E+06
PRADK 5.4818E+00
BEGIN                    ITERATION  15 COMPLETED
