TEFF   4000.  GRAVITY 2.00000     
TITLE   B a s i c A T L A S                                                     
 OPACITY IFOP 1 1 1 1 1 1 1 1 1 1 1 1 1 0 1 0 0 0 0 0
 CONVECTION ON   1.25 TURBULENCE OFF  0.00  0.00  0.00  0.00
ABUNDANCE SCALE   0.01000 ABUNDANCE CHANGE 1 0.91282 2 0.08717
 ABUNDANCE CHANGE  3  -8.78  4 -10.66  5  -9.25  6  -3.54  7  -4.18  8  -3.28
 ABUNDANCE CHANGE  9  -7.48 10  -4.02 11  -5.80 12  -4.44 13  -5.59 14  -4.53
 ABUNDANCE CHANGE 15  -6.58 16  -4.88 17  -6.54 18  -5.64 19  -6.93 20  -5.70
 ABUNDANCE CHANGE 21  -8.89 22  -7.09 23  -8.11 24  -6.40 25  -6.61 26  -4.52
 ABUNDANCE CHANGE 27  -7.05 28  -5.82 29  -7.85 30  -7.48 31  -9.00 32  -8.39
 ABUNDANCE CHANGE 33  -9.74 34  -8.70 35  -9.50 36  -8.79 37  -9.68 38  -9.17
 ABUNDANCE CHANGE 39  -9.83 40  -9.42 41 -10.58 42 -10.16 43 -20.00 44 -10.29
 ABUNDANCE CHANGE 45 -10.98 46 -10.39 47 -10.84 48 -10.33 49 -11.28 50 -10.00
 ABUNDANCE CHANGE 51 -11.03 52  -9.86 53 -10.49 54  -9.80 55 -10.96 56  -9.86
 ABUNDANCE CHANGE 57 -10.94 58 -10.46 59 -11.32 60 -10.62 61 -20.00 62 -11.08
 ABUNDANCE CHANGE 63 -11.52 64 -10.97 65 -11.74 66 -10.94 67 -11.56 68 -11.12
 ABUNDANCE CHANGE 69 -11.94 70 -11.12 71 -11.94 72 -11.17 73 -12.16 74 -11.39
 ABUNDANCE CHANGE 75 -11.78 76 -10.68 77 -10.66 78 -10.42 79 -11.24 80 -10.87
 ABUNDANCE CHANGE 81 -11.27 82 -10.00 83 -11.39 84 -20.00 85 -20.00 86 -20.00
 ABUNDANCE CHANGE 87 -20.00 88 -20.00 89 -20.00 90 -11.96 91 -20.00 92 -12.58
 ABUNDANCE CHANGE 93 -20.00 94 -20.00 95 -20.00 96 -20.00 97 -20.00 98 -20.00
 ABUNDANCE CHANGE 99 -20.00
READ DECK6 72 RHOX,T,P,XNE,ABROSS,ACCRAD,VTURB,         FLXRAD,VCONV,VELSND
 1.33382711E-02   2159.4 1.334E+00 2.728E+05 9.998E-06 1.401E-04 2.000E+05 1.155E+09 0.000E+00 4.011E+05
 1.76744551E-02   2177.5 1.767E+00 3.606E+05 1.052E-05 1.413E-04 2.000E+05 1.155E+09 0.000E+00 3.987E+05
 2.31631191E-02   2195.0 2.316E+00 4.717E+05 1.110E-05 1.429E-04 2.000E+05 1.155E+09 0.000E+00 3.971E+05
 3.01130808E-02   2211.6 3.011E+00 6.117E+05 1.166E-05 1.443E-04 2.000E+05 1.155E+09 0.000E+00 3.959E+05
 3.89658212E-02   2226.6 3.897E+00 7.884E+05 1.214E-05 1.453E-04 2.000E+05 1.155E+09 0.000E+00 3.948E+05
 5.03151611E-02   2243.0 5.031E+00 1.016E+06 1.263E-05 1.461E-04 2.000E+05 1.155E+09 0.000E+00 3.943E+05
 6.48504543E-02   2261.9 6.485E+00 1.310E+06 1.316E-05 1.465E-04 2.000E+05 1.155E+09 0.000E+00 3.947E+05
 8.34135894E-02   2283.8 8.341E+00 1.692E+06 1.376E-05 1.464E-04 2.000E+05 1.155E+09 0.000E+00 3.960E+05
 1.07127845E-01   2304.4 1.071E+01 2.180E+06 1.433E-05 1.459E-04 2.000E+05 1.155E+09 0.000E+00 3.970E+05
 1.37608700E-01   2323.0 1.376E+01 2.802E+06 1.483E-05 1.448E-04 2.000E+05 1.155E+09 0.000E+00 3.975E+05
 1.76830967E-01   2344.7 1.768E+01 3.617E+06 1.540E-05 1.432E-04 2.000E+05 1.155E+09 0.000E+00 3.988E+05
 2.27086055E-01   2369.7 2.271E+01 4.685E+06 1.607E-05 1.410E-04 2.000E+05 1.155E+09 0.000E+00 4.009E+05
 2.91171099E-01   2399.3 2.912E+01 6.103E+06 1.683E-05 1.378E-04 2.000E+05 1.155E+09 0.000E+00 4.041E+05
 3.73243394E-01   2424.7 3.732E+01 7.910E+06 1.742E-05 1.342E-04 2.000E+05 1.155E+09 0.000E+00 4.063E+05
 4.79139876E-01   2453.6 4.791E+01 1.033E+07 1.800E-05 1.297E-04 2.000E+05 1.155E+09 0.000E+00 4.091E+05
 6.15373531E-01   2487.1 6.154E+01 1.363E+07 1.871E-05 1.251E-04 2.000E+05 1.155E+09 0.000E+00 4.130E+05
 7.89872167E-01   2525.0 7.899E+01 1.818E+07 1.949E-05 1.203E-04 2.000E+05 1.155E+09 0.000E+00 4.177E+05
 1.01390702E+00   2564.4 1.014E+02 2.447E+07 2.017E-05 1.152E-04 2.000E+05 1.155E+09 0.000E+00 4.227E+05
 1.30411110E+00   2607.0 1.304E+02 3.343E+07 2.069E-05 1.103E-04 2.000E+05 1.155E+09 0.000E+00 4.282E+05
 1.68080334E+00   2655.9 1.681E+02 4.686E+07 2.129E-05 1.064E-04 2.000E+05 1.155E+09 0.000E+00 4.348E+05
 2.16926932E+00   2709.4 2.169E+02 6.716E+07 2.190E-05 1.032E-04 2.000E+05 1.155E+09 0.000E+00 4.422E+05
 2.79932645E+00   2768.0 2.799E+02 9.845E+07 2.275E-05 1.009E-04 2.000E+05 1.155E+09 0.000E+00 4.505E+05
 3.60548494E+00   2828.8 3.605E+02 1.456E+08 2.378E-05 1.004E-04 2.000E+05 1.155E+09 0.000E+00 4.592E+05
 4.61964356E+00   2890.3 4.620E+02 2.144E+08 2.565E-05 1.010E-04 2.000E+05 1.155E+09 0.000E+00 4.680E+05
 5.84688556E+00   2947.9 5.847E+02 3.072E+08 2.877E-05 1.030E-04 2.000E+05 1.155E+09 0.000E+00 4.761E+05
 7.29380439E+00   2999.3 7.294E+02 4.239E+08 3.277E-05 1.057E-04 2.000E+05 1.155E+09 0.000E+00 4.831E+05
 8.97270975E+00   3044.2 8.973E+02 5.639E+08 3.794E-05 1.091E-04 2.000E+05 1.155E+09 0.000E+00 4.888E+05
 1.09001314E+01   3082.4 1.090E+03 7.247E+08 4.414E-05 1.135E-04 2.000E+05 1.155E+09 0.000E+00 4.931E+05
 1.31108252E+01   3115.1 1.311E+03 9.069E+08 5.128E-05 1.187E-04 2.000E+05 1.155E+09 0.000E+00 4.964E+05
 1.56545222E+01   3143.4 1.565E+03 1.112E+09 5.928E-05 1.247E-04 2.000E+05 1.155E+09 0.000E+00 4.988E+05
 1.85933960E+01   3168.3 1.859E+03 1.343E+09 6.835E-05 1.316E-04 2.000E+05 1.155E+09 0.000E+00 5.005E+05
 2.19928716E+01   3190.3 2.199E+03 1.603E+09 7.878E-05 1.394E-04 2.000E+05 1.155E+09 0.000E+00 5.016E+05
 2.59369318E+01   3209.8 2.594E+03 1.894E+09 9.025E-05 1.485E-04 2.000E+05 1.155E+09 0.000E+00 5.022E+05
 3.05382844E+01   3227.8 3.054E+03 2.226E+09 1.030E-04 1.588E-04 2.000E+05 1.155E+09 0.000E+00 5.025E+05
 3.59126539E+01   3244.3 3.591E+03 2.601E+09 1.177E-04 1.708E-04 2.000E+05 1.155E+09 0.000E+00 5.025E+05
 4.21877380E+01   3260.3 4.219E+03 3.032E+09 1.344E-04 1.845E-04 2.000E+05 1.155E+09 0.000E+00 5.024E+05
 4.95175805E+01   3276.1 4.952E+03 3.530E+09 1.533E-04 2.001E-04 2.000E+05 1.155E+09 0.000E+00 5.022E+05
 5.80811919E+01   3292.4 5.808E+03 4.111E+09 1.751E-04 2.179E-04 2.000E+05 1.155E+09 0.000E+00 5.022E+05
 6.80810338E+01   3309.7 6.808E+03 4.797E+09 2.001E-04 2.384E-04 2.000E+05 1.155E+09 0.000E+00 5.024E+05
 7.97244197E+01   3328.2 7.972E+03 5.608E+09 2.296E-04 2.622E-04 2.000E+05 1.155E+09 0.000E+00 5.027E+05
 9.32401712E+01   3348.8 9.324E+03 6.582E+09 2.640E-04 2.899E-04 2.000E+05 1.155E+09 0.000E+00 5.035E+05
 1.08886962E+02   3372.0 1.089E+04 7.764E+09 3.047E-04 3.225E-04 2.000E+05 1.155E+09 0.000E+00 5.048E+05
 1.26905443E+02   3399.0 1.269E+04 9.220E+09 3.540E-04 3.613E-04 2.000E+05 1.155E+09 0.000E+00 5.067E+05
 1.47524721E+02   3430.1 1.475E+04 1.102E+10 4.138E-04 4.074E-04 2.000E+05 1.155E+09 0.000E+00 5.095E+05
 1.70950854E+02   3466.7 1.710E+04 1.330E+10 4.879E-04 4.627E-04 2.000E+05 1.155E+09 0.000E+00 5.132E+05
 1.97279314E+02   3509.1 1.973E+04 1.615E+10 5.825E-04 5.290E-04 2.000E+05 1.155E+09 0.000E+00 5.181E+05
 2.26561357E+02   3558.6 2.266E+04 1.976E+10 7.011E-04 6.085E-04 2.000E+05 1.155E+09 0.000E+00 5.242E+05
 2.58866018E+02   3616.2 2.589E+04 2.433E+10 8.509E-04 7.034E-04 2.000E+05 1.155E+09 0.000E+00 5.320E+05
 2.94198721E+02   3682.6 2.942E+04 3.008E+10 1.041E-03 8.138E-04 2.000E+05 1.155E+09 0.000E+00 5.414E+05
 3.32617330E+02   3758.7 3.326E+04 3.726E+10 1.279E-03 9.414E-04 2.000E+05 1.155E+09 1.156E+03 5.528E+05
 3.74341164E+02   3845.5 3.743E+04 4.621E+10 1.570E-03 1.086E-03 2.000E+05 1.155E+09 3.005E+03 5.663E+05
 4.19661734E+02   3943.9 4.197E+04 5.757E+10 1.929E-03 1.253E-03 2.000E+05 1.155E+09 3.487E+03 5.822E+05
 4.68608395E+02   4055.2 4.686E+04 7.306E+10 2.400E-03 1.465E-03 2.000E+05 1.155E+09 4.187E+03 6.005E+05
 5.20141622E+02   4180.7 5.201E+04 9.742E+10 3.113E-03 1.790E-03 2.000E+05 1.155E+09 7.415E+03 6.212E+05
 5.70993010E+02   4325.3 5.710E+04 1.436E+11 4.406E-03 2.382E-03 2.000E+05 1.152E+09 1.631E+04 6.444E+05
 6.16557706E+02   4487.0 6.166E+04 2.378E+11 6.879E-03 3.486E-03 2.000E+05 1.140E+09 3.785E+04 6.684E+05
 6.53949425E+02   4666.5 6.539E+04 4.330E+11 1.156E-02 5.452E-03 2.000E+05 1.106E+09 6.615E+04 6.921E+05
 6.82936825E+02   4863.5 6.829E+04 8.341E+11 2.015E-02 8.618E-03 2.000E+05 1.032E+09 8.714E+04 7.145E+05
 7.05356658E+02   5060.8 7.053E+04 1.565E+12 3.405E-02 1.240E-02 2.000E+05 8.963E+08 1.207E+05 7.338E+05
 7.23780921E+02   5239.2 7.238E+04 2.684E+12 5.305E-02 1.524E-02 2.000E+05 7.146E+08 1.468E+05 7.492E+05
 7.40176304E+02   5397.4 7.402E+04 4.223E+12 7.678E-02 1.657E-02 2.000E+05 5.372E+08 1.660E+05 7.617E+05
 7.55630657E+02   5544.2 7.556E+04 6.304E+12 1.064E-01 1.694E-02 2.000E+05 3.927E+08 1.789E+05 7.724E+05
 7.70809618E+02   5680.4 7.708E+04 8.992E+12 1.419E-01 1.677E-02 2.000E+05 2.875E+08 1.853E+05 7.816E+05
 7.86168749E+02   5811.6 7.861E+04 1.248E+13 1.851E-01 1.701E-02 2.000E+05 2.209E+08 1.923E+05 7.900E+05
 8.01928929E+02   5943.2 8.019E+04 1.710E+13 2.394E-01 1.675E-02 2.000E+05 1.674E+08 1.919E+05 7.979E+05
 8.18403882E+02   6066.3 8.184E+04 2.272E+13 3.020E-01 1.738E-02 2.000E+05 1.373E+08 1.978E+05 8.047E+05
 8.35599510E+02   6204.0 8.356E+04 3.081E+13 3.881E-01 1.770E-02 2.000E+05 1.087E+08 1.952E+05 8.118E+05
 8.53824523E+02   6323.8 8.538E+04 3.980E+13 4.802E-01 1.776E-02 2.000E+05 8.826E+07 1.977E+05 8.175E+05
 8.73064545E+02   6469.3 8.730E+04 5.358E+13 6.162E-01 1.884E-02 2.000E+05 7.289E+07 1.986E+05 8.237E+05
 8.93510736E+02   6594.1 8.935E+04 6.859E+13 7.597E-01 1.832E-02 2.000E+05 5.752E+07 1.945E+05 8.284E+05
 9.15322573E+02   6740.2 9.153E+04 9.047E+13 9.641E-01 1.958E-02 2.000E+05 4.841E+07 1.987E+05 8.333E+05
 9.38445458E+02   6876.9 9.384E+04 1.162E+14 1.199E+00 2.090E-02 2.000E+05 4.146E+07 1.942E+05 8.372E+05
PRADK 3.3956E-01
BEGIN                    ITERATION  15 COMPLETED
