TEFF   7000.  GRAVITY 6.00000     
TITLE   B a s i c A T L A S                                                     
 OPACITY IFOP 1 1 1 1 1 1 1 1 1 1 1 1 1 0 1 0 0 0 0 0
 CONVECTION ON   1.25 TURBULENCE OFF  0.00  0.00  0.00  0.00
ABUNDANCE SCALE   0.01000 ABUNDANCE CHANGE 1 0.91282 2 0.08717
 ABUNDANCE CHANGE  3  -8.78  4 -10.66  5  -9.25  6  -3.54  7  -4.18  8  -3.28
 ABUNDANCE CHANGE  9  -7.48 10  -4.02 11  -5.80 12  -4.44 13  -5.59 14  -4.53
 ABUNDANCE CHANGE 15  -6.58 16  -4.88 17  -6.54 18  -5.64 19  -6.93 20  -5.70
 ABUNDANCE CHANGE 21  -8.89 22  -7.09 23  -8.11 24  -6.40 25  -6.61 26  -4.52
 ABUNDANCE CHANGE 27  -7.05 28  -5.82 29  -7.85 30  -7.48 31  -9.00 32  -8.39
 ABUNDANCE CHANGE 33  -9.74 34  -8.70 35  -9.50 36  -8.79 37  -9.68 38  -9.17
 ABUNDANCE CHANGE 39  -9.83 40  -9.42 41 -10.58 42 -10.16 43 -20.00 44 -10.29
 ABUNDANCE CHANGE 45 -10.98 46 -10.39 47 -10.84 48 -10.33 49 -11.28 50 -10.00
 ABUNDANCE CHANGE 51 -11.03 52  -9.86 53 -10.49 54  -9.80 55 -10.96 56  -9.86
 ABUNDANCE CHANGE 57 -10.94 58 -10.46 59 -11.32 60 -10.62 61 -20.00 62 -11.08
 ABUNDANCE CHANGE 63 -11.52 64 -10.97 65 -11.74 66 -10.94 67 -11.56 68 -11.12
 ABUNDANCE CHANGE 69 -11.94 70 -11.12 71 -11.94 72 -11.17 73 -12.16 74 -11.39
 ABUNDANCE CHANGE 75 -11.78 76 -10.68 77 -10.66 78 -10.42 79 -11.24 80 -10.87
 ABUNDANCE CHANGE 81 -11.27 82 -10.00 83 -11.39 84 -20.00 85 -20.00 86 -20.00
 ABUNDANCE CHANGE 87 -20.00 88 -20.00 89 -20.00 90 -11.96 91 -20.00 92 -12.58
 ABUNDANCE CHANGE 93 -20.00 94 -20.00 95 -20.00 96 -20.00 97 -20.00 98 -20.00
 ABUNDANCE CHANGE 99 -20.00
READ DECK6 72 RHOX,T,P,XNE,ABROSS,ACCRAD,VTURB,         FLXRAD,VCONV,VELSND
 9.07516591E-05   4997.0 9.085E+01 4.449E+10 1.468E-03 7.133E-02 2.000E+05 1.084E+10 0.000E+00 7.427E+05
 1.18596174E-04   5023.7 1.187E+02 5.538E+10 1.724E-03 7.298E-02 2.000E+05 1.084E+10 0.000E+00 7.411E+05
 1.51441533E-04   5024.7 1.516E+02 6.279E+10 1.886E-03 7.388E-02 2.000E+05 1.084E+10 0.000E+00 7.396E+05
 1.90464042E-04   5045.0 1.906E+02 7.501E+10 2.165E-03 7.547E-02 2.000E+05 1.084E+10 0.000E+00 7.393E+05
 2.36333413E-04   5056.9 2.365E+02 8.685E+10 2.429E-03 7.681E-02 2.000E+05 1.084E+10 0.000E+00 7.393E+05
 2.90611591E-04   5073.5 2.908E+02 1.014E+11 2.753E-03 7.840E-02 2.000E+05 1.084E+10 0.000E+00 7.396E+05
 3.54417573E-04   5090.5 3.547E+02 1.181E+11 3.118E-03 8.016E-02 2.000E+05 1.084E+10 0.000E+00 7.403E+05
 4.29523209E-04   5108.6 4.298E+02 1.375E+11 3.538E-03 8.215E-02 2.000E+05 1.084E+10 0.000E+00 7.411E+05
 5.17709921E-04   5127.6 5.181E+02 1.600E+11 4.018E-03 8.431E-02 2.000E+05 1.084E+10 0.000E+00 7.421E+05
 6.21266425E-04   5147.2 6.217E+02 1.860E+11 4.565E-03 8.668E-02 2.000E+05 1.084E+10 0.000E+00 7.433E+05
 7.42831795E-04   5167.2 7.433E+02 2.161E+11 5.186E-03 8.927E-02 2.000E+05 1.084E+10 0.000E+00 7.445E+05
 8.85338340E-04   5188.7 8.859E+02 2.515E+11 5.906E-03 9.220E-02 2.000E+05 1.084E+10 0.000E+00 7.459E+05
 1.05259001E-03   5208.7 1.053E+03 2.911E+11 6.698E-03 9.538E-02 2.000E+05 1.084E+10 0.000E+00 7.473E+05
 1.24889604E-03   5230.6 1.250E+03 3.382E+11 7.625E-03 9.921E-02 2.000E+05 1.084E+10 0.000E+00 7.487E+05
 1.47915323E-03   5251.3 1.480E+03 3.910E+11 8.650E-03 1.034E-01 2.000E+05 1.084E+10 0.000E+00 7.502E+05
 1.74974454E-03   5272.8 1.751E+03 4.526E+11 9.825E-03 1.081E-01 2.000E+05 1.084E+10 0.000E+00 7.517E+05
 2.06761312E-03   5293.7 2.069E+03 5.226E+11 1.114E-02 1.135E-01 2.000E+05 1.084E+10 0.000E+00 7.532E+05
 2.44171370E-03   5314.4 2.443E+03 6.026E+11 1.262E-02 1.195E-01 2.000E+05 1.084E+10 0.000E+00 7.548E+05
 2.88242319E-03   5334.6 2.884E+03 6.932E+11 1.427E-02 1.262E-01 2.000E+05 1.084E+10 0.000E+00 7.563E+05
 3.40261331E-03   5354.0 3.404E+03 7.955E+11 1.611E-02 1.339E-01 2.000E+05 1.084E+10 0.000E+00 7.578E+05
 4.01741288E-03   5372.6 4.019E+03 9.107E+11 1.816E-02 1.427E-01 2.000E+05 1.084E+10 0.000E+00 7.592E+05
 4.74599961E-03   5390.2 4.748E+03 1.039E+12 2.042E-02 1.526E-01 2.000E+05 1.084E+10 0.000E+00 7.606E+05
 5.61029646E-03   5407.2 5.612E+03 1.185E+12 2.294E-02 1.637E-01 2.000E+05 1.084E+10 0.000E+00 7.619E+05
 6.63798713E-03   5423.0 6.640E+03 1.345E+12 2.570E-02 1.759E-01 2.000E+05 1.084E+10 0.000E+00 7.632E+05
 7.86087626E-03   5438.5 7.863E+03 1.528E+12 2.880E-02 1.898E-01 2.000E+05 1.084E+10 0.000E+00 7.645E+05
 9.31849601E-03   5452.9 9.321E+03 1.730E+12 3.219E-02 2.050E-01 2.000E+05 1.084E+10 0.000E+00 7.657E+05
 1.10575890E-02   5466.6 1.106E+04 1.955E+12 3.595E-02 2.222E-01 2.000E+05 1.084E+10 0.000E+00 7.668E+05
 1.31354505E-02   5479.7 1.314E+04 2.208E+12 4.012E-02 2.415E-01 2.000E+05 1.084E+10 0.000E+00 7.679E+05
 1.56192371E-02   5492.2 1.562E+04 2.490E+12 4.474E-02 2.629E-01 2.000E+05 1.084E+10 0.000E+00 7.689E+05
 1.85897662E-02   5504.5 1.859E+04 2.807E+12 4.990E-02 2.868E-01 2.000E+05 1.084E+10 0.000E+00 7.699E+05
 2.21422542E-02   5516.4 2.215E+04 3.163E+12 5.562E-02 3.134E-01 2.000E+05 1.084E+10 0.000E+00 7.708E+05
 2.63911336E-02   5528.5 2.639E+04 3.565E+12 6.204E-02 3.431E-01 2.000E+05 1.084E+10 0.000E+00 7.718E+05
 3.14707327E-02   5540.5 3.147E+04 4.019E+12 6.921E-02 3.763E-01 2.000E+05 1.084E+10 0.000E+00 7.726E+05
 3.75386664E-02   5552.9 3.754E+04 4.536E+12 7.732E-02 4.142E-01 2.000E+05 1.084E+10 0.000E+00 7.735E+05
 4.47777694E-02   5565.9 4.478E+04 5.125E+12 8.647E-02 4.567E-01 2.000E+05 1.084E+10 0.000E+00 7.743E+05
 5.34023778E-02   5579.7 5.340E+04 5.802E+12 9.686E-02 5.047E-01 2.000E+05 1.084E+10 0.000E+00 7.752E+05
 6.36648245E-02   5594.0 6.367E+04 6.575E+12 1.086E-01 5.587E-01 2.000E+05 1.084E+10 0.000E+00 7.760E+05
 7.58585371E-02   5609.5 7.586E+04 7.469E+12 1.220E-01 6.202E-01 2.000E+05 1.084E+10 0.000E+00 7.769E+05
 9.03251404E-02   5625.8 9.033E+04 8.498E+12 1.372E-01 6.902E-01 2.000E+05 1.084E+10 0.000E+00 7.778E+05
 1.07451411E-01   5643.8 1.074E+05 9.704E+12 1.548E-01 7.716E-01 2.000E+05 1.084E+10 0.000E+00 7.787E+05
 1.27642446E-01   5664.5 1.276E+05 1.114E+13 1.755E-01 8.681E-01 2.000E+05 1.084E+10 0.000E+00 7.797E+05
 1.51336598E-01   5688.3 1.513E+05 1.288E+13 1.999E-01 9.820E-01 2.000E+05 1.084E+10 0.000E+00 7.810E+05
 1.78988115E-01   5716.3 1.790E+05 1.501E+13 2.293E-01 1.119E+00 2.000E+05 1.084E+10 0.000E+00 7.824E+05
 2.11009649E-01   5750.0 2.110E+05 1.770E+13 2.652E-01 1.287E+00 2.000E+05 1.084E+10 0.000E+00 7.843E+05
 2.47753714E-01   5790.2 2.477E+05 2.112E+13 3.097E-01 1.496E+00 2.000E+05 1.084E+10 0.000E+00 7.865E+05
 2.89384099E-01   5840.6 2.894E+05 2.574E+13 3.673E-01 1.766E+00 2.000E+05 1.084E+10 0.000E+00 7.896E+05
 3.35923185E-01   5900.5 3.359E+05 3.185E+13 4.408E-01 2.110E+00 2.000E+05 1.084E+10 0.000E+00 7.933E+05
 3.87220565E-01   5972.2 3.872E+05 4.024E+13 5.372E-01 2.563E+00 2.000E+05 1.084E+10 0.000E+00 7.979E+05
 4.42642446E-01   6063.8 4.426E+05 5.279E+13 6.736E-01 3.207E+00 2.000E+05 1.085E+10 0.000E+00 8.039E+05
 5.00494461E-01   6186.2 5.004E+05 7.310E+13 8.797E-01 4.184E+00 2.000E+05 1.085E+10 0.000E+00 8.121E+05
 5.58854704E-01   6334.1 5.586E+05 1.046E+14 1.178E+00 5.605E+00 2.000E+05 1.084E+10 0.000E+00 8.215E+05
 6.15957218E-01   6517.2 6.155E+05 1.566E+14 1.633E+00 7.760E+00 2.000E+05 1.080E+10 0.000E+00 8.326E+05
 6.69923973E-01   6737.3 6.695E+05 2.440E+14 2.338E+00 1.106E+01 2.000E+05 1.070E+10 2.097E+04 8.449E+05
 7.19085164E-01   7003.9 7.187E+05 3.981E+14 3.485E+00 1.623E+01 2.000E+05 1.048E+10 5.973E+04 8.581E+05
 7.62616377E-01   7300.2 7.623E+05 6.548E+14 5.267E+00 2.353E+01 2.000E+05 1.001E+10 8.985E+04 8.705E+05
 8.01324054E-01   7601.1 8.010E+05 1.042E+15 7.823E+00 3.209E+01 2.000E+05 9.192E+09 1.085E+05 8.808E+05
 8.36646137E-01   7889.0 8.363E+05 1.570E+15 1.122E+01 3.974E+01 2.000E+05 8.007E+09 1.316E+05 8.887E+05
 8.70372613E-01   8145.9 8.701E+05 2.214E+15 1.531E+01 4.423E+01 2.000E+05 6.618E+09 1.483E+05 8.945E+05
 9.03781466E-01   8388.9 9.035E+05 3.010E+15 2.035E+01 4.584E+01 2.000E+05 5.244E+09 1.610E+05 8.992E+05
 9.37774140E-01   8614.1 9.374E+05 3.947E+15 2.634E+01 4.494E+01 2.000E+05 4.032E+09 1.677E+05 9.032E+05
 9.73116188E-01   8829.9 9.728E+05 5.060E+15 3.351E+01 4.314E+01 2.000E+05 3.072E+09 1.723E+05 9.069E+05
 1.01044272E+00   9037.4 1.010E+06 6.365E+15 4.202E+01 4.098E+01 2.000E+05 2.338E+09 1.734E+05 9.106E+05
 1.05038127E+00   9238.1 1.050E+06 7.883E+15 5.208E+01 3.890E+01 2.000E+05 1.791E+09 1.726E+05 9.144E+05
 1.09359033E+00   9434.3 1.093E+06 9.650E+15 6.388E+01 3.740E+01 2.000E+05 1.401E+09 1.724E+05 9.185E+05
 1.14067606E+00   9631.0 1.140E+06 1.174E+16 7.793E+01 3.537E+01 2.000E+05 1.083E+09 1.684E+05 9.230E+05
 1.19251376E+00   9819.0 1.192E+06 1.409E+16 9.384E+01 3.417E+01 2.000E+05 8.699E+08 1.677E+05 9.278E+05
 1.24968949E+00  10019.4 1.249E+06 1.700E+16 1.137E+02 3.256E+01 2.000E+05 6.817E+08 1.631E+05 9.333E+05
 1.31331889E+00  10202.3 1.313E+06 2.012E+16 1.350E+02 3.086E+01 2.000E+05 5.458E+08 1.606E+05 9.389E+05
 1.38419348E+00  10408.3 1.384E+06 2.413E+16 1.627E+02 2.995E+01 2.000E+05 4.391E+08 1.578E+05 9.456E+05
 1.46358780E+00  10592.0 1.463E+06 2.837E+16 1.917E+02 2.779E+01 2.000E+05 3.459E+08 1.527E+05 9.521E+05
 1.55270600E+00  10800.8 1.552E+06 3.380E+16 2.293E+02 2.706E+01 2.000E+05 2.811E+08 1.513E+05 9.599E+05
 1.65311643E+00  10990.3 1.653E+06 3.962E+16 2.690E+02 2.672E+01 2.000E+05 2.357E+08 1.467E+05 9.675E+05
PRADK 3.2089E+00
BEGIN                    ITERATION  15 COMPLETED
