TEFF   7000.  GRAVITY 2.00000     
TITLE   B a s i c A T L A S                                                     
 OPACITY IFOP 1 1 1 1 1 1 1 1 1 1 1 1 1 0 1 0 0 0 0 0
 CONVECTION ON   1.25 TURBULENCE OFF  0.00  0.00  0.00  0.00
ABUNDANCE SCALE   0.01000 ABUNDANCE CHANGE 1 0.91282 2 0.08717
 ABUNDANCE CHANGE  3  -8.78  4 -10.66  5  -9.25  6  -3.54  7  -4.18  8  -3.28
 ABUNDANCE CHANGE  9  -7.48 10  -4.02 11  -5.80 12  -4.44 13  -5.59 14  -4.53
 ABUNDANCE CHANGE 15  -6.58 16  -4.88 17  -6.54 18  -5.64 19  -6.93 20  -5.70
 ABUNDANCE CHANGE 21  -8.89 22  -7.09 23  -8.11 24  -6.40 25  -6.61 26  -4.52
 ABUNDANCE CHANGE 27  -7.05 28  -5.82 29  -7.85 30  -7.48 31  -9.00 32  -8.39
 ABUNDANCE CHANGE 33  -9.74 34  -8.70 35  -9.50 36  -8.79 37  -9.68 38  -9.17
 ABUNDANCE CHANGE 39  -9.83 40  -9.42 41 -10.58 42 -10.16 43 -20.00 44 -10.29
 ABUNDANCE CHANGE 45 -10.98 46 -10.39 47 -10.84 48 -10.33 49 -11.28 50 -10.00
 ABUNDANCE CHANGE 51 -11.03 52  -9.86 53 -10.49 54  -9.80 55 -10.96 56  -9.86
 ABUNDANCE CHANGE 57 -10.94 58 -10.46 59 -11.32 60 -10.62 61 -20.00 62 -11.08
 ABUNDANCE CHANGE 63 -11.52 64 -10.97 65 -11.74 66 -10.94 67 -11.56 68 -11.12
 ABUNDANCE CHANGE 69 -11.94 70 -11.12 71 -11.94 72 -11.17 73 -12.16 74 -11.39
 ABUNDANCE CHANGE 75 -11.78 76 -10.68 77 -10.66 78 -10.42 79 -11.24 80 -10.87
 ABUNDANCE CHANGE 81 -11.27 82 -10.00 83 -11.39 84 -20.00 85 -20.00 86 -20.00
 ABUNDANCE CHANGE 87 -20.00 88 -20.00 89 -20.00 90 -11.96 91 -20.00 92 -12.58
 ABUNDANCE CHANGE 93 -20.00 94 -20.00 95 -20.00 96 -20.00 97 -20.00 98 -20.00
 ABUNDANCE CHANGE 99 -20.00
READ DECK6 72 RHOX,T,P,XNE,ABROSS,ACCRAD,VTURB,         FLXRAD,VCONV,VELSND
 5.15084034E-05   4512.2 5.164E-03 5.934E+07 2.581E-03 3.291E-02 2.000E+05 1.083E+10 0.000E+00 1.160E+07
 6.94399372E-05   4524.7 6.961E-03 7.249E+07 2.368E-03 3.198E-02 2.000E+05 1.083E+10 0.000E+00 1.034E+07
 9.60463305E-05   4529.5 9.627E-03 8.685E+07 2.081E-03 3.070E-02 2.000E+05 1.083E+10 0.000E+00 9.203E+06
 1.35991178E-04   4542.2 1.363E-02 1.087E+08 1.870E-03 2.973E-02 2.000E+05 1.083E+10 5.090E+06 8.052E+06
 1.95560175E-04   4556.7 1.960E-02 1.380E+08 1.681E-03 2.880E-02 2.000E+05 1.083E+10 3.767E+06 6.991E+06
 2.83192742E-04   4576.1 2.837E-02 1.789E+08 1.536E-03 2.802E-02 2.000E+05 1.083E+10 2.870E+06 6.024E+06
 4.10121158E-04   4599.5 4.108E-02 2.354E+08 1.425E-03 2.731E-02 2.000E+05 1.083E+10 2.113E+06 5.171E+06
 5.90859577E-04   4627.0 5.918E-02 3.136E+08 1.346E-03 2.665E-02 2.000E+05 1.083E+10 1.536E+06 4.433E+06
 8.43778565E-04   4658.2 8.451E-02 4.208E+08 1.293E-03 2.601E-02 2.000E+05 1.083E+10 1.090E+06 3.804E+06
 1.19215194E-03   4692.1 1.194E-01 5.665E+08 1.261E-03 2.537E-02 2.000E+05 1.083E+10 7.478E+05 3.275E+06
 1.66587245E-03   4728.0 1.668E-01 7.623E+08 1.243E-03 2.474E-02 2.000E+05 1.083E+10 4.847E+05 2.833E+06
 2.30371919E-03   4764.9 2.307E-01 1.022E+09 1.236E-03 2.412E-02 2.000E+05 1.083E+10 1.208E+05 2.464E+06
 3.15672020E-03   4802.3 3.160E-01 1.364E+09 1.235E-03 2.355E-02 2.000E+05 1.083E+10 2.567E+04 2.157E+06
 4.29147410E-03   4839.7 4.296E-01 1.809E+09 1.241E-03 2.304E-02 2.000E+05 1.083E+10 0.000E+00 1.901E+06
 5.79417386E-03   4877.1 5.800E-01 2.386E+09 1.253E-03 2.260E-02 2.000E+05 1.083E+10 0.000E+00 1.687E+06
 7.77461389E-03   4914.4 7.782E-01 3.132E+09 1.271E-03 2.222E-02 2.000E+05 1.083E+10 0.000E+00 1.508E+06
 1.03710195E-02   4951.8 1.038E+00 4.091E+09 1.296E-03 2.189E-02 2.000E+05 1.083E+10 0.000E+00 1.360E+06
 1.37569355E-02   4988.8 1.377E+00 5.313E+09 1.329E-03 2.161E-02 2.000E+05 1.083E+10 0.000E+00 1.237E+06
 1.81512939E-02   5024.9 1.817E+00 6.850E+09 1.368E-03 2.139E-02 2.000E+05 1.083E+10 0.000E+00 1.136E+06
 2.38327069E-02   5059.6 2.385E+00 8.756E+09 1.413E-03 2.126E-02 2.000E+05 1.083E+10 0.000E+00 1.053E+06
 3.11511626E-02   5092.6 3.117E+00 1.110E+10 1.465E-03 2.123E-02 2.000E+05 1.083E+10 0.000E+00 9.860E+05
 4.05419376E-02   5124.6 4.057E+00 1.397E+10 1.529E-03 2.137E-02 2.000E+05 1.083E+10 0.000E+00 9.317E+05
 5.24951440E-02   5156.2 5.252E+00 1.750E+10 1.608E-03 2.165E-02 2.000E+05 1.083E+10 0.000E+00 8.882E+05
 6.75706136E-02   5188.1 6.760E+00 2.184E+10 1.709E-03 2.209E-02 2.000E+05 1.083E+10 0.000E+00 8.534E+05
 8.63551082E-02   5221.0 8.639E+00 2.723E+10 1.841E-03 2.270E-02 2.000E+05 1.083E+10 0.000E+00 8.258E+05
 1.09466869E-01   5255.4 1.095E+01 3.389E+10 2.008E-03 2.347E-02 2.000E+05 1.083E+10 0.000E+00 8.042E+05
 1.37561330E-01   5290.9 1.376E+01 4.209E+10 2.214E-03 2.441E-02 2.000E+05 1.083E+10 0.000E+00 7.874E+05
 1.71352057E-01   5327.6 1.714E+01 5.215E+10 2.466E-03 2.552E-02 2.000E+05 1.083E+10 0.000E+00 7.745E+05
 2.11656573E-01   5364.7 2.117E+01 6.432E+10 2.766E-03 2.678E-02 2.000E+05 1.083E+10 0.000E+00 7.645E+05
 2.59466070E-01   5401.4 2.595E+01 7.884E+10 3.115E-03 2.819E-02 2.000E+05 1.083E+10 0.000E+00 7.571E+05
 3.16039087E-01   5436.9 3.160E+01 9.588E+10 3.511E-03 2.974E-02 2.000E+05 1.083E+10 0.000E+00 7.515E+05
 3.83025482E-01   5470.3 3.830E+01 1.155E+11 3.950E-03 3.144E-02 2.000E+05 1.083E+10 0.000E+00 7.475E+05
 4.62538716E-01   5501.1 4.625E+01 1.378E+11 4.432E-03 3.330E-02 2.000E+05 1.083E+10 0.000E+00 7.448E+05
 5.57246467E-01   5529.2 5.572E+01 1.629E+11 4.953E-03 3.533E-02 2.000E+05 1.083E+10 0.000E+00 7.430E+05
 6.70386038E-01   5555.1 6.703E+01 1.912E+11 5.523E-03 3.760E-02 2.000E+05 1.083E+10 0.000E+00 7.421E+05
 8.05810551E-01   5579.2 8.056E+01 2.231E+11 6.150E-03 4.014E-02 2.000E+05 1.083E+10 0.000E+00 7.417E+05
 9.67968638E-01   5602.4 9.677E+01 2.596E+11 6.851E-03 4.302E-02 2.000E+05 1.083E+10 0.000E+00 7.419E+05
 1.16204480E+00   5624.8 1.162E+02 3.011E+11 7.637E-03 4.630E-02 2.000E+05 1.083E+10 0.000E+00 7.425E+05
 1.39389503E+00   5647.5 1.393E+02 3.493E+11 8.537E-03 5.012E-02 2.000E+05 1.083E+10 0.000E+00 7.435E+05
 1.67011003E+00   5670.8 1.670E+02 4.054E+11 9.570E-03 5.455E-02 2.000E+05 1.083E+10 0.000E+00 7.447E+05
 1.99789052E+00   5695.7 1.997E+02 4.717E+11 1.078E-02 5.980E-02 2.000E+05 1.083E+10 0.000E+00 7.460E+05
 2.38469997E+00   5723.0 2.384E+02 5.513E+11 1.222E-02 6.610E-02 2.000E+05 1.083E+10 0.000E+00 7.476E+05
 2.83814698E+00   5753.7 2.837E+02 6.483E+11 1.395E-02 7.377E-02 2.000E+05 1.083E+10 0.000E+00 7.492E+05
 3.36501509E+00   5789.4 3.363E+02 7.693E+11 1.610E-02 8.336E-02 2.000E+05 1.083E+10 0.000E+00 7.510E+05
 3.97041859E+00   5831.1 3.968E+02 9.229E+11 1.879E-02 9.550E-02 2.000E+05 1.083E+10 0.000E+00 7.527E+05
 4.65685011E+00   5881.0 4.654E+02 1.123E+12 2.227E-02 1.113E-01 2.000E+05 1.083E+10 0.000E+00 7.544E+05
 5.42271684E+00   5940.6 5.419E+02 1.390E+12 2.685E-02 1.322E-01 2.000E+05 1.083E+10 0.000E+00 7.560E+05
 6.26097884E+00   6012.6 6.256E+02 1.756E+12 3.307E-02 1.607E-01 2.000E+05 1.083E+10 0.000E+00 7.575E+05
 7.15786561E+00   6099.5 7.151E+02 2.270E+12 4.173E-02 2.007E-01 2.000E+05 1.083E+10 0.000E+00 7.588E+05
 8.09173337E+00   6204.7 8.083E+02 3.017E+12 5.427E-02 2.592E-01 2.000E+05 1.083E+10 0.000E+00 7.597E+05
 9.03307398E+00   6332.1 9.021E+02 4.134E+12 7.312E-02 3.481E-01 2.000E+05 1.083E+10 0.000E+00 7.602E+05
 9.94573250E+00   6486.3 9.930E+02 5.861E+12 1.028E-01 4.900E-01 2.000E+05 1.083E+10 4.048E+01 7.604E+05
 1.07900401E+01   6673.8 1.077E+03 8.633E+12 1.522E-01 7.305E-01 2.000E+05 1.083E+10 1.850E+02 7.607E+05
 1.15270669E+01   6901.2 1.150E+03 1.323E+13 2.400E-01 1.164E+00 2.000E+05 1.083E+10 6.274E+02 7.621E+05
 1.21288531E+01   7173.2 1.209E+03 2.099E+13 4.056E-01 1.997E+00 2.000E+05 1.083E+10 2.342E+03 7.664E+05
 1.25842349E+01   7497.4 1.254E+03 3.435E+13 7.425E-01 3.702E+00 2.000E+05 1.083E+10 1.028E+04 7.762E+05
 1.29024107E+01   7878.9 1.284E+03 5.727E+13 1.469E+00 7.393E+00 2.000E+05 1.083E+10 5.198E+04 7.947E+05
 1.31074434E+01   8333.1 1.302E+03 9.656E+13 3.136E+00 1.578E+01 2.000E+05 1.072E+10 1.935E+05 8.272E+05
 1.32328247E+01   8855.1 1.312E+03 1.577E+14 6.731E+00 3.043E+01 2.000E+05 9.859E+09 3.912E+05 8.798E+05
 1.33211515E+01   9278.8 1.317E+03 2.160E+14 1.119E+01 3.823E+01 2.000E+05 7.986E+09 8.011E+05 9.357E+05
 1.34007653E+01   9617.8 1.322E+03 2.632E+14 1.531E+01 3.731E+01 2.000E+05 6.049E+09 9.906E+05 9.883E+05
 1.34832143E+01   9903.6 1.327E+03 2.994E+14 1.867E+01 3.647E+01 2.000E+05 4.888E+09 1.086E+06 1.036E+06
 1.35761411E+01  10228.2 1.333E+03 3.334E+14 2.150E+01 3.923E+01 2.000E+05 4.532E+09 1.163E+06 1.092E+06
 1.36876174E+01  10611.1 1.339E+03 3.612E+14 2.296E+01 5.494E+01 2.000E+05 5.819E+09 1.243E+06 1.157E+06
 1.38411765E+01  11419.5 1.345E+03 3.803E+14 2.019E+01 7.498E+01 2.000E+05 8.833E+09 6.972E+05 1.282E+06
 1.41109464E+01  12522.2 1.354E+03 3.667E+14 1.282E+01 5.739E+01 2.000E+05 1.066E+10 1.150E+05 1.454E+06
 1.47187651E+01  13731.0 1.387E+03 3.476E+14 7.463E+00 3.400E+01 2.000E+05 1.084E+10 1.864E+04 1.586E+06
 1.60309191E+01  14921.0 1.483E+03 3.457E+14 4.979E+00 2.253E+01 2.000E+05 1.081E+10 8.709E+03 1.612E+06
 1.84922782E+01  16206.0 1.681E+03 3.673E+14 3.775E+00 1.706E+01 2.000E+05 1.086E+10 4.560E+03 1.692E+06
 2.26005104E+01  17510.6 2.029E+03 4.154E+14 3.154E+00 1.418E+01 2.000E+05 1.080E+10 1.357E+03 1.844E+06
 2.90040212E+01  18922.3 2.584E+03 4.923E+14 2.759E+00 1.243E+01 2.000E+05 1.086E+10 4.829E+01 2.008E+06
 3.83825312E+01  20395.4 3.410E+03 6.038E+14 2.574E+00 1.153E+01 2.000E+05 1.080E+10 0.000E+00 2.133E+06
PRADK 3.2165E+00
BEGIN                    ITERATION  15 COMPLETED
