TEFF   8000.  GRAVITY 4.00000     
TITLE   B a s i c A T L A S                                                     
 OPACITY IFOP 1 1 1 1 1 1 1 1 1 1 1 1 1 0 1 0 0 0 0 0
 CONVECTION ON   1.25 TURBULENCE OFF  0.00  0.00  0.00  0.00
ABUNDANCE SCALE   0.01000 ABUNDANCE CHANGE 1 0.91282 2 0.08717
 ABUNDANCE CHANGE  3  -8.78  4 -10.66  5  -9.25  6  -3.54  7  -4.18  8  -3.28
 ABUNDANCE CHANGE  9  -7.48 10  -4.02 11  -5.80 12  -4.44 13  -5.59 14  -4.53
 ABUNDANCE CHANGE 15  -6.58 16  -4.88 17  -6.54 18  -5.64 19  -6.93 20  -5.70
 ABUNDANCE CHANGE 21  -8.89 22  -7.09 23  -8.11 24  -6.40 25  -6.61 26  -4.52
 ABUNDANCE CHANGE 27  -7.05 28  -5.82 29  -7.85 30  -7.48 31  -9.00 32  -8.39
 ABUNDANCE CHANGE 33  -9.74 34  -8.70 35  -9.50 36  -8.79 37  -9.68 38  -9.17
 ABUNDANCE CHANGE 39  -9.83 40  -9.42 41 -10.58 42 -10.16 43 -20.00 44 -10.29
 ABUNDANCE CHANGE 45 -10.98 46 -10.39 47 -10.84 48 -10.33 49 -11.28 50 -10.00
 ABUNDANCE CHANGE 51 -11.03 52  -9.86 53 -10.49 54  -9.80 55 -10.96 56  -9.86
 ABUNDANCE CHANGE 57 -10.94 58 -10.46 59 -11.32 60 -10.62 61 -20.00 62 -11.08
 ABUNDANCE CHANGE 63 -11.52 64 -10.97 65 -11.74 66 -10.94 67 -11.56 68 -11.12
 ABUNDANCE CHANGE 69 -11.94 70 -11.12 71 -11.94 72 -11.17 73 -12.16 74 -11.39
 ABUNDANCE CHANGE 75 -11.78 76 -10.68 77 -10.66 78 -10.42 79 -11.24 80 -10.87
 ABUNDANCE CHANGE 81 -11.27 82 -10.00 83 -11.39 84 -20.00 85 -20.00 86 -20.00
 ABUNDANCE CHANGE 87 -20.00 88 -20.00 89 -20.00 90 -11.96 91 -20.00 92 -12.58
 ABUNDANCE CHANGE 93 -20.00 94 -20.00 95 -20.00 96 -20.00 97 -20.00 98 -20.00
 ABUNDANCE CHANGE 99 -20.00
READ DECK6 72 RHOX,T,P,XNE,ABROSS,ACCRAD,VTURB,         FLXRAD,VCONV,VELSND
 8.70385021E-06   5433.7 8.776E-02 4.778E+09 1.519E-02 3.017E-01 2.000E+05 1.848E+10 0.000E+00 2.799E+06
 1.17738152E-05   5439.8 1.187E-01 5.704E+09 1.356E-02 2.903E-01 2.000E+05 1.848E+10 0.000E+00 2.505E+06
 1.64389096E-05   5440.9 1.656E-01 6.796E+09 1.173E-02 2.771E-01 2.000E+05 1.848E+10 0.000E+00 2.233E+06
 2.36323189E-05   5446.8 2.378E-01 8.316E+09 1.019E-02 2.665E-01 2.000E+05 1.848E+10 0.000E+00 1.976E+06
 3.47595656E-05   5453.8 3.494E-01 1.032E+10 8.828E-03 2.572E-01 2.000E+05 1.848E+10 0.000E+00 1.744E+06
 5.18342924E-05   5464.2 5.205E-01 1.300E+10 7.721E-03 2.499E-01 2.000E+05 1.848E+10 0.000E+00 1.541E+06
 7.76569259E-05   5478.5 7.791E-01 1.658E+10 6.866E-03 2.446E-01 2.000E+05 1.848E+10 0.000E+00 1.368E+06
 1.15964133E-04   5497.1 1.163E+00 2.134E+10 6.248E-03 2.411E-01 2.000E+05 1.848E+10 0.000E+00 1.224E+06
 1.71209899E-04   5521.1 1.716E+00 2.767E+10 5.863E-03 2.393E-01 2.000E+05 1.848E+10 0.000E+00 1.107E+06
 2.48678491E-04   5548.1 2.491E+00 3.583E+10 5.650E-03 2.384E-01 2.000E+05 1.848E+10 0.000E+00 1.015E+06
 3.54131247E-04   5579.3 3.546E+00 4.641E+10 5.620E-03 2.389E-01 2.000E+05 1.848E+10 0.000E+00 9.439E+05
 4.93259378E-04   5614.3 4.938E+00 5.995E+10 5.761E-03 2.404E-01 2.000E+05 1.848E+10 0.000E+00 8.892E+05
 6.72066283E-04   5651.1 6.726E+00 7.684E+10 6.042E-03 2.428E-01 2.000E+05 1.848E+10 0.000E+00 8.481E+05
 8.97100748E-04   5689.2 8.977E+00 9.767E+10 6.459E-03 2.460E-01 2.000E+05 1.848E+10 0.000E+00 8.173E+05
 1.17552319E-03   5728.0 1.176E+01 1.231E+11 7.011E-03 2.504E-01 2.000E+05 1.848E+10 0.000E+00 7.943E+05
 1.51558529E-03   5766.8 1.516E+01 1.536E+11 7.694E-03 2.558E-01 2.000E+05 1.848E+10 0.000E+00 7.773E+05
 1.92712240E-03   5805.2 1.928E+01 1.899E+11 8.508E-03 2.623E-01 2.000E+05 1.848E+10 0.000E+00 7.646E+05
 2.42189116E-03   5842.8 2.423E+01 2.328E+11 9.459E-03 2.702E-01 2.000E+05 1.848E+10 0.000E+00 7.552E+05
 3.01417433E-03   5879.6 3.015E+01 2.831E+11 1.056E-02 2.795E-01 2.000E+05 1.848E+10 0.000E+00 7.484E+05
 3.72087388E-03   5915.5 3.722E+01 3.417E+11 1.181E-02 2.904E-01 2.000E+05 1.848E+10 0.000E+00 7.435E+05
 4.56206106E-03   5950.7 4.564E+01 4.101E+11 1.325E-02 3.030E-01 2.000E+05 1.848E+10 0.000E+00 7.400E+05
 5.56124441E-03   5985.3 5.563E+01 4.897E+11 1.489E-02 3.173E-01 2.000E+05 1.848E+10 0.000E+00 7.377E+05
 6.74585730E-03   6019.6 6.748E+01 5.824E+11 1.676E-02 3.333E-01 2.000E+05 1.848E+10 0.000E+00 7.363E+05
 8.14846657E-03   6053.3 8.151E+01 6.895E+11 1.888E-02 3.510E-01 2.000E+05 1.848E+10 0.000E+00 7.357E+05
 9.80775439E-03   6086.7 9.810E+01 8.138E+11 2.129E-02 3.703E-01 2.000E+05 1.848E+10 0.000E+00 7.356E+05
 1.17708925E-02   6118.9 1.177E+02 9.560E+11 2.399E-02 3.913E-01 2.000E+05 1.848E+10 0.000E+00 7.361E+05
 1.40965863E-02   6149.8 1.410E+02 1.118E+12 2.697E-02 4.137E-01 2.000E+05 1.848E+10 0.000E+00 7.369E+05
 1.68592218E-02   6178.5 1.686E+02 1.299E+12 3.023E-02 4.374E-01 2.000E+05 1.848E+10 0.000E+00 7.381E+05
 2.01545766E-02   6204.5 2.016E+02 1.500E+12 3.371E-02 4.624E-01 2.000E+05 1.848E+10 0.000E+00 7.397E+05
 2.41032556E-02   6227.7 2.411E+02 1.723E+12 3.744E-02 4.893E-01 2.000E+05 1.848E+10 0.000E+00 7.415E+05
 2.88553715E-02   6248.4 2.886E+02 1.968E+12 4.142E-02 5.184E-01 2.000E+05 1.848E+10 0.000E+00 7.436E+05
 3.45892577E-02   6267.5 3.459E+02 2.241E+12 4.575E-02 5.508E-01 2.000E+05 1.848E+10 0.000E+00 7.459E+05
 4.15099061E-02   6286.2 4.151E+02 2.552E+12 5.058E-02 5.874E-01 2.000E+05 1.848E+10 0.000E+00 7.484E+05
 4.98503117E-02   6305.3 4.985E+02 2.908E+12 5.602E-02 6.287E-01 2.000E+05 1.848E+10 0.000E+00 7.510E+05
 5.98780615E-02   6325.3 5.988E+02 3.319E+12 6.222E-02 6.754E-01 2.000E+05 1.848E+10 0.000E+00 7.538E+05
 7.19003199E-02   6346.3 7.190E+02 3.795E+12 6.930E-02 7.283E-01 2.000E+05 1.848E+10 0.000E+00 7.566E+05
 8.62755605E-02   6368.5 8.628E+02 4.346E+12 7.738E-02 7.882E-01 2.000E+05 1.848E+10 0.000E+00 7.595E+05
 1.03423590E-01   6391.9 1.034E+03 4.985E+12 8.660E-02 8.563E-01 2.000E+05 1.848E+10 0.000E+00 7.624E+05
 1.23826459E-01   6416.8 1.238E+03 5.729E+12 9.719E-02 9.348E-01 2.000E+05 1.848E+10 0.000E+00 7.654E+05
 1.48043540E-01   6443.0 1.480E+03 6.594E+12 1.093E-01 1.025E+00 2.000E+05 1.848E+10 0.000E+00 7.683E+05
 1.76718658E-01   6471.2 1.767E+03 7.609E+12 1.233E-01 1.131E+00 2.000E+05 1.848E+10 0.000E+00 7.713E+05
 2.10536584E-01   6502.4 2.105E+03 8.816E+12 1.397E-01 1.256E+00 2.000E+05 1.848E+10 0.000E+00 7.743E+05
 2.50208608E-01   6537.7 2.502E+03 1.028E+13 1.594E-01 1.409E+00 2.000E+05 1.848E+10 0.000E+00 7.772E+05
 2.96398652E-01   6578.7 2.964E+03 1.208E+13 1.833E-01 1.598E+00 2.000E+05 1.848E+10 0.000E+00 7.801E+05
 3.49625132E-01   6627.8 3.496E+03 1.436E+13 2.135E-01 1.838E+00 2.000E+05 1.848E+10 0.000E+00 7.829E+05
 4.10136429E-01   6687.0 4.101E+03 1.733E+13 2.523E-01 2.150E+00 2.000E+05 1.848E+10 0.000E+00 7.856E+05
 4.77836729E-01   6758.4 4.778E+03 2.124E+13 3.033E-01 2.565E+00 2.000E+05 1.848E+10 0.000E+00 7.882E+05
 5.52161892E-01   6845.0 5.521E+03 2.654E+13 3.724E-01 3.131E+00 2.000E+05 1.848E+10 0.000E+00 7.906E+05
 6.31894994E-01   6950.2 6.318E+03 3.391E+13 4.689E-01 3.931E+00 2.000E+05 1.848E+10 0.000E+00 7.929E+05
 7.15147830E-01   7077.6 7.150E+03 4.441E+13 6.079E-01 5.096E+00 2.000E+05 1.848E+10 0.000E+00 7.951E+05
 7.99261285E-01   7232.6 7.991E+03 5.987E+13 8.173E-01 6.861E+00 2.000E+05 1.848E+10 0.000E+00 7.973E+05
 8.80989651E-01   7420.0 8.807E+03 8.315E+13 1.146E+00 9.660E+00 2.000E+05 1.848E+10 5.110E+02 7.999E+05
 9.56934179E-01   7645.2 9.566E+03 1.190E+14 1.685E+00 1.429E+01 2.000E+05 1.848E+10 1.573E+03 8.036E+05
 1.02400538E+00   7914.6 1.024E+04 1.754E+14 2.614E+00 2.229E+01 2.000E+05 1.849E+10 4.788E+03 8.096E+05
 1.07974442E+00   8240.0 1.079E+04 2.671E+14 4.334E+00 3.713E+01 2.000E+05 1.848E+10 1.636E+04 8.197E+05
 1.12347307E+00   8617.9 1.123E+04 4.120E+14 7.546E+00 6.461E+01 2.000E+05 1.842E+10 6.018E+04 8.360E+05
 1.15561822E+00   9084.1 1.154E+04 6.554E+14 1.414E+01 1.194E+02 2.000E+05 1.805E+10 1.698E+05 8.636E+05
 1.17816106E+00   9611.2 1.177E+04 1.020E+15 2.639E+01 2.013E+02 2.000E+05 1.648E+10 2.899E+05 9.054E+05
 1.19580996E+00  10044.9 1.194E+04 1.385E+15 4.080E+01 2.413E+02 2.000E+05 1.343E+10 4.947E+05 9.490E+05
 1.21244664E+00  10389.5 1.210E+04 1.703E+15 5.428E+01 2.290E+02 2.000E+05 1.015E+10 5.793E+05 9.893E+05
 1.22993596E+00  10672.9 1.227E+04 1.973E+15 6.620E+01 2.126E+02 2.000E+05 7.867E+09 6.389E+05 1.026E+06
 1.24929387E+00  10979.0 1.246E+04 2.258E+15 7.895E+01 2.051E+02 2.000E+05 6.345E+09 6.915E+05 1.068E+06
 1.27142885E+00  11279.2 1.268E+04 2.522E+15 8.994E+01 2.048E+02 2.000E+05 5.536E+09 7.174E+05 1.112E+06
 1.29786137E+00  11644.9 1.294E+04 2.801E+15 9.848E+01 2.186E+02 2.000E+05 5.424E+09 7.346E+05 1.165E+06
 1.33079928E+00  12074.4 1.326E+04 3.064E+15 1.026E+02 3.094E+02 2.000E+05 7.381E+09 8.036E+05 1.227E+06
 1.37687894E+00  13035.8 1.370E+04 3.330E+15 8.922E+01 4.820E+02 2.000E+05 1.311E+10 5.788E+05 1.355E+06
 1.45988780E+00  14574.0 1.449E+04 3.358E+15 5.370E+01 3.958E+02 2.000E+05 1.757E+10 9.797E+04 1.543E+06
 1.65334156E+00  16269.1 1.637E+04 3.467E+15 3.164E+01 2.450E+02 2.000E+05 1.852E+10 1.838E+04 1.652E+06
 2.03970862E+00  17872.4 2.015E+04 3.954E+15 2.421E+01 1.854E+02 2.000E+05 1.842E+10 1.000E+04 1.715E+06
 2.66974433E+00  19550.6 2.634E+04 4.799E+15 2.098E+01 1.609E+02 2.000E+05 1.855E+10 3.740E+03 1.845E+06
 3.59848716E+00  21236.1 3.549E+04 5.999E+15 1.963E+01 1.497E+02 2.000E+05 1.841E+10 0.000E+00 2.008E+06
 4.89016751E+00  23011.8 4.822E+04 7.546E+15 1.910E+01 1.421E+02 2.000E+05 1.855E+10 0.000E+00 2.164E+06
PRADK 5.4888E+00
BEGIN                    ITERATION  15 COMPLETED
