TEFF   7000.  GRAVITY 3.00000     
TITLE   B a s i c A T L A S                                                     
 OPACITY IFOP 1 1 1 1 1 1 1 1 1 1 1 1 1 0 1 0 0 0 0 0
 CONVECTION ON   1.25 TURBULENCE OFF  0.00  0.00  0.00  0.00
ABUNDANCE SCALE  10.00000 ABUNDANCE CHANGE 1 0.90293 2 0.08623
 ABUNDANCE CHANGE  3  -8.78  4 -10.66  5  -9.25  6  -3.54  7  -4.18  8  -3.28
 ABUNDANCE CHANGE  9  -7.48 10  -4.02 11  -5.80 12  -4.44 13  -5.59 14  -4.53
 ABUNDANCE CHANGE 15  -6.58 16  -4.88 17  -6.54 18  -5.64 19  -6.93 20  -5.70
 ABUNDANCE CHANGE 21  -8.89 22  -7.09 23  -8.11 24  -6.40 25  -6.61 26  -4.52
 ABUNDANCE CHANGE 27  -7.05 28  -5.82 29  -7.85 30  -7.48 31  -9.00 32  -8.39
 ABUNDANCE CHANGE 33  -9.74 34  -8.70 35  -9.50 36  -8.79 37  -9.68 38  -9.17
 ABUNDANCE CHANGE 39  -9.83 40  -9.42 41 -10.58 42 -10.16 43 -20.00 44 -10.29
 ABUNDANCE CHANGE 45 -10.98 46 -10.39 47 -10.84 48 -10.33 49 -11.28 50 -10.00
 ABUNDANCE CHANGE 51 -11.03 52  -9.86 53 -10.49 54  -9.80 55 -10.96 56  -9.86
 ABUNDANCE CHANGE 57 -10.94 58 -10.46 59 -11.32 60 -10.62 61 -20.00 62 -11.08
 ABUNDANCE CHANGE 63 -11.52 64 -10.97 65 -11.74 66 -10.94 67 -11.56 68 -11.12
 ABUNDANCE CHANGE 69 -11.94 70 -11.12 71 -11.94 72 -11.17 73 -12.16 74 -11.39
 ABUNDANCE CHANGE 75 -11.78 76 -10.68 77 -10.66 78 -10.42 79 -11.24 80 -10.87
 ABUNDANCE CHANGE 81 -11.27 82 -10.00 83 -11.39 84 -20.00 85 -20.00 86 -20.00
 ABUNDANCE CHANGE 87 -20.00 88 -20.00 89 -20.00 90 -11.96 91 -20.00 92 -12.58
 ABUNDANCE CHANGE 93 -20.00 94 -20.00 95 -20.00 96 -20.00 97 -20.00 98 -20.00
 ABUNDANCE CHANGE 99 -20.00
READ DECK6 72 RHOX,T,P,XNE,ABROSS,ACCRAD,VTURB,         FLXRAD,VCONV,VELSND
 2.21483965E-04   4143.4 2.214E-01 4.615E+08 6.021E-04 3.538E-01 2.000E+05 1.083E+10 0.000E+00 2.946E+06
 2.94501988E-04   4166.3 2.944E-01 6.037E+08 6.161E-04 3.590E-01 2.000E+05 1.083E+10 0.000E+00 2.588E+06
 3.89286111E-04   4189.4 3.891E-01 7.860E+08 6.353E-04 3.666E-01 2.000E+05 1.083E+10 0.000E+00 2.284E+06
 5.11457366E-04   4216.1 5.113E-01 1.020E+09 6.594E-04 3.725E-01 2.000E+05 1.083E+10 0.000E+00 2.025E+06
 6.68028158E-04   4245.7 6.678E-01 1.320E+09 6.873E-04 3.727E-01 2.000E+05 1.083E+10 0.000E+00 1.806E+06
 8.67966300E-04   4277.4 8.677E-01 1.700E+09 7.191E-04 3.675E-01 2.000E+05 1.083E+10 0.000E+00 1.619E+06
 1.12211602E-03   4310.6 1.122E+00 2.183E+09 7.564E-04 3.614E-01 2.000E+05 1.083E+10 0.000E+00 1.461E+06
 1.44326166E-03   4344.8 1.443E+00 2.790E+09 8.007E-04 3.552E-01 2.000E+05 1.083E+10 0.000E+00 1.328E+06
 1.84662794E-03   4379.6 1.846E+00 3.549E+09 8.525E-04 3.482E-01 2.000E+05 1.083E+10 0.000E+00 1.215E+06
 2.35011860E-03   4414.6 2.349E+00 4.493E+09 9.135E-04 3.427E-01 2.000E+05 1.083E+10 0.000E+00 1.121E+06
 2.97554056E-03   4449.8 2.974E+00 5.662E+09 9.825E-04 3.349E-01 2.000E+05 1.083E+10 0.000E+00 1.042E+06
 3.74823574E-03   4485.0 3.747E+00 7.100E+09 1.064E-03 3.306E-01 2.000E+05 1.083E+10 0.000E+00 9.769E+05
 4.69712953E-03   4520.4 4.696E+00 8.861E+09 1.158E-03 3.261E-01 2.000E+05 1.083E+10 0.000E+00 9.228E+05
 5.85757822E-03   4555.7 5.856E+00 1.101E+10 1.265E-03 3.200E-01 2.000E+05 1.083E+10 0.000E+00 8.782E+05
 7.26911281E-03   4591.1 7.267E+00 1.362E+10 1.391E-03 3.160E-01 2.000E+05 1.083E+10 0.000E+00 8.416E+05
 8.97584427E-03   4626.8 8.973E+00 1.677E+10 1.538E-03 3.132E-01 2.000E+05 1.083E+10 0.000E+00 8.117E+05
 1.10294697E-02   4663.0 1.103E+01 2.057E+10 1.709E-03 3.116E-01 2.000E+05 1.083E+10 0.000E+00 7.875E+05
 1.34888577E-02   4699.8 1.348E+01 2.513E+10 1.907E-03 3.109E-01 2.000E+05 1.083E+10 0.000E+00 7.678E+05
 1.64242930E-02   4737.2 1.642E+01 3.059E+10 2.132E-03 3.079E-01 2.000E+05 1.083E+10 0.000E+00 7.520E+05
 1.99221618E-02   4774.8 1.992E+01 3.712E+10 2.389E-03 3.028E-01 2.000E+05 1.083E+10 0.000E+00 7.393E+05
 2.40726878E-02   4812.4 2.407E+01 4.489E+10 2.692E-03 3.002E-01 2.000E+05 1.083E+10 0.000E+00 7.292E+05
 2.89773083E-02   4850.2 2.897E+01 5.412E+10 3.042E-03 2.981E-01 2.000E+05 1.083E+10 0.000E+00 7.211E+05
 3.47580771E-02   4888.3 3.475E+01 6.507E+10 3.446E-03 2.975E-01 2.000E+05 1.083E+10 0.000E+00 7.148E+05
 4.15532384E-02   4926.7 4.154E+01 7.803E+10 3.914E-03 2.981E-01 2.000E+05 1.083E+10 0.000E+00 7.100E+05
 4.95300343E-02   4965.5 4.951E+01 9.336E+10 4.446E-03 2.973E-01 2.000E+05 1.083E+10 0.000E+00 7.063E+05
 5.88956479E-02   5004.6 5.888E+01 1.115E+11 5.052E-03 2.951E-01 2.000E+05 1.083E+10 0.000E+00 7.035E+05
 6.98548374E-02   5043.8 6.983E+01 1.329E+11 5.772E-03 2.977E-01 2.000E+05 1.083E+10 0.000E+00 7.015E+05
 8.26360592E-02   5083.7 8.261E+01 1.582E+11 6.602E-03 3.010E-01 2.000E+05 1.083E+10 0.000E+00 7.002E+05
 9.75427834E-02   5124.4 9.751E+01 1.881E+11 7.549E-03 3.036E-01 2.000E+05 1.083E+10 0.000E+00 6.994E+05
 1.14903957E-01   5166.0 1.149E+02 2.235E+11 8.654E-03 3.097E-01 2.000E+05 1.083E+10 0.000E+00 6.991E+05
 1.35093363E-01   5208.9 1.351E+02 2.656E+11 9.923E-03 3.155E-01 2.000E+05 1.083E+10 0.000E+00 6.991E+05
 1.58573569E-01   5253.2 1.585E+02 3.156E+11 1.138E-02 3.201E-01 2.000E+05 1.083E+10 0.000E+00 6.995E+05
 1.85884154E-01   5298.6 1.858E+02 3.753E+11 1.304E-02 3.237E-01 2.000E+05 1.083E+10 0.000E+00 7.002E+05
 2.17656803E-01   5345.1 2.176E+02 4.464E+11 1.495E-02 3.260E-01 2.000E+05 1.083E+10 0.000E+00 7.010E+05
 2.54549476E-01   5392.4 2.545E+02 5.310E+11 1.721E-02 3.317E-01 2.000E+05 1.083E+10 0.000E+00 7.021E+05
 2.97205549E-01   5440.7 2.971E+02 6.318E+11 1.988E-02 3.420E-01 2.000E+05 1.083E+10 0.000E+00 7.032E+05
 3.46416027E-01   5490.6 3.463E+02 7.524E+11 2.299E-02 3.552E-01 2.000E+05 1.083E+10 0.000E+00 7.046E+05
 4.03123258E-01   5542.4 4.030E+02 8.972E+11 2.662E-02 3.704E-01 2.000E+05 1.083E+10 0.000E+00 7.060E+05
 4.68380101E-01   5596.2 4.682E+02 1.072E+12 3.087E-02 3.861E-01 2.000E+05 1.083E+10 0.000E+00 7.075E+05
 5.43397646E-01   5651.9 5.432E+02 1.282E+12 3.582E-02 4.024E-01 2.000E+05 1.083E+10 0.000E+00 7.091E+05
 6.29562179E-01   5709.3 6.293E+02 1.537E+12 4.161E-02 4.201E-01 2.000E+05 1.083E+10 0.000E+00 7.107E+05
 7.28358296E-01   5768.4 7.281E+02 1.844E+12 4.848E-02 4.419E-01 2.000E+05 1.083E+10 0.000E+00 7.124E+05
 8.40996922E-01   5829.7 8.407E+02 2.217E+12 5.692E-02 4.753E-01 2.000E+05 1.083E+10 0.000E+00 7.142E+05
 9.68770255E-01   5894.4 9.684E+02 2.675E+12 6.699E-02 5.146E-01 2.000E+05 1.083E+10 0.000E+00 7.159E+05
 1.11316368E+00   5963.6 1.113E+03 3.243E+12 7.926E-02 5.647E-01 2.000E+05 1.083E+10 0.000E+00 7.176E+05
 1.27551214E+00   6038.1 1.275E+03 3.956E+12 9.422E-02 6.256E-01 2.000E+05 1.083E+10 0.000E+00 7.193E+05
 1.45716595E+00   6119.0 1.456E+03 4.863E+12 1.126E-01 6.998E-01 2.000E+05 1.083E+10 0.000E+00 7.210E+05
 1.65870540E+00   6208.1 1.658E+03 6.038E+12 1.362E-01 7.997E-01 2.000E+05 1.083E+10 0.000E+00 7.225E+05
 1.87906756E+00   6308.1 1.878E+03 7.599E+12 1.676E-01 9.393E-01 2.000E+05 1.083E+10 0.000E+00 7.240E+05
 2.11602402E+00   6422.0 2.115E+03 9.729E+12 2.095E-01 1.127E+00 2.000E+05 1.083E+10 0.000E+00 7.252E+05
 2.36629429E+00   6552.6 2.365E+03 1.271E+13 2.674E-01 1.389E+00 2.000E+05 1.083E+10 0.000E+00 7.264E+05
 2.62385139E+00   6704.6 2.622E+03 1.703E+13 3.523E-01 1.785E+00 2.000E+05 1.083E+10 1.586E+00 7.274E+05
 2.87980453E+00   6883.1 2.877E+03 2.348E+13 4.818E-01 2.400E+00 2.000E+05 1.083E+10 1.587E+02 7.285E+05
 3.12425287E+00   7094.0 3.121E+03 3.346E+13 6.878E-01 3.392E+00 2.000E+05 1.083E+10 5.352E+02 7.302E+05
 3.34603354E+00   7344.4 3.342E+03 4.938E+13 1.043E+00 5.146E+00 2.000E+05 1.083E+10 1.725E+03 7.336E+05
 3.53464067E+00   7645.0 3.529E+03 7.573E+13 1.690E+00 8.374E+00 2.000E+05 1.083E+10 6.050E+03 7.403E+05
 3.68458010E+00   7995.9 3.678E+03 1.190E+14 2.930E+00 1.465E+01 2.000E+05 1.083E+10 2.410E+04 7.523E+05
 3.79509767E+00   8416.4 3.786E+03 1.921E+14 5.509E+00 2.785E+01 2.000E+05 1.080E+10 8.855E+04 7.734E+05
 3.86981453E+00   8923.2 3.858E+03 3.150E+14 1.115E+01 5.377E+01 2.000E+05 1.037E+10 1.644E+05 8.091E+05
 3.92087712E+00   9415.4 3.905E+03 4.685E+14 2.036E+01 7.896E+01 2.000E+05 8.887E+09 4.445E+05 8.557E+05
 3.96288537E+00   9786.1 3.944E+03 5.993E+14 2.985E+01 8.203E+01 2.000E+05 6.781E+09 6.215E+05 8.988E+05
 4.00383680E+00  10090.1 3.982E+03 7.090E+14 3.875E+01 7.692E+01 2.000E+05 5.036E+09 7.069E+05 9.388E+05
 4.04752530E+00  10372.6 4.022E+03 8.070E+14 4.692E+01 7.372E+01 2.000E+05 3.936E+09 7.679E+05 9.788E+05
 4.09652766E+00  10672.3 4.067E+03 9.007E+14 5.492E+01 7.627E+01 2.000E+05 3.395E+09 8.211E+05 1.023E+06
 4.15328582E+00  11017.6 4.120E+03 9.895E+14 6.215E+01 8.386E+01 2.000E+05 3.255E+09 8.406E+05 1.074E+06
 4.22206882E+00  11440.8 4.181E+03 1.066E+15 6.612E+01 1.293E+02 2.000E+05 4.704E+09 9.251E+05 1.135E+06
 4.31644820E+00  12463.8 4.260E+03 1.118E+15 5.861E+01 2.033E+02 2.000E+05 8.303E+09 5.568E+05 1.269E+06
 4.48204469E+00  13936.0 4.395E+03 1.077E+15 3.691E+01 1.622E+02 2.000E+05 1.057E+10 8.890E+04 1.448E+06
 4.83680016E+00  15451.7 4.702E+03 1.055E+15 2.480E+01 1.118E+02 2.000E+05 1.084E+10 2.882E+04 1.516E+06
 5.44074327E+00  16938.0 5.243E+03 1.093E+15 2.235E+01 9.982E+01 2.000E+05 1.083E+10 2.148E+04 1.578E+06
 6.28533189E+00  18469.5 6.004E+03 1.166E+15 2.206E+01 9.771E+01 2.000E+05 1.084E+10 1.003E+04 1.720E+06
 7.45256511E+00  20047.8 7.062E+03 1.271E+15 2.079E+01 9.003E+01 2.000E+05 1.083E+10 5.500E+03 1.881E+06
PRADK 3.2060E+00
BEGIN                    ITERATION  15 COMPLETED
