TEFF   6000.  GRAVITY 6.00000     
TITLE   B a s i c A T L A S                                                     
 OPACITY IFOP 1 1 1 1 1 1 1 1 1 1 1 1 1 0 1 0 0 0 0 0
 CONVECTION ON   1.25 TURBULENCE OFF  0.00  0.00  0.00  0.00
ABUNDANCE SCALE  10.00000 ABUNDANCE CHANGE 1 0.90293 2 0.08623
 ABUNDANCE CHANGE  3  -8.78  4 -10.66  5  -9.25  6  -3.54  7  -4.18  8  -3.28
 ABUNDANCE CHANGE  9  -7.48 10  -4.02 11  -5.80 12  -4.44 13  -5.59 14  -4.53
 ABUNDANCE CHANGE 15  -6.58 16  -4.88 17  -6.54 18  -5.64 19  -6.93 20  -5.70
 ABUNDANCE CHANGE 21  -8.89 22  -7.09 23  -8.11 24  -6.40 25  -6.61 26  -4.52
 ABUNDANCE CHANGE 27  -7.05 28  -5.82 29  -7.85 30  -7.48 31  -9.00 32  -8.39
 ABUNDANCE CHANGE 33  -9.74 34  -8.70 35  -9.50 36  -8.79 37  -9.68 38  -9.17
 ABUNDANCE CHANGE 39  -9.83 40  -9.42 41 -10.58 42 -10.16 43 -20.00 44 -10.29
 ABUNDANCE CHANGE 45 -10.98 46 -10.39 47 -10.84 48 -10.33 49 -11.28 50 -10.00
 ABUNDANCE CHANGE 51 -11.03 52  -9.86 53 -10.49 54  -9.80 55 -10.96 56  -9.86
 ABUNDANCE CHANGE 57 -10.94 58 -10.46 59 -11.32 60 -10.62 61 -20.00 62 -11.08
 ABUNDANCE CHANGE 63 -11.52 64 -10.97 65 -11.74 66 -10.94 67 -11.56 68 -11.12
 ABUNDANCE CHANGE 69 -11.94 70 -11.12 71 -11.94 72 -11.17 73 -12.16 74 -11.39
 ABUNDANCE CHANGE 75 -11.78 76 -10.68 77 -10.66 78 -10.42 79 -11.24 80 -10.87
 ABUNDANCE CHANGE 81 -11.27 82 -10.00 83 -11.39 84 -20.00 85 -20.00 86 -20.00
 ABUNDANCE CHANGE 87 -20.00 88 -20.00 89 -20.00 90 -11.96 91 -20.00 92 -12.58
 ABUNDANCE CHANGE 93 -20.00 94 -20.00 95 -20.00 96 -20.00 97 -20.00 98 -20.00
 ABUNDANCE CHANGE 99 -20.00
READ DECK6 72 RHOX,T,P,XNE,ABROSS,ACCRAD,VTURB,         FLXRAD,VCONV,VELSND
 3.50388225E-05   3714.5 3.504E+01 3.525E+10 3.806E-03 1.629E+00 2.000E+05 5.847E+09 0.000E+00 5.904E+05
 4.58282533E-05   3730.7 4.583E+01 4.402E+10 4.438E-03 1.705E+00 2.000E+05 5.847E+09 0.000E+00 5.884E+05
 5.82071324E-05   3748.0 5.821E+01 5.391E+10 5.144E-03 1.745E+00 2.000E+05 5.847E+09 0.000E+00 5.875E+05
 7.24820115E-05   3766.0 7.248E+01 6.510E+10 5.937E-03 1.778E+00 2.000E+05 5.847E+09 0.000E+00 5.877E+05
 8.89895085E-05   3784.6 8.899E+01 7.786E+10 6.837E-03 1.815E+00 2.000E+05 5.847E+09 0.000E+00 5.872E+05
 1.08134218E-04   3803.8 1.081E+02 9.247E+10 7.847E-03 1.840E+00 2.000E+05 5.847E+09 0.000E+00 5.876E+05
 1.30491035E-04   3823.6 1.305E+02 1.093E+11 8.925E-03 1.828E+00 2.000E+05 5.847E+09 0.000E+00 5.883E+05
 1.56699445E-04   3843.6 1.567E+02 1.288E+11 1.016E-02 1.825E+00 2.000E+05 5.847E+09 0.000E+00 5.890E+05
 1.87395654E-04   3864.0 1.874E+02 1.514E+11 1.157E-02 1.829E+00 2.000E+05 5.847E+09 0.000E+00 5.900E+05
 2.23303869E-04   3885.1 2.233E+02 1.775E+11 1.320E-02 1.841E+00 2.000E+05 5.847E+09 0.000E+00 5.910E+05
 2.65241615E-04   3906.9 2.652E+02 2.079E+11 1.508E-02 1.861E+00 2.000E+05 5.847E+09 0.000E+00 5.922E+05
 3.14132906E-04   3929.4 3.141E+02 2.431E+11 1.727E-02 1.888E+00 2.000E+05 5.847E+09 0.000E+00 5.934E+05
 3.71154616E-04   3952.9 3.712E+02 2.843E+11 1.971E-02 1.892E+00 2.000E+05 5.847E+09 0.000E+00 5.947E+05
 4.37749209E-04   3976.9 4.377E+02 3.320E+11 2.251E-02 1.899E+00 2.000E+05 5.847E+09 0.000E+00 5.961E+05
 5.15754546E-04   4001.7 5.158E+02 3.879E+11 2.556E-02 1.888E+00 2.000E+05 5.847E+09 0.000E+00 5.975E+05
 6.07354883E-04   4027.0 6.074E+02 4.531E+11 2.904E-02 1.880E+00 2.000E+05 5.847E+09 0.000E+00 5.990E+05
 7.14772082E-04   4052.8 7.148E+02 5.292E+11 3.305E-02 1.881E+00 2.000E+05 5.847E+09 0.000E+00 6.005E+05
 8.40508263E-04   4079.2 8.405E+02 6.179E+11 3.768E-02 1.891E+00 2.000E+05 5.847E+09 0.000E+00 6.021E+05
 9.87426543E-04   4106.2 9.874E+02 7.213E+11 4.303E-02 1.909E+00 2.000E+05 5.847E+09 0.000E+00 6.037E+05
 1.16105194E-03   4134.1 1.161E+03 8.433E+11 4.796E-02 1.909E+00 2.000E+05 5.847E+09 0.000E+00 6.054E+05
 1.36921309E-03   4162.8 1.369E+03 9.886E+11 5.334E-02 1.914E+00 2.000E+05 5.847E+09 0.000E+00 6.071E+05
 1.61825280E-03   4192.5 1.618E+03 1.162E+12 5.961E-02 1.907E+00 2.000E+05 5.847E+09 0.000E+00 6.089E+05
 1.91421008E-03   4222.7 1.914E+03 1.366E+12 6.713E-02 1.909E+00 2.000E+05 5.847E+09 0.000E+00 6.108E+05
 2.26365450E-03   4253.3 2.264E+03 1.606E+12 7.601E-02 1.924E+00 2.000E+05 5.847E+09 0.000E+00 6.126E+05
 2.67426129E-03   4284.5 2.674E+03 1.887E+12 8.644E-02 1.954E+00 2.000E+05 5.847E+09 0.000E+00 6.145E+05
 3.15498022E-03   4316.1 3.155E+03 2.215E+12 9.860E-02 2.001E+00 2.000E+05 5.847E+09 0.000E+00 6.165E+05
 3.71432438E-03   4349.1 3.714E+03 2.599E+12 1.135E-01 2.043E+00 2.000E+05 5.847E+09 0.000E+00 6.185E+05
 4.36355847E-03   4382.4 4.364E+03 3.045E+12 1.301E-01 2.077E+00 2.000E+05 5.847E+09 0.000E+00 6.205E+05
 5.11981839E-03   4416.2 5.120E+03 3.564E+12 1.488E-01 2.110E+00 2.000E+05 5.847E+09 0.000E+00 6.225E+05
 6.00119788E-03   4450.3 6.001E+03 4.167E+12 1.703E-01 2.156E+00 2.000E+05 5.847E+09 0.000E+00 6.246E+05
 7.02753780E-03   4484.8 7.028E+03 4.868E+12 1.951E-01 2.217E+00 2.000E+05 5.847E+09 0.000E+00 6.267E+05
 8.22156738E-03   4520.0 8.222E+03 5.685E+12 2.238E-01 2.293E+00 2.000E+05 5.847E+09 0.000E+00 6.288E+05
 9.60932856E-03   4555.8 9.609E+03 6.633E+12 2.568E-01 2.389E+00 2.000E+05 5.847E+09 0.000E+00 6.310E+05
 1.12240693E-02   4592.9 1.122E+04 7.745E+12 2.938E-01 2.472E+00 2.000E+05 5.847E+09 0.000E+00 6.333E+05
 1.31081212E-02   4630.9 1.311E+04 9.043E+12 3.356E-01 2.555E+00 2.000E+05 5.847E+09 0.000E+00 6.356E+05
 1.53065445E-02   4669.3 1.531E+04 1.055E+13 3.838E-01 2.658E+00 2.000E+05 5.847E+09 0.000E+00 6.380E+05
 1.78687634E-02   4708.4 1.787E+04 1.232E+13 4.394E-01 2.784E+00 2.000E+05 5.847E+09 0.000E+00 6.404E+05
 2.08513736E-02   4748.6 2.085E+04 1.438E+13 5.036E-01 2.936E+00 2.000E+05 5.847E+09 0.000E+00 6.429E+05
 2.43194764E-02   4790.0 2.432E+04 1.679E+13 5.778E-01 3.114E+00 2.000E+05 5.847E+09 0.000E+00 6.455E+05
 2.83571242E-02   4833.3 2.836E+04 1.962E+13 6.609E-01 3.291E+00 2.000E+05 5.847E+09 0.000E+00 6.483E+05
 3.30601765E-02   4878.3 3.306E+04 2.294E+13 7.573E-01 3.503E+00 2.000E+05 5.847E+09 0.000E+00 6.511E+05
 3.85320173E-02   4925.6 3.853E+04 2.687E+13 8.684E-01 3.747E+00 2.000E+05 5.847E+09 0.000E+00 6.542E+05
 4.48885355E-02   4975.6 4.489E+04 3.151E+13 9.977E-01 4.038E+00 2.000E+05 5.847E+09 0.000E+00 6.575E+05
 5.22658848E-02   5029.0 5.227E+04 3.701E+13 1.146E+00 4.365E+00 2.000E+05 5.847E+09 0.000E+00 6.611E+05
 6.08448705E-02   5086.5 6.084E+04 4.358E+13 1.313E+00 4.710E+00 2.000E+05 5.847E+09 0.000E+00 6.651E+05
 7.08152197E-02   5149.0 7.081E+04 5.146E+13 1.509E+00 5.133E+00 2.000E+05 5.847E+09 0.000E+00 6.695E+05
 8.23633728E-02   5218.2 8.236E+04 6.097E+13 1.740E+00 5.648E+00 2.000E+05 5.847E+09 0.000E+00 6.746E+05
 9.56884587E-02   5296.0 9.569E+04 7.252E+13 2.014E+00 6.276E+00 2.000E+05 5.847E+09 0.000E+00 6.806E+05
 1.11027426E-01   5384.8 1.110E+05 8.665E+13 2.334E+00 7.002E+00 2.000E+05 5.847E+09 0.000E+00 6.878E+05
 1.28746760E-01   5485.5 1.287E+05 1.039E+14 2.686E+00 7.734E+00 2.000E+05 5.847E+09 0.000E+00 6.964E+05
 1.49258079E-01   5601.0 1.493E+05 1.253E+14 3.098E+00 8.630E+00 2.000E+05 5.847E+09 0.000E+00 7.067E+05
 1.72939940E-01   5735.3 1.729E+05 1.516E+14 3.581E+00 9.715E+00 2.000E+05 5.847E+09 0.000E+00 7.189E+05
 2.00348325E-01   5890.7 2.003E+05 1.842E+14 4.112E+00 1.086E+01 2.000E+05 5.847E+09 0.000E+00 7.328E+05
 2.32220758E-01   6071.4 2.322E+05 2.250E+14 4.714E+00 1.219E+01 2.000E+05 5.847E+09 0.000E+00 7.480E+05
 2.69259964E-01   6282.0 2.693E+05 2.776E+14 5.414E+00 1.379E+01 2.000E+05 5.847E+09 0.000E+00 7.638E+05
 3.12113408E-01   6526.5 3.121E+05 3.498E+14 6.273E+00 1.577E+01 2.000E+05 5.848E+09 0.000E+00 7.792E+05
 3.60499678E-01   6811.9 3.605E+05 4.609E+14 7.595E+00 1.906E+01 2.000E+05 5.848E+09 0.000E+00 7.935E+05
 4.12180524E-01   7147.7 4.122E+05 6.550E+14 9.812E+00 2.456E+01 2.000E+05 5.826E+09 9.728E+03 8.065E+05
 4.63001941E-01   7539.7 4.630E+05 1.019E+15 1.396E+01 3.374E+01 2.000E+05 5.650E+09 4.700E+04 8.178E+05
 5.09087225E-01   7949.0 5.091E+05 1.638E+15 2.099E+01 4.551E+01 2.000E+05 5.137E+09 8.894E+04 8.264E+05
 5.50058307E-01   8334.7 5.500E+05 2.544E+15 3.113E+01 5.493E+01 2.000E+05 4.260E+09 1.153E+05 8.327E+05
 5.87823943E-01   8671.3 5.878E+05 3.688E+15 4.392E+01 5.861E+01 2.000E+05 3.256E+09 1.337E+05 8.365E+05
 6.24234261E-01   8969.2 6.242E+05 5.058E+15 5.953E+01 5.801E+01 2.000E+05 2.378E+09 1.419E+05 8.428E+05
 6.60879070E-01   9232.7 6.609E+05 6.626E+15 7.733E+01 5.497E+01 2.000E+05 1.723E+09 1.453E+05 8.477E+05
 6.98957395E-01   9475.7 6.989E+05 8.431E+15 9.815E+01 5.187E+01 2.000E+05 1.272E+09 1.460E+05 8.532E+05
 7.39400523E-01   9701.7 7.394E+05 1.048E+16 1.220E+02 4.856E+01 2.000E+05 9.528E+08 1.442E+05 8.589E+05
 7.83151993E-01   9916.8 7.831E+05 1.283E+16 1.493E+02 4.585E+01 2.000E+05 7.334E+08 1.426E+05 8.649E+05
 8.31065937E-01  10126.9 8.310E+05 1.554E+16 1.810E+02 4.323E+01 2.000E+05 5.700E+08 1.401E+05 8.714E+05
 8.84036601E-01  10331.1 8.840E+05 1.866E+16 2.174E+02 4.044E+01 2.000E+05 4.441E+08 1.363E+05 8.783E+05
 9.43115726E-01  10532.3 9.431E+05 2.225E+16 2.590E+02 3.845E+01 2.000E+05 3.541E+08 1.354E+05 8.856E+05
 1.00926057E+00  10738.5 1.009E+06 2.652E+16 3.081E+02 3.559E+01 2.000E+05 2.757E+08 1.296E+05 8.935E+05
 1.08404277E+00  10930.4 1.084E+06 3.122E+16 3.608E+02 3.522E+01 2.000E+05 2.348E+08 1.289E+05 9.014E+05
PRADK 1.7324E+00
BEGIN                    ITERATION  15 COMPLETED
