TEFF  10000.  GRAVITY 3.00000     
TITLE   B a s i c A T L A S                                                     
 OPACITY IFOP 1 1 1 1 1 1 1 1 1 1 1 1 1 0 1 0 0 0 0 0
 CONVECTION ON   1.25 TURBULENCE OFF  0.00  0.00  0.00  0.00
ABUNDANCE SCALE  10.00000 ABUNDANCE CHANGE 1 0.90293 2 0.08623
 ABUNDANCE CHANGE  3  -8.78  4 -10.66  5  -9.25  6  -3.54  7  -4.18  8  -3.28
 ABUNDANCE CHANGE  9  -7.48 10  -4.02 11  -5.80 12  -4.44 13  -5.59 14  -4.53
 ABUNDANCE CHANGE 15  -6.58 16  -4.88 17  -6.54 18  -5.64 19  -6.93 20  -5.70
 ABUNDANCE CHANGE 21  -8.89 22  -7.09 23  -8.11 24  -6.40 25  -6.61 26  -4.52
 ABUNDANCE CHANGE 27  -7.05 28  -5.82 29  -7.85 30  -7.48 31  -9.00 32  -8.39
 ABUNDANCE CHANGE 33  -9.74 34  -8.70 35  -9.50 36  -8.79 37  -9.68 38  -9.17
 ABUNDANCE CHANGE 39  -9.83 40  -9.42 41 -10.58 42 -10.16 43 -20.00 44 -10.29
 ABUNDANCE CHANGE 45 -10.98 46 -10.39 47 -10.84 48 -10.33 49 -11.28 50 -10.00
 ABUNDANCE CHANGE 51 -11.03 52  -9.86 53 -10.49 54  -9.80 55 -10.96 56  -9.86
 ABUNDANCE CHANGE 57 -10.94 58 -10.46 59 -11.32 60 -10.62 61 -20.00 62 -11.08
 ABUNDANCE CHANGE 63 -11.52 64 -10.97 65 -11.74 66 -10.94 67 -11.56 68 -11.12
 ABUNDANCE CHANGE 69 -11.94 70 -11.12 71 -11.94 72 -11.17 73 -12.16 74 -11.39
 ABUNDANCE CHANGE 75 -11.78 76 -10.68 77 -10.66 78 -10.42 79 -11.24 80 -10.87
 ABUNDANCE CHANGE 81 -11.27 82 -10.00 83 -11.39 84 -20.00 85 -20.00 86 -20.00
 ABUNDANCE CHANGE 87 -20.00 88 -20.00 89 -20.00 90 -11.96 91 -20.00 92 -12.58
 ABUNDANCE CHANGE 93 -20.00 94 -20.00 95 -20.00 96 -20.00 97 -20.00 98 -20.00
 ABUNDANCE CHANGE 99 -20.00
READ DECK6 72 RHOX,T,P,XNE,ABROSS,ACCRAD,VTURB,         FLXRAD,VCONV,VELSND
 1.09509807E-06   5472.9 1.016E-03 3.829E+08 1.218E-01 7.237E+01 2.000E+05 4.512E+10 0.000E+00 3.152E+07
 1.46436630E-06   5511.8 1.359E-03 4.985E+08 1.191E-01 7.068E+01 2.000E+05 4.512E+10 0.000E+00 2.736E+07
 1.97055804E-06   5547.6 1.830E-03 6.481E+08 1.152E-01 6.845E+01 2.000E+05 4.512E+10 0.000E+00 2.364E+07
 2.66365879E-06   5590.6 2.476E-03 8.536E+08 1.130E-01 6.611E+01 2.000E+05 4.512E+10 5.222E+08 2.045E+07
 3.60379104E-06   5637.1 3.355E-03 1.130E+09 1.115E-01 6.361E+01 2.000E+05 4.512E+10 3.960E+08 1.770E+07
 4.86999951E-06   5686.5 4.543E-03 1.498E+09 1.107E-01 6.088E+01 2.000E+05 4.512E+10 2.990E+08 1.535E+07
 6.56668138E-06   5738.1 6.139E-03 1.988E+09 1.104E-01 5.811E+01 2.000E+05 4.512E+10 2.247E+08 1.333E+07
 8.83193481E-06   5791.1 8.276E-03 2.636E+09 1.104E-01 5.509E+01 2.000E+05 4.512E+10 1.682E+08 1.159E+07
 1.18498567E-05   5844.9 1.113E-02 3.488E+09 1.106E-01 5.201E+01 2.000E+05 4.512E+10 1.251E+08 1.010E+07
 1.58684941E-05   5898.6 1.495E-02 4.602E+09 1.107E-01 4.897E+01 2.000E+05 4.512E+10 9.237E+07 8.802E+06
 2.12253945E-05   5951.4 2.005E-02 6.052E+09 1.107E-01 4.622E+01 2.000E+05 4.512E+10 6.770E+07 7.674E+06
 2.83817918E-05   6003.1 2.689E-02 7.932E+09 1.104E-01 4.394E+01 2.000E+05 4.512E+10 4.942E+07 6.691E+06
 3.79605874E-05   6054.0 3.605E-02 1.037E+10 1.099E-01 4.215E+01 2.000E+05 4.512E+10 3.620E+07 5.834E+06
 5.07884636E-05   6105.3 4.835E-02 1.355E+10 1.095E-01 4.072E+01 2.000E+05 4.512E+10 2.678E+07 5.089E+06
 6.79190606E-05   6158.3 6.479E-02 1.771E+10 1.096E-01 3.964E+01 2.000E+05 4.512E+10 2.004E+07 4.446E+06
 9.06643071E-05   6213.9 8.665E-02 2.317E+10 1.104E-01 3.859E+01 2.000E+05 4.512E+10 1.510E+07 3.895E+06
 1.20637316E-04   6272.4 1.155E-01 3.031E+10 1.122E-01 3.765E+01 2.000E+05 4.512E+10 1.141E+07 3.425E+06
 1.59796342E-04   6333.9 1.532E-01 3.962E+10 1.150E-01 3.677E+01 2.000E+05 4.512E+10 8.628E+06 3.025E+06
 2.10494579E-04   6398.1 2.020E-01 5.171E+10 1.190E-01 3.601E+01 2.000E+05 4.512E+10 6.507E+06 2.686E+06
 2.75532223E-04   6464.8 2.648E-01 6.729E+10 1.242E-01 3.532E+01 2.000E+05 4.512E+10 4.884E+06 2.398E+06
 3.58230888E-04   6533.6 3.446E-01 8.725E+10 1.308E-01 3.468E+01 2.000E+05 4.512E+10 3.632E+06 2.156E+06
 4.62534903E-04   6604.1 4.453E-01 1.126E+11 1.388E-01 3.402E+01 2.000E+05 4.512E+10 2.659E+06 1.950E+06
 5.93228805E-04   6675.7 5.716E-01 1.446E+11 1.481E-01 3.321E+01 2.000E+05 4.512E+10 1.895E+06 1.776E+06
 7.56103418E-04   6747.5 7.291E-01 1.847E+11 1.589E-01 3.256E+01 2.000E+05 4.512E+10 4.624E+05 1.629E+06
 9.58001047E-04   6819.6 9.245E-01 2.345E+11 1.714E-01 3.211E+01 2.000E+05 4.512E+10 2.408E+05 1.503E+06
 1.20688665E-03   6892.4 1.165E+00 2.963E+11 1.859E-01 3.180E+01 2.000E+05 4.512E+10 1.399E+05 1.398E+06
 1.51195574E-03   6965.8 1.461E+00 3.726E+11 2.028E-01 3.159E+01 2.000E+05 4.512E+10 8.261E+04 1.309E+06
 1.88376317E-03   7040.0 1.821E+00 4.663E+11 2.225E-01 3.152E+01 2.000E+05 4.512E+10 4.939E+04 1.234E+06
 2.33446077E-03   7115.1 2.257E+00 5.809E+11 2.454E-01 3.147E+01 2.000E+05 4.512E+10 2.979E+04 1.172E+06
 2.87826941E-03   7190.7 2.784E+00 7.201E+11 2.717E-01 3.146E+01 2.000E+05 4.512E+10 1.791E+04 1.120E+06
 3.53191308E-03   7266.2 3.417E+00 8.882E+11 3.020E-01 3.159E+01 2.000E+05 4.512E+10 1.079E+04 1.077E+06
 4.31490662E-03   7341.8 4.175E+00 1.091E+12 3.367E-01 3.183E+01 2.000E+05 4.512E+10 6.509E+03 1.042E+06
 5.25006776E-03   7417.1 5.080E+00 1.333E+12 3.764E-01 3.224E+01 2.000E+05 4.512E+10 3.912E+03 1.013E+06
 6.36387969E-03   7492.4 6.158E+00 1.622E+12 4.220E-01 3.284E+01 2.000E+05 4.512E+10 2.361E+03 9.891E+05
 7.68688783E-03   7567.5 7.437E+00 1.965E+12 4.743E-01 3.365E+01 2.000E+05 4.512E+10 1.453E+03 9.699E+05
 9.25470521E-03   7643.5 8.951E+00 2.375E+12 5.343E-01 3.450E+01 2.000E+05 4.512E+10 8.987E+02 9.548E+05
 1.11093578E-02   7719.4 1.074E+01 2.859E+12 6.027E-01 3.552E+01 2.000E+05 4.512E+10 5.290E+02 9.430E+05
 1.33004355E-02   7795.3 1.285E+01 3.430E+12 6.807E-01 3.675E+01 2.000E+05 4.512E+10 2.938E+02 9.338E+05
 1.58856924E-02   7870.7 1.534E+01 4.102E+12 7.699E-01 3.831E+01 2.000E+05 4.512E+10 1.542E+02 9.269E+05
 1.89311294E-02   7946.6 1.827E+01 4.893E+12 8.724E-01 4.030E+01 2.000E+05 4.512E+10 8.808E+01 9.220E+05
 2.25094059E-02   8024.0 2.170E+01 5.825E+12 9.917E-01 4.281E+01 2.000E+05 4.512E+10 6.935E+01 9.191E+05
 2.66978850E-02   8104.4 2.570E+01 6.926E+12 1.132E+00 4.600E+01 2.000E+05 4.512E+10 8.374E+01 9.184E+05
 3.15788626E-02   8190.6 3.035E+01 8.233E+12 1.299E+00 4.975E+01 2.000E+05 4.512E+10 1.142E+02 9.201E+05
 3.72373459E-02   8284.5 3.571E+01 9.789E+12 1.498E+00 5.417E+01 2.000E+05 4.512E+10 1.410E+02 9.245E+05
 4.37571762E-02   8387.1 4.186E+01 1.163E+13 1.739E+00 5.955E+01 2.000E+05 4.512E+10 1.629E+02 9.317E+05
 5.12182961E-02   8501.0 4.885E+01 1.382E+13 2.034E+00 6.611E+01 2.000E+05 4.512E+10 1.819E+02 9.420E+05
 5.96966764E-02   8629.2 5.674E+01 1.641E+13 2.394E+00 7.410E+01 2.000E+05 4.512E+10 1.951E+02 9.560E+05
 6.92841902E-02   8775.7 6.557E+01 1.944E+13 2.826E+00 8.321E+01 2.000E+05 4.512E+10 1.967E+02 9.743E+05
 8.01254016E-02   8943.5 7.546E+01 2.297E+13 3.328E+00 9.312E+01 2.000E+05 4.512E+10 1.840E+02 9.971E+05
 9.24229607E-02   9135.5 8.654E+01 2.701E+13 3.905E+00 1.042E+02 2.000E+05 4.512E+10 1.609E+02 1.025E+06
 1.06464362E-01   9357.4 9.903E+01 3.156E+13 4.535E+00 1.160E+02 2.000E+05 4.512E+10 1.296E+02 1.058E+06
 1.22795294E-01   9612.6 1.134E+02 3.662E+13 5.130E+00 1.247E+02 2.000E+05 4.512E+10 9.455E+01 1.096E+06
 1.42238461E-01   9904.1 1.303E+02 4.221E+13 5.690E+00 1.328E+02 2.000E+05 4.512E+10 6.198E+01 1.140E+06
 1.66022568E-01  10233.8 1.509E+02 4.849E+13 6.102E+00 1.356E+02 2.000E+05 4.512E+10 3.670E+01 1.192E+06
 1.95983540E-01  10605.7 1.768E+02 5.580E+13 6.392E+00 1.361E+02 2.000E+05 4.512E+10 1.959E+01 1.253E+06
 2.34387198E-01  11029.0 2.100E+02 6.449E+13 6.606E+00 1.364E+02 2.000E+05 4.511E+10 7.883E+00 1.323E+06
 2.84543625E-01  11504.1 2.533E+02 7.517E+13 6.666E+00 1.338E+02 2.000E+05 4.514E+10 0.000E+00 1.395E+06
 3.51824675E-01  12051.4 3.118E+02 8.878E+13 6.555E+00 1.278E+02 2.000E+05 4.508E+10 0.000E+00 1.460E+06
 4.43010769E-01  12645.5 3.915E+02 1.066E+14 6.454E+00 1.244E+02 2.000E+05 4.515E+10 0.000E+00 1.504E+06
 5.67729841E-01  13350.5 5.010E+02 1.297E+14 6.229E+00 1.195E+02 2.000E+05 4.511E+10 0.000E+00 1.523E+06
 7.40080316E-01  14114.2 6.531E+02 1.607E+14 6.042E+00 1.161E+02 2.000E+05 4.511E+10 1.298E+00 1.525E+06
 9.69084242E-01  15007.2 8.551E+02 1.998E+14 6.263E+00 1.198E+02 2.000E+05 4.514E+10 4.292E+01 1.543E+06
 1.25995441E+00  15951.0 1.110E+03 2.470E+14 6.647E+00 1.248E+02 2.000E+05 4.509E+10 8.319E+01 1.600E+06
 1.62089604E+00  17012.7 1.424E+03 3.001E+14 7.212E+00 1.359E+02 2.000E+05 4.516E+10 6.931E+01 1.709E+06
 2.06505571E+00  18150.4 1.806E+03 3.588E+14 7.765E+00 1.448E+02 2.000E+05 4.507E+10 2.204E+01 1.831E+06
 2.63905195E+00  19423.6 2.296E+03 4.276E+14 7.710E+00 1.453E+02 2.000E+05 4.517E+10 0.000E+00 1.943E+06
 3.41707847E+00  20784.4 2.963E+03 5.164E+14 7.524E+00 1.410E+02 2.000E+05 4.506E+10 0.000E+00 2.032E+06
 4.49271403E+00  22288.4 3.890E+03 6.328E+14 7.182E+00 1.362E+02 2.000E+05 4.518E+10 0.000E+00 2.106E+06
 6.00521416E+00  23892.4 5.203E+03 7.905E+14 6.784E+00 1.270E+02 2.000E+05 4.505E+10 0.000E+00 2.187E+06
 8.12405539E+00  25642.3 7.058E+03 9.999E+14 6.528E+00 1.229E+02 2.000E+05 4.519E+10 0.000E+00 2.275E+06
 1.10238222E+01  27521.2 9.605E+03 1.268E+15 6.440E+00 1.201E+02 2.000E+05 4.504E+10 0.000E+00 2.359E+06
 1.48743447E+01  29550.8 1.300E+04 1.600E+15 6.551E+00 1.168E+02 2.000E+05 4.520E+10 0.000E+00 2.433E+06
PRADK 1.3411E+01
BEGIN                    ITERATION  15 COMPLETED
