TEFF   6000.  GRAVITY 4.00000     
TITLE   B a s i c A T L A S                                                     
 OPACITY IFOP 1 1 1 1 1 1 1 1 1 1 1 1 1 0 1 0 0 0 0 0
 CONVECTION ON   1.25 TURBULENCE OFF  0.00  0.00  0.00  0.00
ABUNDANCE SCALE  10.00000 ABUNDANCE CHANGE 1 0.90293 2 0.08623
 ABUNDANCE CHANGE  3  -8.78  4 -10.66  5  -9.25  6  -3.54  7  -4.18  8  -3.28
 ABUNDANCE CHANGE  9  -7.48 10  -4.02 11  -5.80 12  -4.44 13  -5.59 14  -4.53
 ABUNDANCE CHANGE 15  -6.58 16  -4.88 17  -6.54 18  -5.64 19  -6.93 20  -5.70
 ABUNDANCE CHANGE 21  -8.89 22  -7.09 23  -8.11 24  -6.40 25  -6.61 26  -4.52
 ABUNDANCE CHANGE 27  -7.05 28  -5.82 29  -7.85 30  -7.48 31  -9.00 32  -8.39
 ABUNDANCE CHANGE 33  -9.74 34  -8.70 35  -9.50 36  -8.79 37  -9.68 38  -9.17
 ABUNDANCE CHANGE 39  -9.83 40  -9.42 41 -10.58 42 -10.16 43 -20.00 44 -10.29
 ABUNDANCE CHANGE 45 -10.98 46 -10.39 47 -10.84 48 -10.33 49 -11.28 50 -10.00
 ABUNDANCE CHANGE 51 -11.03 52  -9.86 53 -10.49 54  -9.80 55 -10.96 56  -9.86
 ABUNDANCE CHANGE 57 -10.94 58 -10.46 59 -11.32 60 -10.62 61 -20.00 62 -11.08
 ABUNDANCE CHANGE 63 -11.52 64 -10.97 65 -11.74 66 -10.94 67 -11.56 68 -11.12
 ABUNDANCE CHANGE 69 -11.94 70 -11.12 71 -11.94 72 -11.17 73 -12.16 74 -11.39
 ABUNDANCE CHANGE 75 -11.78 76 -10.68 77 -10.66 78 -10.42 79 -11.24 80 -10.87
 ABUNDANCE CHANGE 81 -11.27 82 -10.00 83 -11.39 84 -20.00 85 -20.00 86 -20.00
 ABUNDANCE CHANGE 87 -20.00 88 -20.00 89 -20.00 90 -11.96 91 -20.00 92 -12.58
 ABUNDANCE CHANGE 93 -20.00 94 -20.00 95 -20.00 96 -20.00 97 -20.00 98 -20.00
 ABUNDANCE CHANGE 99 -20.00
READ DECK6 72 RHOX,T,P,XNE,ABROSS,ACCRAD,VTURB,         FLXRAD,VCONV,VELSND
 1.34719373E-04   3601.3 1.347E+00 2.244E+09 9.899E-04 3.826E-01 2.000E+05 5.847E+09 0.000E+00 8.746E+05
 1.77677819E-04   3618.6 1.777E+00 2.888E+09 1.081E-03 4.168E-01 2.000E+05 5.847E+09 0.000E+00 8.113E+05
 2.30054898E-04   3639.2 2.300E+00 3.666E+09 1.184E-03 4.378E-01 2.000E+05 5.847E+09 0.000E+00 7.631E+05
 2.93860174E-04   3662.1 2.938E+00 4.605E+09 1.295E-03 4.483E-01 2.000E+05 5.847E+09 0.000E+00 7.255E+05
 3.71573918E-04   3686.5 3.716E+00 5.741E+09 1.418E-03 4.498E-01 2.000E+05 5.847E+09 0.000E+00 6.961E+05
 4.66039375E-04   3711.5 4.660E+00 7.107E+09 1.559E-03 4.501E-01 2.000E+05 5.847E+09 0.000E+00 6.728E+05
 5.80119514E-04   3737.0 5.801E+00 8.743E+09 1.728E-03 4.531E-01 2.000E+05 5.847E+09 0.000E+00 6.545E+05
 7.16881198E-04   3763.0 7.169E+00 1.069E+10 1.929E-03 4.589E-01 2.000E+05 5.847E+09 0.000E+00 6.407E+05
 8.79687851E-04   3789.7 8.796E+00 1.300E+10 2.168E-03 4.678E-01 2.000E+05 5.847E+09 0.000E+00 6.290E+05
 1.07337967E-03   3817.7 1.073E+01 1.574E+10 2.419E-03 4.685E-01 2.000E+05 5.847E+09 0.000E+00 6.204E+05
 1.30599017E-03   3846.9 1.306E+01 1.902E+10 2.680E-03 4.590E-01 2.000E+05 5.847E+09 0.000E+00 6.138E+05
 1.58491734E-03   3876.1 1.585E+01 2.293E+10 2.991E-03 4.526E-01 2.000E+05 5.847E+09 0.000E+00 6.089E+05
 1.91707141E-03   3905.7 1.917E+01 2.757E+10 3.360E-03 4.493E-01 2.000E+05 5.847E+09 0.000E+00 6.052E+05
 2.31014728E-03   3935.5 2.310E+01 3.303E+10 3.796E-03 4.486E-01 2.000E+05 5.847E+09 0.000E+00 6.027E+05
 2.77272717E-03   3965.7 2.773E+01 3.943E+10 4.313E-03 4.505E-01 2.000E+05 5.847E+09 0.000E+00 6.012E+05
 3.31707368E-03   3996.6 3.317E+01 4.696E+10 4.866E-03 4.472E-01 2.000E+05 5.847E+09 0.000E+00 6.004E+05
 3.96445542E-03   4027.9 3.964E+01 5.587E+10 5.437E-03 4.350E-01 2.000E+05 5.847E+09 0.000E+00 6.003E+05
 4.73457250E-03   4059.0 4.734E+01 6.639E+10 6.113E-03 4.265E-01 2.000E+05 5.847E+09 0.000E+00 6.006E+05
 5.64532944E-03   4090.1 5.645E+01 7.875E+10 6.911E-03 4.216E-01 2.000E+05 5.847E+09 0.000E+00 6.013E+05
 6.71701766E-03   4121.2 6.717E+01 9.321E+10 7.849E-03 4.199E-01 2.000E+05 5.847E+09 0.000E+00 6.024E+05
 7.97260324E-03   4152.3 7.972E+01 1.101E+11 8.951E-03 4.211E-01 2.000E+05 5.847E+09 0.000E+00 6.038E+05
 9.44250566E-03   4183.6 9.442E+01 1.297E+11 1.017E-02 4.214E-01 2.000E+05 5.847E+09 0.000E+00 6.054E+05
 1.11777890E-02   4215.1 1.118E+02 1.527E+11 1.144E-02 4.153E-01 2.000E+05 5.847E+09 0.000E+00 6.073E+05
 1.32340693E-02   4246.7 1.323E+02 1.798E+11 1.289E-02 4.104E-01 2.000E+05 5.847E+09 0.000E+00 6.093E+05
 1.56617406E-02   4278.4 1.566E+02 2.116E+11 1.459E-02 4.090E-01 2.000E+05 5.847E+09 0.000E+00 6.115E+05
 1.85159822E-02   4310.3 1.852E+02 2.487E+11 1.658E-02 4.109E-01 2.000E+05 5.847E+09 0.000E+00 6.138E+05
 2.18598197E-02   4342.7 2.186E+02 2.920E+11 1.890E-02 4.158E-01 2.000E+05 5.847E+09 0.000E+00 6.163E+05
 2.57715997E-02   4375.4 2.577E+02 3.424E+11 2.152E-02 4.214E-01 2.000E+05 5.847E+09 0.000E+00 6.189E+05
 3.03649292E-02   4408.9 3.036E+02 4.013E+11 2.436E-02 4.243E-01 2.000E+05 5.847E+09 0.000E+00 6.216E+05
 3.57971302E-02   4443.0 3.580E+02 4.706E+11 2.739E-02 4.243E-01 2.000E+05 5.847E+09 0.000E+00 6.245E+05
 4.22374683E-02   4477.8 4.224E+02 5.522E+11 3.084E-02 4.260E-01 2.000E+05 5.847E+09 0.000E+00 6.274E+05
 4.98511241E-02   4513.4 4.985E+02 6.483E+11 3.485E-02 4.309E-01 2.000E+05 5.847E+09 0.000E+00 6.305E+05
 5.88188161E-02   4550.0 5.882E+02 7.610E+11 3.951E-02 4.390E-01 2.000E+05 5.847E+09 0.000E+00 6.337E+05
 6.93697629E-02   4587.7 6.937E+02 8.931E+11 4.475E-02 4.476E-01 2.000E+05 5.847E+09 0.000E+00 6.371E+05
 8.18147115E-02   4626.6 8.181E+02 1.048E+12 5.054E-02 4.553E-01 2.000E+05 5.847E+09 0.000E+00 6.406E+05
 9.64879887E-02   4666.6 9.648E+02 1.231E+12 5.722E-02 4.654E-01 2.000E+05 5.847E+09 0.000E+00 6.443E+05
 1.13875281E-01   4708.3 1.139E+03 1.447E+12 6.404E-02 4.736E-01 2.000E+05 5.847E+09 0.000E+00 6.482E+05
 1.34562419E-01   4751.5 1.346E+03 1.703E+12 7.191E-02 4.847E-01 2.000E+05 5.847E+09 0.000E+00 6.521E+05
 1.59071222E-01   4796.3 1.591E+03 2.005E+12 8.111E-02 4.992E-01 2.000E+05 5.847E+09 0.000E+00 6.562E+05
 1.88046559E-01   4842.9 1.880E+03 2.362E+12 9.148E-02 5.137E-01 2.000E+05 5.847E+09 0.000E+00 6.605E+05
 2.22243513E-01   4891.1 2.222E+03 2.783E+12 1.035E-01 5.323E-01 2.000E+05 5.847E+09 0.000E+00 6.650E+05
 2.62482364E-01   4941.4 2.625E+03 3.278E+12 1.175E-01 5.555E-01 2.000E+05 5.847E+09 0.000E+00 6.696E+05
 3.09729637E-01   4994.2 3.097E+03 3.859E+12 1.335E-01 5.839E-01 2.000E+05 5.847E+09 0.000E+00 6.744E+05
 3.65175620E-01   5050.3 3.652E+03 4.544E+12 1.517E-01 6.139E-01 2.000E+05 5.847E+09 0.000E+00 6.795E+05
 4.30292615E-01   5109.7 4.303E+03 5.351E+12 1.722E-01 6.483E-01 2.000E+05 5.847E+09 0.000E+00 6.849E+05
 5.06788873E-01   5173.5 5.068E+03 6.304E+12 1.954E-01 6.895E-01 2.000E+05 5.847E+09 0.000E+00 6.905E+05
 5.96656233E-01   5243.3 5.966E+03 7.434E+12 2.218E-01 7.380E-01 2.000E+05 5.847E+09 0.000E+00 6.966E+05
 7.02257349E-01   5320.5 7.022E+03 8.779E+12 2.517E-01 7.946E-01 2.000E+05 5.847E+09 0.000E+00 7.031E+05
 8.26353857E-01   5407.4 8.263E+03 1.039E+13 2.856E-01 8.607E-01 2.000E+05 5.847E+09 0.000E+00 7.100E+05
 9.72271169E-01   5505.8 9.722E+03 1.234E+13 3.238E-01 9.355E-01 2.000E+05 5.847E+09 0.000E+00 7.175E+05
 1.14394329E+00   5619.1 1.144E+04 1.475E+13 3.672E-01 1.022E+00 2.000E+05 5.847E+09 0.000E+00 7.254E+05
 1.34539505E+00   5749.5 1.345E+04 1.780E+13 4.180E-01 1.125E+00 2.000E+05 5.847E+09 0.000E+00 7.335E+05
 1.57911281E+00   5902.0 1.579E+04 2.186E+13 4.861E-01 1.280E+00 2.000E+05 5.847E+09 0.000E+00 7.416E+05
 1.84502585E+00   6079.5 1.845E+04 2.765E+13 5.747E-01 1.477E+00 2.000E+05 5.847E+09 0.000E+00 7.494E+05
 2.13877628E+00   6286.0 2.139E+04 3.662E+13 7.109E-01 1.798E+00 2.000E+05 5.847E+09 0.000E+00 7.565E+05
 2.44674325E+00   6526.3 2.446E+04 5.151E+13 9.315E-01 2.323E+00 2.000E+05 5.848E+09 0.000E+00 7.626E+05
 2.74860520E+00   6805.9 2.748E+04 7.749E+13 1.317E+00 3.265E+00 2.000E+05 5.847E+09 1.715E+03 7.675E+05
 3.02302376E+00   7130.9 3.023E+04 1.242E+14 2.004E+00 4.962E+00 2.000E+05 5.846E+09 8.852E+03 7.709E+05
 3.25373459E+00   7508.9 3.253E+04 2.099E+14 3.311E+00 8.260E+00 2.000E+05 5.831E+09 3.490E+04 7.734E+05
 3.43172685E+00   7952.5 3.431E+04 3.707E+14 5.949E+00 1.471E+01 2.000E+05 5.697E+09 8.916E+04 7.774E+05
 3.55969813E+00   8439.9 3.559E+04 6.513E+14 1.113E+01 2.422E+01 2.000E+05 5.066E+09 1.639E+05 7.864E+05
 3.65620505E+00   8848.0 3.655E+04 9.986E+14 1.846E+01 2.900E+01 2.000E+05 3.796E+09 2.587E+05 7.990E+05
 3.73933099E+00   9158.4 3.738E+04 1.348E+15 2.676E+01 2.708E+01 2.000E+05 2.517E+09 2.961E+05 8.118E+05
 3.82018749E+00   9395.4 3.818E+04 1.675E+15 3.518E+01 2.374E+01 2.000E+05 1.669E+09 3.093E+05 8.235E+05
 3.90372130E+00   9609.6 3.902E+04 2.018E+15 4.467E+01 2.121E+01 2.000E+05 1.156E+09 3.175E+05 8.354E+05
 3.99323589E+00   9797.9 3.991E+04 2.363E+15 5.470E+01 1.892E+01 2.000E+05 8.323E+08 3.183E+05 8.470E+05
 4.09144604E+00   9980.6 4.089E+04 2.736E+15 6.608E+01 1.746E+01 2.000E+05 6.320E+08 3.208E+05 8.591E+05
 4.20083368E+00  10156.3 4.198E+04 3.136E+15 7.853E+01 1.601E+01 2.000E+05 4.868E+08 3.197E+05 8.716E+05
 4.32413155E+00  10331.2 4.321E+04 3.575E+15 9.255E+01 1.488E+01 2.000E+05 3.837E+08 3.191E+05 8.848E+05
 4.46414818E+00  10506.6 4.461E+04 4.058E+15 1.083E+02 1.402E+01 2.000E+05 3.090E+08 3.203E+05 8.988E+05
 4.62383298E+00  10689.0 4.621E+04 4.606E+15 1.266E+02 1.298E+01 2.000E+05 2.448E+08 3.161E+05 9.142E+05
 4.80730487E+00  10865.3 4.804E+04 5.190E+15 1.460E+02 1.290E+01 2.000E+05 2.121E+08 3.190E+05 9.297E+05
PRADK 1.7331E+00
BEGIN                    ITERATION  15 COMPLETED
