TEFF   5000.  GRAVITY 4.00000     
TITLE   B a s i c A T L A S                                                     
 OPACITY IFOP 1 1 1 1 1 1 1 1 1 1 1 1 1 0 1 0 0 0 0 0
 CONVECTION ON   1.25 TURBULENCE OFF  0.00  0.00  0.00  0.00
ABUNDANCE SCALE  10.00000 ABUNDANCE CHANGE 1 0.90293 2 0.08623
 ABUNDANCE CHANGE  3  -8.78  4 -10.66  5  -9.25  6  -3.54  7  -4.18  8  -3.28
 ABUNDANCE CHANGE  9  -7.48 10  -4.02 11  -5.80 12  -4.44 13  -5.59 14  -4.53
 ABUNDANCE CHANGE 15  -6.58 16  -4.88 17  -6.54 18  -5.64 19  -6.93 20  -5.70
 ABUNDANCE CHANGE 21  -8.89 22  -7.09 23  -8.11 24  -6.40 25  -6.61 26  -4.52
 ABUNDANCE CHANGE 27  -7.05 28  -5.82 29  -7.85 30  -7.48 31  -9.00 32  -8.39
 ABUNDANCE CHANGE 33  -9.74 34  -8.70 35  -9.50 36  -8.79 37  -9.68 38  -9.17
 ABUNDANCE CHANGE 39  -9.83 40  -9.42 41 -10.58 42 -10.16 43 -20.00 44 -10.29
 ABUNDANCE CHANGE 45 -10.98 46 -10.39 47 -10.84 48 -10.33 49 -11.28 50 -10.00
 ABUNDANCE CHANGE 51 -11.03 52  -9.86 53 -10.49 54  -9.80 55 -10.96 56  -9.86
 ABUNDANCE CHANGE 57 -10.94 58 -10.46 59 -11.32 60 -10.62 61 -20.00 62 -11.08
 ABUNDANCE CHANGE 63 -11.52 64 -10.97 65 -11.74 66 -10.94 67 -11.56 68 -11.12
 ABUNDANCE CHANGE 69 -11.94 70 -11.12 71 -11.94 72 -11.17 73 -12.16 74 -11.39
 ABUNDANCE CHANGE 75 -11.78 76 -10.68 77 -10.66 78 -10.42 79 -11.24 80 -10.87
 ABUNDANCE CHANGE 81 -11.27 82 -10.00 83 -11.39 84 -20.00 85 -20.00 86 -20.00
 ABUNDANCE CHANGE 87 -20.00 88 -20.00 89 -20.00 90 -11.96 91 -20.00 92 -12.58
 ABUNDANCE CHANGE 93 -20.00 94 -20.00 95 -20.00 96 -20.00 97 -20.00 98 -20.00
 ABUNDANCE CHANGE 99 -20.00
READ DECK6 72 RHOX,T,P,XNE,ABROSS,ACCRAD,VTURB,         FLXRAD,VCONV,VELSND
 5.39543594E-04   2898.8 5.395E+00 1.166E+09 2.472E-04 1.241E-01 2.000E+05 2.820E+09 0.000E+00 5.688E+05
 7.05566246E-04   2934.8 7.056E+00 1.560E+09 2.886E-04 1.231E-01 2.000E+05 2.820E+09 0.000E+00 5.598E+05
 8.97438253E-04   2965.5 8.974E+00 2.015E+09 3.296E-04 1.211E-01 2.000E+05 2.820E+09 0.000E+00 5.537E+05
 1.12155011E-03   2996.1 1.122E+01 2.568E+09 3.762E-04 1.188E-01 2.000E+05 2.820E+09 0.000E+00 5.499E+05
 1.38277343E-03   3026.7 1.383E+01 3.238E+09 4.316E-04 1.165E-01 2.000E+05 2.820E+09 0.000E+00 5.476E+05
 1.68344650E-03   3057.4 1.683E+01 4.045E+09 5.039E-04 1.144E-01 2.000E+05 2.820E+09 0.000E+00 5.465E+05
 2.02848906E-03   3086.7 2.028E+01 4.994E+09 5.825E-04 1.121E-01 2.000E+05 2.820E+09 0.000E+00 5.461E+05
 2.42803117E-03   3115.1 2.428E+01 6.117E+09 6.687E-04 1.097E-01 2.000E+05 2.820E+09 0.000E+00 5.461E+05
 2.89375483E-03   3143.0 2.894E+01 7.453E+09 7.636E-04 1.075E-01 2.000E+05 2.820E+09 0.000E+00 5.464E+05
 3.43583778E-03   3170.9 3.436E+01 9.053E+09 8.785E-04 1.058E-01 2.000E+05 2.820E+09 0.000E+00 5.472E+05
 4.05831688E-03   3199.4 4.058E+01 1.096E+10 1.027E-03 1.045E-01 2.000E+05 2.820E+09 0.000E+00 5.482E+05
 4.77107914E-03   3226.5 4.771E+01 1.317E+10 1.191E-03 1.032E-01 2.000E+05 2.820E+09 0.000E+00 5.494E+05
 5.59295834E-03   3253.1 5.593E+01 1.576E+10 1.374E-03 1.019E-01 2.000E+05 2.820E+09 0.000E+00 5.506E+05
 6.54519146E-03   3279.2 6.545E+01 1.880E+10 1.578E-03 1.007E-01 2.000E+05 2.820E+09 0.000E+00 5.519E+05
 7.65324945E-03   3305.1 7.653E+01 2.237E+10 1.807E-03 9.983E-02 2.000E+05 2.820E+09 0.000E+00 5.533E+05
 8.93688094E-03   3332.0 8.937E+01 2.665E+10 2.092E-03 9.982E-02 2.000E+05 2.820E+09 0.000E+00 5.549E+05
 1.04130344E-02   3359.1 1.041E+02 3.169E+10 2.428E-03 1.000E-01 2.000E+05 2.820E+09 0.000E+00 5.566E+05
 1.21069769E-02   3386.2 1.211E+02 3.760E+10 2.823E-03 1.002E-01 2.000E+05 2.820E+09 0.000E+00 5.584E+05
 1.40539740E-02   3413.2 1.405E+02 4.450E+10 3.268E-03 1.004E-01 2.000E+05 2.820E+09 0.000E+00 5.601E+05
 1.63000131E-02   3440.2 1.630E+02 5.260E+10 3.773E-03 1.005E-01 2.000E+05 2.820E+09 0.000E+00 5.619E+05
 1.89000015E-02   3467.1 1.890E+02 6.208E+10 4.340E-03 1.009E-01 2.000E+05 2.820E+09 0.000E+00 5.638E+05
 2.18929819E-02   3495.8 2.189E+02 7.349E+10 5.058E-03 1.022E-01 2.000E+05 2.820E+09 0.000E+00 5.658E+05
 2.53241151E-02   3524.2 2.532E+02 8.676E+10 5.873E-03 1.032E-01 2.000E+05 2.820E+09 0.000E+00 5.678E+05
 2.92700178E-02   3552.6 2.927E+02 1.023E+11 6.803E-03 1.044E-01 2.000E+05 2.820E+09 0.000E+00 5.698E+05
 3.38129757E-02   3581.2 3.381E+02 1.204E+11 7.881E-03 1.059E-01 2.000E+05 2.820E+09 0.000E+00 5.718E+05
 3.90433230E-02   3610.0 3.904E+02 1.417E+11 9.126E-03 1.075E-01 2.000E+05 2.820E+09 0.000E+00 5.738E+05
 4.50692340E-02   3638.9 4.507E+02 1.666E+11 1.056E-02 1.095E-01 2.000E+05 2.820E+09 0.000E+00 5.759E+05
 5.19983702E-02   3668.6 5.200E+02 1.960E+11 1.227E-02 1.123E-01 2.000E+05 2.820E+09 0.000E+00 5.780E+05
 5.99600684E-02   3698.2 5.996E+02 2.301E+11 1.422E-02 1.151E-01 2.000E+05 2.820E+09 0.000E+00 5.800E+05
 6.91300573E-02   3727.8 6.913E+02 2.699E+11 1.645E-02 1.181E-01 2.000E+05 2.820E+09 0.000E+00 5.821E+05
 7.97118075E-02   3757.5 7.971E+02 3.163E+11 1.899E-02 1.214E-01 2.000E+05 2.820E+09 0.000E+00 5.842E+05
 9.19454436E-02   3787.3 9.194E+02 3.706E+11 2.189E-02 1.251E-01 2.000E+05 2.820E+09 0.000E+00 5.862E+05
 1.06091526E-01   3817.9 1.061E+03 4.344E+11 2.526E-02 1.294E-01 2.000E+05 2.820E+09 0.000E+00 5.883E+05
 1.22436319E-01   3849.0 1.224E+03 5.093E+11 2.916E-02 1.342E-01 2.000E+05 2.820E+09 0.000E+00 5.904E+05
 1.41333500E-01   3880.2 1.413E+03 5.967E+11 3.360E-02 1.394E-01 2.000E+05 2.820E+09 0.000E+00 5.925E+05
 1.63225226E-01   3911.7 1.632E+03 6.991E+11 3.864E-02 1.451E-01 2.000E+05 2.820E+09 0.000E+00 5.946E+05
 1.88623747E-01   3943.5 1.886E+03 8.190E+11 4.439E-02 1.515E-01 2.000E+05 2.820E+09 0.000E+00 5.966E+05
 2.18120543E-01   3975.9 2.181E+03 9.598E+11 5.093E-02 1.586E-01 2.000E+05 2.820E+09 0.000E+00 5.987E+05
 2.52725323E-01   4009.3 2.527E+03 1.128E+12 5.737E-02 1.655E-01 2.000E+05 2.820E+09 0.000E+00 6.009E+05
 2.93767108E-01   4044.3 2.938E+03 1.330E+12 6.451E-02 1.738E-01 2.000E+05 2.820E+09 0.000E+00 6.031E+05
 3.42289950E-01   4081.8 3.423E+03 1.576E+12 7.296E-02 1.844E-01 2.000E+05 2.820E+09 0.000E+00 6.054E+05
 3.99149276E-01   4122.2 3.991E+03 1.877E+12 8.361E-02 1.980E-01 2.000E+05 2.820E+09 0.000E+00 6.079E+05
 4.64983400E-01   4165.2 4.650E+03 2.240E+12 9.676E-02 2.148E-01 2.000E+05 2.820E+09 0.000E+00 6.105E+05
 5.40186781E-01   4212.5 5.402E+03 2.685E+12 1.138E-01 2.354E-01 2.000E+05 2.820E+09 0.000E+00 6.133E+05
 6.25357466E-01   4262.8 6.253E+03 3.219E+12 1.341E-01 2.598E-01 2.000E+05 2.820E+09 0.000E+00 6.163E+05
 7.21584725E-01   4317.3 7.216E+03 3.870E+12 1.585E-01 2.895E-01 2.000E+05 2.820E+09 0.000E+00 6.193E+05
 8.29946585E-01   4377.6 8.299E+03 4.669E+12 1.880E-01 3.252E-01 2.000E+05 2.820E+09 0.000E+00 6.225E+05
 9.51746466E-01   4445.8 9.517E+03 5.668E+12 2.231E-01 3.656E-01 2.000E+05 2.820E+09 0.000E+00 6.260E+05
 1.08816070E+00   4522.5 1.088E+04 6.914E+12 2.664E-01 4.156E-01 2.000E+05 2.820E+09 0.000E+00 6.299E+05
 1.24053909E+00   4610.0 1.241E+04 8.480E+12 3.178E-01 4.727E-01 2.000E+05 2.820E+09 0.000E+00 6.344E+05
 1.41113766E+00   4709.6 1.411E+04 1.044E+13 3.779E-01 5.368E-01 2.000E+05 2.820E+09 0.000E+00 6.400E+05
 1.60258780E+00   4823.4 1.603E+04 1.289E+13 4.483E-01 6.111E-01 2.000E+05 2.820E+09 0.000E+00 6.472E+05
 1.81897379E+00   4954.0 1.819E+04 1.593E+13 5.260E-01 6.898E-01 2.000E+05 2.820E+09 0.000E+00 6.573E+05
 2.06685809E+00   5103.5 2.067E+04 1.964E+13 6.073E-01 7.699E-01 2.000E+05 2.820E+09 0.000E+00 6.710E+05
 2.35527283E+00   5275.3 2.355E+04 2.414E+13 6.914E-01 8.530E-01 2.000E+05 2.820E+09 0.000E+00 6.885E+05
 2.69548006E+00   5473.9 2.695E+04 2.955E+13 7.766E-01 9.385E-01 2.000E+05 2.820E+09 0.000E+00 7.087E+05
 3.10287559E+00   5701.7 3.103E+04 3.617E+13 8.608E-01 1.022E+00 2.000E+05 2.820E+09 0.000E+00 7.287E+05
 3.58953026E+00   5964.7 3.589E+04 4.511E+13 9.695E-01 1.143E+00 2.000E+05 2.820E+09 0.000E+00 7.466E+05
 4.15199178E+00   6265.7 4.152E+04 5.985E+13 1.155E+00 1.357E+00 2.000E+05 2.820E+09 0.000E+00 7.610E+05
 4.74988072E+00   6609.7 4.749E+04 8.868E+13 1.537E+00 1.802E+00 2.000E+05 2.820E+09 5.945E+03 7.692E+05
 5.30687519E+00   7002.6 5.306E+04 1.478E+14 2.361E+00 2.764E+00 2.000E+05 2.803E+09 2.808E+04 7.792E+05
 5.76436924E+00   7440.5 5.764E+04 2.651E+14 4.008E+00 4.541E+00 2.000E+05 2.703E+09 8.004E+04 7.838E+05
 6.11275033E+00   7900.9 6.112E+04 4.760E+14 7.102E+00 6.934E+00 2.000E+05 2.342E+09 1.358E+05 7.874E+05
 6.38537549E+00   8295.5 6.384E+04 7.607E+14 1.156E+01 8.226E+00 2.000E+05 1.723E+09 1.917E+05 7.924E+05
 6.62002193E+00   8612.1 6.619E+04 1.083E+15 1.699E+01 7.877E+00 2.000E+05 1.126E+09 2.128E+05 7.986E+05
 6.84502698E+00   8851.5 6.844E+04 1.398E+15 2.264E+01 7.115E+00 2.000E+05 7.562E+08 2.181E+05 8.050E+05
 7.07339125E+00   9070.2 7.072E+04 1.749E+15 2.930E+01 6.503E+00 2.000E+05 5.315E+08 2.198E+05 8.121E+05
 7.31463474E+00   9254.9 7.313E+04 2.104E+15 3.627E+01 5.895E+00 2.000E+05 3.882E+08 2.177E+05 8.187E+05
 7.57518672E+00   9439.3 7.573E+04 2.513E+15 4.468E+01 5.490E+00 2.000E+05 2.938E+08 2.167E+05 8.267E+05
 7.86093506E+00   9605.7 7.859E+04 2.942E+15 5.376E+01 5.044E+00 2.000E+05 2.239E+08 2.139E+05 8.343E+05
 8.17734424E+00   9778.7 8.175E+04 3.447E+15 6.479E+01 4.688E+00 2.000E+05 1.729E+08 2.106E+05 8.428E+05
 8.53136419E+00   9936.1 8.529E+04 3.977E+15 7.650E+01 4.603E+00 2.000E+05 1.450E+08 2.095E+05 8.511E+05
PRADK 8.3571E-01
BEGIN                    ITERATION  15 COMPLETED
