TEFF   6000.  GRAVITY 5.00000     
TITLE   B a s i c A T L A S                                                     
 OPACITY IFOP 1 1 1 1 1 1 1 1 1 1 1 1 1 0 1 0 0 0 0 0
 CONVECTION ON   1.25 TURBULENCE OFF  0.00  0.00  0.00  0.00
ABUNDANCE SCALE  10.00000 ABUNDANCE CHANGE 1 0.90293 2 0.08623
 ABUNDANCE CHANGE  3  -8.78  4 -10.66  5  -9.25  6  -3.54  7  -4.18  8  -3.28
 ABUNDANCE CHANGE  9  -7.48 10  -4.02 11  -5.80 12  -4.44 13  -5.59 14  -4.53
 ABUNDANCE CHANGE 15  -6.58 16  -4.88 17  -6.54 18  -5.64 19  -6.93 20  -5.70
 ABUNDANCE CHANGE 21  -8.89 22  -7.09 23  -8.11 24  -6.40 25  -6.61 26  -4.52
 ABUNDANCE CHANGE 27  -7.05 28  -5.82 29  -7.85 30  -7.48 31  -9.00 32  -8.39
 ABUNDANCE CHANGE 33  -9.74 34  -8.70 35  -9.50 36  -8.79 37  -9.68 38  -9.17
 ABUNDANCE CHANGE 39  -9.83 40  -9.42 41 -10.58 42 -10.16 43 -20.00 44 -10.29
 ABUNDANCE CHANGE 45 -10.98 46 -10.39 47 -10.84 48 -10.33 49 -11.28 50 -10.00
 ABUNDANCE CHANGE 51 -11.03 52  -9.86 53 -10.49 54  -9.80 55 -10.96 56  -9.86
 ABUNDANCE CHANGE 57 -10.94 58 -10.46 59 -11.32 60 -10.62 61 -20.00 62 -11.08
 ABUNDANCE CHANGE 63 -11.52 64 -10.97 65 -11.74 66 -10.94 67 -11.56 68 -11.12
 ABUNDANCE CHANGE 69 -11.94 70 -11.12 71 -11.94 72 -11.17 73 -12.16 74 -11.39
 ABUNDANCE CHANGE 75 -11.78 76 -10.68 77 -10.66 78 -10.42 79 -11.24 80 -10.87
 ABUNDANCE CHANGE 81 -11.27 82 -10.00 83 -11.39 84 -20.00 85 -20.00 86 -20.00
 ABUNDANCE CHANGE 87 -20.00 88 -20.00 89 -20.00 90 -11.96 91 -20.00 92 -12.58
 ABUNDANCE CHANGE 93 -20.00 94 -20.00 95 -20.00 96 -20.00 97 -20.00 98 -20.00
 ABUNDANCE CHANGE 99 -20.00
READ DECK6 72 RHOX,T,P,XNE,ABROSS,ACCRAD,VTURB,         FLXRAD,VCONV,VELSND
 7.35464383E-05   3666.6 7.355E+00 9.893E+09 1.813E-03 7.928E-01 2.000E+05 5.847E+09 0.000E+00 6.366E+05
 9.65045166E-05   3682.6 9.650E+00 1.253E+10 2.061E-03 8.636E-01 2.000E+05 5.847E+09 0.000E+00 6.219E+05
 1.23523540E-04   3701.0 1.235E+01 1.559E+10 2.329E-03 8.880E-01 2.000E+05 5.847E+09 0.000E+00 6.116E+05
 1.55393722E-04   3720.6 1.554E+01 1.916E+10 2.634E-03 9.033E-01 2.000E+05 5.847E+09 0.000E+00 6.043E+05
 1.92902695E-04   3741.0 1.929E+01 2.330E+10 2.989E-03 9.204E-01 2.000E+05 5.847E+09 0.000E+00 5.990E+05
 2.36929684E-04   3762.2 2.369E+01 2.812E+10 3.400E-03 9.409E-01 2.000E+05 5.847E+09 0.000E+00 5.956E+05
 2.88445773E-04   3784.1 2.884E+01 3.372E+10 3.881E-03 9.662E-01 2.000E+05 5.847E+09 0.000E+00 5.924E+05
 3.48701042E-04   3807.0 3.487E+01 4.025E+10 4.414E-03 9.796E-01 2.000E+05 5.847E+09 0.000E+00 5.906E+05
 4.19775541E-04   3830.8 4.198E+01 4.793E+10 4.969E-03 9.684E-01 2.000E+05 5.847E+09 0.000E+00 5.894E+05
 5.03783989E-04   3855.0 5.038E+01 5.694E+10 5.618E-03 9.628E-01 2.000E+05 5.847E+09 0.000E+00 5.887E+05
 6.02663078E-04   3879.8 6.027E+01 6.749E+10 6.378E-03 9.625E-01 2.000E+05 5.847E+09 0.000E+00 5.885E+05
 7.18589594E-04   3905.1 7.186E+01 7.982E+10 7.267E-03 9.676E-01 2.000E+05 5.847E+09 0.000E+00 5.886E+05
 8.54009575E-04   3931.1 8.540E+01 9.420E+10 8.310E-03 9.775E-01 2.000E+05 5.847E+09 0.000E+00 5.891E+05
 1.01167636E-03   3957.8 1.012E+02 1.109E+11 9.531E-03 9.915E-01 2.000E+05 5.847E+09 0.000E+00 5.898E+05
 1.19544987E-03   3985.3 1.195E+02 1.305E+11 1.086E-02 9.868E-01 2.000E+05 5.847E+09 0.000E+00 5.907E+05
 1.41172245E-03   4013.3 1.412E+02 1.534E+11 1.226E-02 9.675E-01 2.000E+05 5.847E+09 0.000E+00 5.918E+05
 1.66665348E-03   4041.3 1.667E+02 1.802E+11 1.390E-02 9.553E-01 2.000E+05 5.847E+09 0.000E+00 5.930E+05
 1.96599948E-03   4069.6 1.966E+02 2.116E+11 1.581E-02 9.499E-01 2.000E+05 5.847E+09 0.000E+00 5.944E+05
 2.31630906E-03   4098.1 2.316E+02 2.481E+11 1.805E-02 9.509E-01 2.000E+05 5.847E+09 0.000E+00 5.960E+05
 2.72498858E-03   4126.9 2.725E+02 2.905E+11 2.066E-02 9.582E-01 2.000E+05 5.847E+09 0.000E+00 5.976E+05
 3.20060923E-03   4156.1 3.201E+02 3.398E+11 2.369E-02 9.710E-01 2.000E+05 5.847E+09 0.000E+00 5.993E+05
 3.75795314E-03   4185.8 3.758E+02 3.973E+11 2.673E-02 9.596E-01 2.000E+05 5.847E+09 0.000E+00 6.011E+05
 4.41780736E-03   4215.6 4.418E+02 4.648E+11 3.010E-02 9.474E-01 2.000E+05 5.847E+09 0.000E+00 6.030E+05
 5.19790734E-03   4245.5 5.198E+02 5.440E+11 3.401E-02 9.437E-01 2.000E+05 5.847E+09 0.000E+00 6.050E+05
 6.11696330E-03   4275.8 6.117E+02 6.367E+11 3.856E-02 9.476E-01 2.000E+05 5.847E+09 0.000E+00 6.071E+05
 7.19650314E-03   4306.6 7.196E+02 7.450E+11 4.383E-02 9.590E-01 2.000E+05 5.847E+09 0.000E+00 6.092E+05
 8.46104630E-03   4338.1 8.461E+02 8.716E+11 4.996E-02 9.777E-01 2.000E+05 5.847E+09 0.000E+00 6.114E+05
 9.93961672E-03   4370.3 9.940E+02 1.019E+12 5.697E-02 1.001E+00 2.000E+05 5.847E+09 0.000E+00 6.137E+05
 1.17002335E-02   4404.0 1.170E+03 1.195E+12 6.283E-02 9.956E-01 2.000E+05 5.847E+09 0.000E+00 6.161E+05
 1.38182732E-02   4438.6 1.382E+03 1.405E+12 6.999E-02 9.981E-01 2.000E+05 5.847E+09 0.000E+00 6.187E+05
 1.63423856E-02   4474.1 1.634E+03 1.654E+12 7.863E-02 1.010E+00 2.000E+05 5.847E+09 0.000E+00 6.213E+05
 1.93279279E-02   4510.5 1.933E+03 1.948E+12 8.892E-02 1.031E+00 2.000E+05 5.847E+09 0.000E+00 6.240E+05
 2.28392827E-02   4547.8 2.284E+03 2.293E+12 1.010E-01 1.062E+00 2.000E+05 5.847E+09 0.000E+00 6.269E+05
 2.69570100E-02   4586.4 2.696E+03 2.698E+12 1.149E-01 1.094E+00 2.000E+05 5.847E+09 0.000E+00 6.298E+05
 3.17915749E-02   4626.1 3.179E+03 3.175E+12 1.305E-01 1.124E+00 2.000E+05 5.847E+09 0.000E+00 6.329E+05
 3.74526823E-02   4667.5 3.745E+03 3.734E+12 1.490E-01 1.152E+00 2.000E+05 5.847E+09 0.000E+00 6.361E+05
 4.40596573E-02   4709.2 4.406E+03 4.387E+12 1.703E-01 1.189E+00 2.000E+05 5.847E+09 0.000E+00 6.395E+05
 5.17619712E-02   4751.8 5.176E+03 5.147E+12 1.949E-01 1.238E+00 2.000E+05 5.847E+09 0.000E+00 6.429E+05
 6.07354152E-02   4795.6 6.073E+03 6.035E+12 2.230E-01 1.296E+00 2.000E+05 5.847E+09 0.000E+00 6.465E+05
 7.12151797E-02   4840.8 7.121E+03 7.074E+12 2.542E-01 1.350E+00 2.000E+05 5.847E+09 0.000E+00 6.502E+05
 8.34649553E-02   4887.5 8.346E+03 8.293E+12 2.903E-01 1.418E+00 2.000E+05 5.847E+09 0.000E+00 6.541E+05
 9.77587178E-02   4936.1 9.776E+03 9.723E+12 3.320E-01 1.502E+00 2.000E+05 5.847E+09 0.000E+00 6.582E+05
 1.14429202E-01   4987.7 1.144E+04 1.141E+13 3.793E-01 1.595E+00 2.000E+05 5.847E+09 0.000E+00 6.626E+05
 1.33915361E-01   5042.2 1.339E+04 1.339E+13 4.320E-01 1.692E+00 2.000E+05 5.847E+09 0.000E+00 6.674E+05
 1.56753303E-01   5100.3 1.568E+04 1.575E+13 4.914E-01 1.800E+00 2.000E+05 5.847E+09 0.000E+00 6.726E+05
 1.83504622E-01   5163.0 1.835E+04 1.855E+13 5.600E-01 1.933E+00 2.000E+05 5.847E+09 0.000E+00 6.782E+05
 2.14780015E-01   5232.0 2.148E+04 2.189E+13 6.393E-01 2.093E+00 2.000E+05 5.847E+09 0.000E+00 6.845E+05
 2.51280500E-01   5309.1 2.513E+04 2.590E+13 7.310E-01 2.286E+00 2.000E+05 5.847E+09 0.000E+00 6.917E+05
 2.93850101E-01   5396.5 2.938E+04 3.072E+13 8.353E-01 2.506E+00 2.000E+05 5.847E+09 0.000E+00 6.999E+05
 3.43670303E-01   5495.7 3.437E+04 3.655E+13 9.493E-01 2.731E+00 2.000E+05 5.847E+09 0.000E+00 7.089E+05
 4.02145833E-01   5609.5 4.021E+04 4.366E+13 1.079E+00 2.995E+00 2.000E+05 5.847E+09 0.000E+00 7.190E+05
 4.70752523E-01   5741.4 4.707E+04 5.240E+13 1.227E+00 3.308E+00 2.000E+05 5.847E+09 0.000E+00 7.299E+05
 5.51111561E-01   5894.9 5.511E+04 6.333E+13 1.398E+00 3.679E+00 2.000E+05 5.847E+09 0.000E+00 7.415E+05
 6.44960809E-01   6073.4 6.449E+04 7.755E+13 1.599E+00 4.116E+00 2.000E+05 5.847E+09 0.000E+00 7.531E+05
 7.53385011E-01   6282.0 7.534E+04 9.750E+13 1.870E+00 4.744E+00 2.000E+05 5.847E+09 0.000E+00 7.644E+05
 8.74975765E-01   6524.8 8.749E+04 1.284E+14 2.268E+00 5.674E+00 2.000E+05 5.847E+09 0.000E+00 7.748E+05
 1.00427837E+00   6805.8 1.004E+05 1.807E+14 2.951E+00 7.346E+00 2.000E+05 5.848E+09 0.000E+00 7.840E+05
 1.13151503E+00   7135.6 1.131E+05 2.758E+14 4.169E+00 1.035E+01 2.000E+05 5.842E+09 9.617E+03 7.919E+05
 1.24628466E+00   7516.7 1.246E+05 4.514E+14 6.442E+00 1.593E+01 2.000E+05 5.785E+09 4.172E+04 7.979E+05
 1.34117240E+00   7955.3 1.341E+05 7.777E+14 1.074E+01 2.529E+01 2.000E+05 5.504E+09 9.222E+04 8.027E+05
 1.41662848E+00   8395.0 1.417E+05 1.295E+15 1.785E+01 3.558E+01 2.000E+05 4.730E+09 1.431E+05 8.077E+05
 1.47953680E+00   8772.6 1.479E+05 1.947E+15 2.734E+01 4.012E+01 2.000E+05 3.564E+09 1.871E+05 8.140E+05
 1.53691897E+00   9076.5 1.537E+05 2.654E+15 3.827E+01 3.831E+01 2.000E+05 2.461E+09 2.047E+05 8.211E+05
 1.59360573E+00   9328.0 1.593E+05 3.392E+15 5.016E+01 3.495E+01 2.000E+05 1.701E+09 2.121E+05 8.284E+05
 1.65216334E+00   9555.7 1.652E+05 4.199E+15 6.382E+01 3.179E+01 2.000E+05 1.205E+09 2.144E+05 8.362E+05
 1.71462158E+00   9758.9 1.714E+05 5.053E+15 7.867E+01 2.895E+01 2.000E+05 8.827E+08 2.131E+05 8.440E+05
 1.78263658E+00   9955.6 1.782E+05 6.011E+15 9.578E+01 2.691E+01 2.000E+05 6.714E+08 2.126E+05 8.524E+05
 1.85773768E+00  10143.2 1.857E+05 7.065E+15 1.149E+02 2.481E+01 2.000E+05 5.153E+08 2.095E+05 8.611E+05
 1.94155455E+00  10328.3 1.941E+05 8.254E+15 1.368E+02 2.307E+01 2.000E+05 4.025E+08 2.067E+05 8.702E+05
 2.03583396E+00  10510.7 2.036E+05 9.589E+15 1.616E+02 2.167E+01 2.000E+05 3.199E+08 2.055E+05 8.799E+05
 2.14230834E+00  10698.6 2.142E+05 1.114E+16 1.907E+02 1.996E+01 2.000E+05 2.498E+08 1.997E+05 8.903E+05
 2.26353444E+00  10875.4 2.263E+05 1.282E+16 2.219E+02 1.972E+01 2.000E+05 2.135E+08 1.997E+05 9.006E+05
PRADK 1.7330E+00
BEGIN                    ITERATION  15 COMPLETED
