TEFF   9000.  GRAVITY 4.00000     
TITLE   B a s i c A T L A S                                                     
 OPACITY IFOP 1 1 1 1 1 1 1 1 1 1 1 1 1 0 1 0 0 0 0 0
 CONVECTION ON   1.25 TURBULENCE OFF  0.00  0.00  0.00  0.00
ABUNDANCE SCALE  10.00000 ABUNDANCE CHANGE 1 0.90293 2 0.08623
 ABUNDANCE CHANGE  3  -8.78  4 -10.66  5  -9.25  6  -3.54  7  -4.18  8  -3.28
 ABUNDANCE CHANGE  9  -7.48 10  -4.02 11  -5.80 12  -4.44 13  -5.59 14  -4.53
 ABUNDANCE CHANGE 15  -6.58 16  -4.88 17  -6.54 18  -5.64 19  -6.93 20  -5.70
 ABUNDANCE CHANGE 21  -8.89 22  -7.09 23  -8.11 24  -6.40 25  -6.61 26  -4.52
 ABUNDANCE CHANGE 27  -7.05 28  -5.82 29  -7.85 30  -7.48 31  -9.00 32  -8.39
 ABUNDANCE CHANGE 33  -9.74 34  -8.70 35  -9.50 36  -8.79 37  -9.68 38  -9.17
 ABUNDANCE CHANGE 39  -9.83 40  -9.42 41 -10.58 42 -10.16 43 -20.00 44 -10.29
 ABUNDANCE CHANGE 45 -10.98 46 -10.39 47 -10.84 48 -10.33 49 -11.28 50 -10.00
 ABUNDANCE CHANGE 51 -11.03 52  -9.86 53 -10.49 54  -9.80 55 -10.96 56  -9.86
 ABUNDANCE CHANGE 57 -10.94 58 -10.46 59 -11.32 60 -10.62 61 -20.00 62 -11.08
 ABUNDANCE CHANGE 63 -11.52 64 -10.97 65 -11.74 66 -10.94 67 -11.56 68 -11.12
 ABUNDANCE CHANGE 69 -11.94 70 -11.12 71 -11.94 72 -11.17 73 -12.16 74 -11.39
 ABUNDANCE CHANGE 75 -11.78 76 -10.68 77 -10.66 78 -10.42 79 -11.24 80 -10.87
 ABUNDANCE CHANGE 81 -11.27 82 -10.00 83 -11.39 84 -20.00 85 -20.00 86 -20.00
 ABUNDANCE CHANGE 87 -20.00 88 -20.00 89 -20.00 90 -11.96 91 -20.00 92 -12.58
 ABUNDANCE CHANGE 93 -20.00 94 -20.00 95 -20.00 96 -20.00 97 -20.00 98 -20.00
 ABUNDANCE CHANGE 99 -20.00
READ DECK6 72 RHOX,T,P,XNE,ABROSS,ACCRAD,VTURB,         FLXRAD,VCONV,VELSND
 1.26900232E-05   5327.0 1.267E-01 4.670E+09 1.051E-02 1.344E+01 2.000E+05 2.960E+10 0.000E+00 3.041E+06
 1.70238226E-05   5350.8 1.700E-01 5.821E+09 1.002E-02 1.344E+01 2.000E+05 2.960E+10 0.000E+00 2.711E+06
 2.30481008E-05   5379.9 2.302E-01 7.386E+09 9.674E-03 1.305E+01 2.000E+05 2.960E+10 0.000E+00 2.407E+06
 3.13297724E-05   5411.8 3.129E-01 9.454E+09 9.427E-03 1.261E+01 2.000E+05 2.960E+10 8.948E+05 2.135E+06
 4.26233048E-05   5446.3 4.257E-01 1.217E+10 9.272E-03 1.225E+01 2.000E+05 2.960E+10 6.181E+05 1.897E+06
 5.78611076E-05   5482.6 5.779E-01 1.570E+10 9.206E-03 1.195E+01 2.000E+05 2.960E+10 4.072E+05 1.691E+06
 7.82105864E-05   5521.1 7.811E-01 2.028E+10 9.244E-03 1.171E+01 2.000E+05 2.960E+10 2.324E+05 1.514E+06
 1.05053212E-04   5562.1 1.049E+00 2.623E+10 9.406E-03 1.151E+01 2.000E+05 2.960E+10 9.294E+04 1.364E+06
 1.39967722E-04   5605.8 1.398E+00 3.394E+10 9.710E-03 1.134E+01 2.000E+05 2.960E+10 0.000E+00 1.237E+06
 1.84742549E-04   5651.6 1.845E+00 4.383E+10 1.016E-02 1.117E+01 2.000E+05 2.960E+10 0.000E+00 1.132E+06
 2.41381717E-04   5699.4 2.411E+00 5.643E+10 1.078E-02 1.100E+01 2.000E+05 2.960E+10 0.000E+00 1.045E+06
 3.12144231E-04   5748.5 3.118E+00 7.233E+10 1.158E-02 1.082E+01 2.000E+05 2.960E+10 0.000E+00 9.737E+05
 3.99431224E-04   5799.2 3.990E+00 9.232E+10 1.259E-02 1.067E+01 2.000E+05 2.960E+10 0.000E+00 9.155E+05
 5.05914822E-04   5850.5 5.053E+00 1.171E+11 1.382E-02 1.050E+01 2.000E+05 2.960E+10 0.000E+00 8.686E+05
 6.34729599E-04   5901.9 6.340E+00 1.476E+11 1.529E-02 1.032E+01 2.000E+05 2.960E+10 0.000E+00 8.308E+05
 7.89533828E-04   5953.2 7.887E+00 1.846E+11 1.701E-02 1.015E+01 2.000E+05 2.960E+10 0.000E+00 8.006E+05
 9.74601102E-04   6004.0 9.736E+00 2.295E+11 1.902E-02 9.982E+00 2.000E+05 2.960E+10 0.000E+00 7.764E+05
 1.19486743E-03   6054.5 1.194E+01 2.836E+11 2.135E-02 9.856E+00 2.000E+05 2.960E+10 0.000E+00 7.571E+05
 1.45603028E-03   6104.7 1.455E+01 3.484E+11 2.406E-02 9.752E+00 2.000E+05 2.960E+10 0.000E+00 7.417E+05
 1.76471810E-03   6154.7 1.763E+01 4.259E+11 2.718E-02 9.669E+00 2.000E+05 2.960E+10 0.000E+00 7.296E+05
 2.12827369E-03   6204.7 2.126E+01 5.185E+11 3.083E-02 9.623E+00 2.000E+05 2.960E+10 0.000E+00 7.200E+05
 2.55492391E-03   6254.9 2.552E+01 6.291E+11 3.509E-02 9.604E+00 2.000E+05 2.960E+10 0.000E+00 7.125E+05
 3.05408534E-03   6305.5 3.051E+01 7.609E+11 4.006E-02 9.606E+00 2.000E+05 2.960E+10 0.000E+00 7.067E+05
 3.63634345E-03   6356.7 3.633E+01 9.179E+11 4.586E-02 9.645E+00 2.000E+05 2.960E+10 0.000E+00 7.024E+05
 4.31362943E-03   6408.6 4.309E+01 1.105E+12 5.264E-02 9.705E+00 2.000E+05 2.960E+10 0.000E+00 6.992E+05
 5.09955285E-03   6461.2 5.095E+01 1.327E+12 6.055E-02 9.776E+00 2.000E+05 2.960E+10 0.000E+00 6.970E+05
 6.00973831E-03   6514.5 6.004E+01 1.592E+12 6.978E-02 9.857E+00 2.000E+05 2.960E+10 0.000E+00 6.957E+05
 7.06231629E-03   6568.3 7.055E+01 1.904E+12 8.051E-02 9.951E+00 2.000E+05 2.960E+10 0.000E+00 6.950E+05
 8.27809947E-03   6622.7 8.270E+01 2.274E+12 9.301E-02 1.007E+01 2.000E+05 2.960E+10 0.000E+00 6.949E+05
 9.68052210E-03   6677.6 9.671E+01 2.711E+12 1.076E-01 1.023E+01 2.000E+05 2.960E+10 0.000E+00 6.952E+05
 1.12963590E-02   6733.1 1.129E+02 3.226E+12 1.246E-01 1.044E+01 2.000E+05 2.960E+10 0.000E+00 6.960E+05
 1.31565409E-02   6789.3 1.314E+02 3.835E+12 1.444E-01 1.070E+01 2.000E+05 2.960E+10 0.000E+00 6.971E+05
 1.52965738E-02   6846.3 1.528E+02 4.552E+12 1.674E-01 1.099E+01 2.000E+05 2.960E+10 0.000E+00 6.986E+05
 1.77571311E-02   6904.1 1.774E+02 5.398E+12 1.942E-01 1.133E+01 2.000E+05 2.960E+10 0.000E+00 7.003E+05
 2.05847820E-02   6962.6 2.056E+02 6.395E+12 2.254E-01 1.172E+01 2.000E+05 2.960E+10 0.000E+00 7.022E+05
 2.38331538E-02   7022.0 2.381E+02 7.569E+12 2.617E-01 1.217E+01 2.000E+05 2.960E+10 0.000E+00 7.043E+05
 2.75639513E-02   7082.3 2.753E+02 8.951E+12 3.039E-01 1.269E+01 2.000E+05 2.960E+10 0.000E+00 7.066E+05
 3.18450074E-02   7143.3 3.181E+02 1.058E+13 3.534E-01 1.334E+01 2.000E+05 2.960E+10 0.000E+00 7.091E+05
 3.67493303E-02   7206.0 3.671E+02 1.250E+13 4.117E-01 1.414E+01 2.000E+05 2.960E+10 0.000E+00 7.118E+05
 4.23585016E-02   7270.3 4.231E+02 1.478E+13 4.805E-01 1.511E+01 2.000E+05 2.960E+10 0.000E+00 7.146E+05
 4.87600223E-02   7337.2 4.870E+02 1.749E+13 5.622E-01 1.628E+01 2.000E+05 2.960E+10 0.000E+00 7.177E+05
 5.60411037E-02   7407.5 5.597E+02 2.074E+13 6.605E-01 1.771E+01 2.000E+05 2.960E+10 0.000E+00 7.210E+05
 6.42823316E-02   7482.4 6.419E+02 2.468E+13 7.805E-01 1.949E+01 2.000E+05 2.960E+10 0.000E+00 7.245E+05
 7.35493900E-02   7563.3 7.344E+02 2.950E+13 9.292E-01 2.173E+01 2.000E+05 2.960E+10 0.000E+00 7.285E+05
 8.38734312E-02   7651.8 8.374E+02 3.545E+13 1.119E+00 2.460E+01 2.000E+05 2.960E+10 0.000E+00 7.329E+05
 9.52389500E-02   7749.8 9.508E+02 4.290E+13 1.364E+00 2.835E+01 2.000E+05 2.960E+10 3.089E+01 7.380E+05
 1.07576862E-01   7859.9 1.074E+03 5.234E+13 1.688E+00 3.336E+01 2.000E+05 2.960E+10 1.641E+02 7.439E+05
 1.20744841E-01   7984.9 1.205E+03 6.449E+13 2.130E+00 4.018E+01 2.000E+05 2.960E+10 2.990E+02 7.510E+05
 1.34522213E-01   8128.0 1.342E+03 8.032E+13 2.744E+00 4.969E+01 2.000E+05 2.960E+10 4.529E+02 7.597E+05
 1.48586204E-01   8293.9 1.482E+03 1.013E+14 3.635E+00 6.322E+01 2.000E+05 2.960E+10 6.557E+02 7.706E+05
 1.62558324E-01   8485.3 1.621E+03 1.291E+14 4.944E+00 8.277E+01 2.000E+05 2.960E+10 9.919E+02 7.846E+05
 1.76075242E-01   8706.4 1.755E+03 1.661E+14 6.904E+00 1.114E+02 2.000E+05 2.960E+10 1.697E+03 8.027E+05
 1.88836933E-01   8961.2 1.881E+03 2.149E+14 9.852E+00 1.526E+02 2.000E+05 2.960E+10 3.384E+03 8.265E+05
 2.00660827E-01   9252.7 1.997E+03 2.776E+14 1.425E+01 2.115E+02 2.000E+05 2.960E+10 7.419E+03 8.576E+05
 2.11623413E-01   9578.8 2.104E+03 3.536E+14 2.035E+01 2.894E+02 2.000E+05 2.962E+10 1.651E+04 8.977E+05
 2.21843486E-01   9960.6 2.202E+03 4.432E+14 2.859E+01 3.883E+02 2.000E+05 2.958E+10 3.119E+04 9.506E+05
 2.32054618E-01  10361.5 2.300E+03 5.310E+14 3.669E+01 4.802E+02 2.000E+05 2.962E+10 4.427E+04 1.010E+06
 2.43026920E-01  10860.8 2.404E+03 6.167E+14 4.402E+01 5.602E+02 2.000E+05 2.959E+10 4.004E+04 1.085E+06
 2.55962157E-01  11373.7 2.526E+03 6.795E+14 4.686E+01 5.889E+02 2.000E+05 2.961E+10 2.264E+04 1.156E+06
 2.73289037E-01  12014.9 2.689E+03 7.283E+14 4.430E+01 5.519E+02 2.000E+05 2.961E+10 7.770E+03 1.239E+06
 2.98368339E-01  12683.6 2.927E+03 7.734E+14 3.981E+01 4.980E+02 2.000E+05 2.959E+10 2.405E+03 1.323E+06
 3.36946319E-01  13491.7 3.295E+03 8.317E+14 3.321E+01 4.162E+02 2.000E+05 2.962E+10 6.905E+02 1.420E+06
 3.97798442E-01  14340.4 3.880E+03 9.289E+14 2.896E+01 3.626E+02 2.000E+05 2.957E+10 2.719E+02 1.487E+06
 4.89003433E-01  15320.0 4.761E+03 1.075E+15 2.636E+01 3.280E+02 2.000E+05 2.964E+10 2.952E+02 1.514E+06
 6.17179858E-01  16346.0 6.001E+03 1.283E+15 2.623E+01 3.272E+02 2.000E+05 2.956E+10 6.235E+02 1.542E+06
 7.75760842E-01  17491.8 7.532E+03 1.524E+15 2.986E+01 3.651E+02 2.000E+05 2.965E+10 1.094E+03 1.607E+06
 9.65756411E-01  18710.2 9.359E+03 1.790E+15 3.226E+01 3.947E+02 2.000E+05 2.955E+10 8.636E+02 1.710E+06
 1.20699556E+00  20056.3 1.168E+04 2.096E+15 3.292E+01 4.023E+02 2.000E+05 2.966E+10 2.072E+02 1.839E+06
 1.54106790E+00  21509.7 1.489E+04 2.500E+15 3.023E+01 3.745E+02 2.000E+05 2.954E+10 0.000E+00 1.958E+06
 2.02043676E+00  23091.9 1.951E+04 3.057E+15 2.847E+01 3.508E+02 2.000E+05 2.967E+10 0.000E+00 2.059E+06
 2.70874870E+00  24786.2 2.616E+04 3.824E+15 2.605E+01 3.219E+02 2.000E+05 2.953E+10 0.000E+00 2.142E+06
 3.72119571E+00  26617.2 3.598E+04 4.902E+15 2.335E+01 2.840E+02 2.000E+05 2.968E+10 0.000E+00 2.225E+06
PRADK 8.7620E+00
BEGIN                    ITERATION  15 COMPLETED
