TEFF   4000.  GRAVITY 3.00000     
TITLE   B a s i c A T L A S                                                     
 OPACITY IFOP 1 1 1 1 1 1 1 1 1 1 1 1 1 0 1 0 0 0 0 0
 CONVECTION ON   1.25 TURBULENCE OFF  0.00  0.00  0.00  0.00
ABUNDANCE SCALE  10.00000 ABUNDANCE CHANGE 1 0.90293 2 0.08623
 ABUNDANCE CHANGE  3  -8.78  4 -10.66  5  -9.25  6  -3.54  7  -4.18  8  -3.28
 ABUNDANCE CHANGE  9  -7.48 10  -4.02 11  -5.80 12  -4.44 13  -5.59 14  -4.53
 ABUNDANCE CHANGE 15  -6.58 16  -4.88 17  -6.54 18  -5.64 19  -6.93 20  -5.70
 ABUNDANCE CHANGE 21  -8.89 22  -7.09 23  -8.11 24  -6.40 25  -6.61 26  -4.52
 ABUNDANCE CHANGE 27  -7.05 28  -5.82 29  -7.85 30  -7.48 31  -9.00 32  -8.39
 ABUNDANCE CHANGE 33  -9.74 34  -8.70 35  -9.50 36  -8.79 37  -9.68 38  -9.17
 ABUNDANCE CHANGE 39  -9.83 40  -9.42 41 -10.58 42 -10.16 43 -20.00 44 -10.29
 ABUNDANCE CHANGE 45 -10.98 46 -10.39 47 -10.84 48 -10.33 49 -11.28 50 -10.00
 ABUNDANCE CHANGE 51 -11.03 52  -9.86 53 -10.49 54  -9.80 55 -10.96 56  -9.86
 ABUNDANCE CHANGE 57 -10.94 58 -10.46 59 -11.32 60 -10.62 61 -20.00 62 -11.08
 ABUNDANCE CHANGE 63 -11.52 64 -10.97 65 -11.74 66 -10.94 67 -11.56 68 -11.12
 ABUNDANCE CHANGE 69 -11.94 70 -11.12 71 -11.94 72 -11.17 73 -12.16 74 -11.39
 ABUNDANCE CHANGE 75 -11.78 76 -10.68 77 -10.66 78 -10.42 79 -11.24 80 -10.87
 ABUNDANCE CHANGE 81 -11.27 82 -10.00 83 -11.39 84 -20.00 85 -20.00 86 -20.00
 ABUNDANCE CHANGE 87 -20.00 88 -20.00 89 -20.00 90 -11.96 91 -20.00 92 -12.58
 ABUNDANCE CHANGE 93 -20.00 94 -20.00 95 -20.00 96 -20.00 97 -20.00 98 -20.00
 ABUNDANCE CHANGE 99 -20.00
READ DECK6 72 RHOX,T,P,XNE,ABROSS,ACCRAD,VTURB,         FLXRAD,VCONV,VELSND
 9.69242772E-04   2561.0 9.692E-01 1.447E+08 1.376E-04 5.978E-02 2.000E+05 1.155E+09 0.000E+00 5.826E+05
 1.28076925E-03   2588.7 1.281E+00 1.913E+08 1.480E-04 5.566E-02 2.000E+05 1.155E+09 0.000E+00 5.609E+05
 1.66891439E-03   2615.4 1.669E+00 2.496E+08 1.577E-04 5.218E-02 2.000E+05 1.155E+09 0.000E+00 5.450E+05
 2.15335117E-03   2641.9 2.153E+00 3.227E+08 1.689E-04 4.884E-02 2.000E+05 1.155E+09 0.000E+00 5.334E+05
 2.75363268E-03   2667.4 2.753E+00 4.133E+08 1.824E-04 4.563E-02 2.000E+05 1.155E+09 0.000E+00 5.247E+05
 3.49405027E-03   2692.2 3.494E+00 5.249E+08 1.974E-04 4.276E-02 2.000E+05 1.155E+09 0.000E+00 5.184E+05
 4.40193280E-03   2716.1 4.402E+00 6.614E+08 2.157E-04 4.019E-02 2.000E+05 1.155E+09 0.000E+00 5.136E+05
 5.51599745E-03   2740.0 5.516E+00 8.295E+08 2.332E-04 3.813E-02 2.000E+05 1.155E+09 0.000E+00 5.103E+05
 6.88402936E-03   2763.8 6.884E+00 1.036E+09 2.544E-04 3.632E-02 2.000E+05 1.155E+09 0.000E+00 5.080E+05
 8.54481065E-03   2786.6 8.544E+00 1.286E+09 2.812E-04 3.463E-02 2.000E+05 1.155E+09 0.000E+00 5.063E+05
 1.05500993E-02   2808.6 1.055E+01 1.585E+09 3.103E-04 3.319E-02 2.000E+05 1.155E+09 0.000E+00 5.052E+05
 1.29550684E-02   2829.6 1.295E+01 1.942E+09 3.474E-04 3.182E-02 2.000E+05 1.155E+09 0.000E+00 5.043E+05
 1.58295414E-02   2850.5 1.583E+01 2.368E+09 3.854E-04 3.075E-02 2.000E+05 1.155E+09 0.000E+00 5.039E+05
 1.93031834E-02   2871.6 1.930E+01 2.882E+09 4.244E-04 2.987E-02 2.000E+05 1.155E+09 0.000E+00 5.038E+05
 2.34890757E-02   2892.8 2.349E+01 3.503E+09 4.719E-04 2.906E-02 2.000E+05 1.155E+09 0.000E+00 5.040E+05
 2.84688122E-02   2913.7 2.847E+01 4.238E+09 5.326E-04 2.825E-02 2.000E+05 1.155E+09 0.000E+00 5.043E+05
 3.43423350E-02   2933.8 3.434E+01 5.099E+09 6.031E-04 2.744E-02 2.000E+05 1.155E+09 0.000E+00 5.046E+05
 4.12367114E-02   2953.2 4.124E+01 6.102E+09 6.871E-04 2.667E-02 2.000E+05 1.155E+09 0.000E+00 5.049E+05
 4.93378789E-02   2972.5 4.934E+01 7.278E+09 7.755E-04 2.605E-02 2.000E+05 1.155E+09 0.000E+00 5.054E+05
 5.89475319E-02   2992.0 5.895E+01 8.670E+09 8.688E-04 2.553E-02 2.000E+05 1.155E+09 0.000E+00 5.059E+05
 7.04344032E-02   3011.8 7.043E+01 1.033E+10 9.676E-04 2.512E-02 2.000E+05 1.155E+09 0.000E+00 5.065E+05
 8.40774212E-02   3031.6 8.408E+01 1.230E+10 1.095E-03 2.480E-02 2.000E+05 1.155E+09 0.000E+00 5.071E+05
 1.00083864E-01   3051.0 1.001E+02 1.459E+10 1.250E-03 2.454E-02 2.000E+05 1.155E+09 0.000E+00 5.076E+05
 1.18626185E-01   3069.2 1.186E+02 1.720E+10 1.448E-03 2.424E-02 2.000E+05 1.155E+09 0.000E+00 5.080E+05
 1.40061303E-01   3087.3 1.401E+02 2.021E+10 1.661E-03 2.405E-02 2.000E+05 1.155E+09 0.000E+00 5.084E+05
 1.65087435E-01   3105.6 1.651E+02 2.372E+10 1.890E-03 2.392E-02 2.000E+05 1.155E+09 0.000E+00 5.089E+05
 1.94521420E-01   3124.4 1.945E+02 2.784E+10 2.136E-03 2.383E-02 2.000E+05 1.155E+09 0.000E+00 5.095E+05
 2.29353890E-01   3143.8 2.294E+02 3.272E+10 2.401E-03 2.376E-02 2.000E+05 1.155E+09 0.000E+00 5.101E+05
 2.70740058E-01   3164.0 2.707E+02 3.854E+10 2.695E-03 2.372E-02 2.000E+05 1.155E+09 0.000E+00 5.108E+05
 3.19278018E-01   3184.2 3.193E+02 4.535E+10 3.108E-03 2.380E-02 2.000E+05 1.155E+09 0.000E+00 5.116E+05
 3.75005552E-01   3203.8 3.750E+02 5.310E+10 3.623E-03 2.381E-02 2.000E+05 1.155E+09 0.000E+00 5.122E+05
 4.39020167E-01   3223.9 4.390E+02 6.206E+10 4.185E-03 2.383E-02 2.000E+05 1.155E+09 0.000E+00 5.130E+05
 5.13229728E-01   3244.6 5.132E+02 7.253E+10 4.797E-03 2.384E-02 2.000E+05 1.155E+09 0.000E+00 5.139E+05
 5.99863644E-01   3266.1 5.999E+02 8.486E+10 5.463E-03 2.384E-02 2.000E+05 1.155E+09 0.000E+00 5.149E+05
 7.01595588E-01   3288.7 7.016E+02 9.949E+10 6.189E-03 2.383E-02 2.000E+05 1.155E+09 0.000E+00 5.161E+05
 8.21552300E-01   3312.6 8.215E+02 1.170E+11 6.997E-03 2.384E-02 2.000E+05 1.155E+09 0.000E+00 5.175E+05
 9.61259881E-01   3337.1 9.612E+02 1.376E+11 8.117E-03 2.421E-02 2.000E+05 1.155E+09 0.000E+00 5.190E+05
 1.12120977E+00   3361.7 1.121E+03 1.615E+11 9.470E-03 2.451E-02 2.000E+05 1.155E+09 0.000E+00 5.206E+05
 1.30435683E+00   3387.2 1.304E+03 1.893E+11 1.101E-02 2.481E-02 2.000E+05 1.155E+09 0.000E+00 5.223E+05
 1.51514612E+00   3413.9 1.515E+03 2.222E+11 1.271E-02 2.511E-02 2.000E+05 1.155E+09 0.000E+00 5.243E+05
 1.75936373E+00   3442.0 1.759E+03 2.614E+11 1.460E-02 2.544E-02 2.000E+05 1.155E+09 0.000E+00 5.265E+05
 2.04301423E+00   3472.0 2.043E+03 3.086E+11 1.676E-02 2.593E-02 2.000E+05 1.155E+09 0.000E+00 5.291E+05
 2.36902751E+00   3503.8 2.369E+03 3.649E+11 1.963E-02 2.711E-02 2.000E+05 1.155E+09 0.000E+00 5.320E+05
 2.74062503E+00   3537.4 2.741E+03 4.324E+11 2.294E-02 2.822E-02 2.000E+05 1.155E+09 0.000E+00 5.352E+05
 3.16492644E+00   3573.4 3.165E+03 5.138E+11 2.677E-02 2.931E-02 2.000E+05 1.155E+09 0.000E+00 5.388E+05
 3.65150978E+00   3612.1 3.651E+03 6.135E+11 3.104E-02 3.067E-02 2.000E+05 1.155E+09 0.000E+00 5.429E+05
 4.20929679E+00   3656.0 4.209E+03 7.394E+11 3.628E-02 3.289E-02 2.000E+05 1.155E+09 0.000E+00 5.479E+05
 4.84217394E+00   3705.4 4.842E+03 8.999E+11 4.284E-02 3.581E-02 2.000E+05 1.155E+09 0.000E+00 5.538E+05
 5.55565519E+00   3761.4 5.555E+03 1.107E+12 5.078E-02 3.908E-02 2.000E+05 1.155E+09 0.000E+00 5.610E+05
 6.35319157E+00   3825.9 6.353E+03 1.383E+12 6.107E-02 4.353E-02 2.000E+05 1.155E+09 0.000E+00 5.687E+05
 7.22635198E+00   3900.7 7.226E+03 1.755E+12 7.529E-02 5.009E-02 2.000E+05 1.155E+09 0.000E+00 5.780E+05
 8.16504677E+00   3986.7 8.165E+03 2.263E+12 9.399E-02 5.857E-02 2.000E+05 1.155E+09 0.000E+00 5.883E+05
 9.15311338E+00   4087.8 9.153E+03 2.975E+12 1.209E-01 7.139E-02 2.000E+05 1.155E+09 0.000E+00 5.994E+05
 1.01676491E+01   4204.2 1.017E+04 3.964E+12 1.583E-01 8.891E-02 2.000E+05 1.155E+09 0.000E+00 6.103E+05
 1.11918032E+01   4339.3 1.119E+04 5.337E+12 2.101E-01 1.129E-01 2.000E+05 1.155E+09 2.653E+02 6.204E+05
 1.22264291E+01   4493.0 1.223E+04 7.176E+12 2.751E-01 1.421E-01 2.000E+05 1.155E+09 2.060E+03 6.288E+05
 1.32915949E+01   4670.3 1.329E+04 9.568E+12 3.512E-01 1.754E-01 2.000E+05 1.155E+09 4.727E+03 6.376E+05
 1.44315549E+01   4869.2 1.443E+04 1.245E+13 4.278E-01 2.087E-01 2.000E+05 1.155E+09 7.469E+03 6.507E+05
 1.57152466E+01   5100.2 1.571E+04 1.578E+13 4.923E-01 2.360E-01 2.000E+05 1.155E+09 8.261E+03 6.725E+05
 1.72452888E+01   5358.4 1.724E+04 1.935E+13 5.378E-01 2.560E-01 2.000E+05 1.155E+09 7.071E+03 7.003E+05
 1.91476308E+01   5657.3 1.915E+04 2.345E+13 5.710E-01 2.713E-01 2.000E+05 1.156E+09 5.994E+03 7.270E+05
 2.14922472E+01   5991.7 2.149E+04 2.965E+13 6.354E-01 3.030E-01 2.000E+05 1.154E+09 7.543E+03 7.468E+05
 2.41239921E+01   6368.7 2.412E+04 4.322E+13 8.180E-01 3.912E-01 2.000E+05 1.154E+09 1.847E+04 7.595E+05
 2.65993486E+01   6787.9 2.659E+04 7.424E+13 1.270E+00 5.942E-01 2.000E+05 1.129E+09 5.560E+04 7.668E+05
 2.85888401E+01   7229.9 2.858E+04 1.367E+14 2.206E+00 9.375E-01 2.000E+05 1.026E+09 1.102E+05 7.702E+05
 3.01019218E+01   7649.9 3.009E+04 2.399E+14 3.827E+00 1.260E+00 2.000E+05 7.968E+08 1.683E+05 7.726E+05
 3.13249868E+01   7986.2 3.132E+04 3.674E+14 5.978E+00 1.316E+00 2.000E+05 5.304E+08 1.997E+05 7.763E+05
 3.24304098E+01   8244.1 3.242E+04 5.018E+14 8.391E+00 1.213E+00 2.000E+05 3.472E+08 2.070E+05 7.809E+05
 3.35171745E+01   8454.8 3.350E+04 6.414E+14 1.106E+01 1.101E+00 2.000E+05 2.385E+08 2.077E+05 7.860E+05
 3.46382101E+01   8641.0 3.462E+04 7.913E+14 1.407E+01 1.016E+00 2.000E+05 1.726E+08 2.083E+05 7.916E+05
 3.58242608E+01   8813.7 3.581E+04 9.562E+14 1.755E+01 9.173E-01 2.000E+05 1.251E+08 2.031E+05 7.976E+05
 3.71107175E+01   8967.4 3.709E+04 1.128E+15 2.133E+01 9.159E-01 2.000E+05 1.039E+08 2.050E+05 8.036E+05
PRADK 3.4013E-01
BEGIN                    ITERATION  15 COMPLETED
