TEFF   8000.  GRAVITY 2.00000     
TITLE   B a s i c A T L A S                                                     
 OPACITY IFOP 1 1 1 1 1 1 1 1 1 1 1 1 1 0 1 0 0 0 0 0
 CONVECTION ON   1.25 TURBULENCE OFF  0.00  0.00  0.00  0.00
ABUNDANCE SCALE  10.00000 ABUNDANCE CHANGE 1 0.90293 2 0.08623
 ABUNDANCE CHANGE  3  -8.78  4 -10.66  5  -9.25  6  -3.54  7  -4.18  8  -3.28
 ABUNDANCE CHANGE  9  -7.48 10  -4.02 11  -5.80 12  -4.44 13  -5.59 14  -4.53
 ABUNDANCE CHANGE 15  -6.58 16  -4.88 17  -6.54 18  -5.64 19  -6.93 20  -5.70
 ABUNDANCE CHANGE 21  -8.89 22  -7.09 23  -8.11 24  -6.40 25  -6.61 26  -4.52
 ABUNDANCE CHANGE 27  -7.05 28  -5.82 29  -7.85 30  -7.48 31  -9.00 32  -8.39
 ABUNDANCE CHANGE 33  -9.74 34  -8.70 35  -9.50 36  -8.79 37  -9.68 38  -9.17
 ABUNDANCE CHANGE 39  -9.83 40  -9.42 41 -10.58 42 -10.16 43 -20.00 44 -10.29
 ABUNDANCE CHANGE 45 -10.98 46 -10.39 47 -10.84 48 -10.33 49 -11.28 50 -10.00
 ABUNDANCE CHANGE 51 -11.03 52  -9.86 53 -10.49 54  -9.80 55 -10.96 56  -9.86
 ABUNDANCE CHANGE 57 -10.94 58 -10.46 59 -11.32 60 -10.62 61 -20.00 62 -11.08
 ABUNDANCE CHANGE 63 -11.52 64 -10.97 65 -11.74 66 -10.94 67 -11.56 68 -11.12
 ABUNDANCE CHANGE 69 -11.94 70 -11.12 71 -11.94 72 -11.17 73 -12.16 74 -11.39
 ABUNDANCE CHANGE 75 -11.78 76 -10.68 77 -10.66 78 -10.42 79 -11.24 80 -10.87
 ABUNDANCE CHANGE 81 -11.27 82 -10.00 83 -11.39 84 -20.00 85 -20.00 86 -20.00
 ABUNDANCE CHANGE 87 -20.00 88 -20.00 89 -20.00 90 -11.96 91 -20.00 92 -12.58
 ABUNDANCE CHANGE 93 -20.00 94 -20.00 95 -20.00 96 -20.00 97 -20.00 98 -20.00
 ABUNDANCE CHANGE 99 -20.00
READ DECK6 72 RHOX,T,P,XNE,ABROSS,ACCRAD,VTURB,         FLXRAD,VCONV,VELSND
 3.48713782E-05   4527.4 3.443E-03 6.174E+07 3.824E-03 1.253E+00 2.000E+05 1.848E+10 0.000E+00 1.604E+07
 4.68650396E-05   4542.2 4.628E-03 7.693E+07 3.592E-03 1.253E+00 2.000E+05 1.848E+10 0.000E+00 1.428E+07
 6.38277080E-05   4560.7 6.303E-03 9.774E+07 3.401E-03 1.240E+00 2.000E+05 1.848E+10 0.000E+00 1.260E+07
 8.76312598E-05   4582.6 8.654E-03 1.260E+08 3.245E-03 1.222E+00 2.000E+05 1.848E+10 1.894E+07 1.106E+07
 1.20786800E-04   4608.3 1.193E-02 1.647E+08 3.129E-03 1.205E+00 2.000E+05 1.848E+10 1.457E+07 9.651E+06
 1.66376999E-04   4637.4 1.643E-02 2.171E+08 3.050E-03 1.187E+00 2.000E+05 1.848E+10 1.113E+07 8.400E+06
 2.28378906E-04   4670.0 2.256E-02 2.881E+08 3.007E-03 1.167E+00 2.000E+05 1.848E+10 8.481E+06 7.299E+06
 3.11777784E-04   4705.8 3.080E-02 3.841E+08 2.997E-03 1.145E+00 2.000E+05 1.848E+10 6.452E+06 6.339E+06
 4.22708220E-04   4744.9 4.177E-02 5.139E+08 3.020E-03 1.120E+00 2.000E+05 1.848E+10 4.886E+06 5.507E+06
 5.68795710E-04   4786.6 5.622E-02 6.880E+08 3.071E-03 1.090E+00 2.000E+05 1.848E+10 3.665E+06 4.792E+06
 7.59539808E-04   4830.3 7.509E-02 9.203E+08 3.148E-03 1.056E+00 2.000E+05 1.848E+10 2.714E+06 4.179E+06
 1.00699646E-03   4875.3 9.958E-02 1.227E+09 3.243E-03 1.019E+00 2.000E+05 1.848E+10 1.971E+06 3.656E+06
 1.32662597E-03   4921.0 1.312E-01 1.631E+09 3.354E-03 9.826E-01 2.000E+05 1.848E+10 1.395E+06 3.208E+06
 1.73836863E-03   4966.9 1.720E-01 2.156E+09 3.475E-03 9.463E-01 2.000E+05 1.848E+10 9.523E+05 2.826E+06
 2.26801686E-03   5012.8 2.245E-01 2.838E+09 3.604E-03 9.127E-01 2.000E+05 1.848E+10 6.231E+05 2.499E+06
 2.94793542E-03   5058.9 2.919E-01 3.722E+09 3.749E-03 8.842E-01 2.000E+05 1.848E+10 2.001E+05 2.218E+06
 3.81826286E-03   5105.6 3.781E-01 4.868E+09 3.912E-03 8.610E-01 2.000E+05 1.848E+10 9.505E+04 1.976E+06
 4.92825540E-03   5153.0 4.882E-01 6.354E+09 4.099E-03 8.413E-01 2.000E+05 1.848E+10 4.736E+04 1.767E+06
 6.33699697E-03   5201.7 6.279E-01 8.281E+09 4.319E-03 8.234E-01 2.000E+05 1.848E+10 2.222E+04 1.588E+06
 8.11465848E-03   5251.5 8.042E-01 1.078E+10 4.577E-03 8.062E-01 2.000E+05 1.848E+10 9.028E+03 1.435E+06
 1.03441452E-02   5302.4 1.025E+00 1.400E+10 4.881E-03 7.897E-01 2.000E+05 1.848E+10 2.329E+03 1.304E+06
 1.31229080E-02   5354.3 1.301E+00 1.813E+10 5.239E-03 7.758E-01 2.000E+05 1.848E+10 0.000E+00 1.193E+06
 1.65628444E-02   5407.0 1.642E+00 2.342E+10 5.663E-03 7.646E-01 2.000E+05 1.848E+10 0.000E+00 1.100E+06
 2.07916929E-02   5460.5 2.062E+00 3.014E+10 6.163E-03 7.558E-01 2.000E+05 1.848E+10 0.000E+00 1.021E+06
 2.59556487E-02   5514.7 2.575E+00 3.864E+10 6.752E-03 7.487E-01 2.000E+05 1.848E+10 0.000E+00 9.564E+05
 3.22195061E-02   5569.6 3.196E+00 4.936E+10 7.447E-03 7.433E-01 2.000E+05 1.848E+10 0.000E+00 9.025E+05
 3.97649255E-02   5625.3 3.945E+00 6.281E+10 8.272E-03 7.416E-01 2.000E+05 1.848E+10 0.000E+00 8.581E+05
 4.87909981E-02   5681.7 4.841E+00 7.963E+10 9.252E-03 7.410E-01 2.000E+05 1.848E+10 0.000E+00 8.218E+05
 5.95192728E-02   5738.8 5.906E+00 1.006E+11 1.041E-02 7.414E-01 2.000E+05 1.848E+10 0.000E+00 7.922E+05
 7.21912105E-02   5796.4 7.164E+00 1.264E+11 1.179E-02 7.450E-01 2.000E+05 1.848E+10 0.000E+00 7.684E+05
 8.70698215E-02   5854.4 8.641E+00 1.583E+11 1.342E-02 7.512E-01 2.000E+05 1.848E+10 0.000E+00 7.492E+05
 1.04456693E-01   5912.7 1.037E+01 1.973E+11 1.535E-02 7.599E-01 2.000E+05 1.848E+10 0.000E+00 7.339E+05
 1.24690449E-01   5971.4 1.237E+01 2.448E+11 1.762E-02 7.732E-01 2.000E+05 1.848E+10 0.000E+00 7.218E+05
 1.48151034E-01   6030.4 1.470E+01 3.027E+11 2.030E-02 7.893E-01 2.000E+05 1.848E+10 0.000E+00 7.123E+05
 1.75268466E-01   6089.9 1.739E+01 3.729E+11 2.345E-02 8.092E-01 2.000E+05 1.848E+10 0.000E+00 7.049E+05
 2.06521497E-01   6150.0 2.049E+01 4.579E+11 2.718E-02 8.334E-01 2.000E+05 1.848E+10 0.000E+00 6.993E+05
 2.42423995E-01   6210.7 2.405E+01 5.606E+11 3.160E-02 8.648E-01 2.000E+05 1.848E+10 0.000E+00 6.952E+05
 2.83527589E-01   6272.3 2.813E+01 6.847E+11 3.687E-02 9.035E-01 2.000E+05 1.848E+10 0.000E+00 6.922E+05
 3.30445500E-01   6334.9 3.277E+01 8.347E+11 4.313E-02 9.507E-01 2.000E+05 1.848E+10 0.000E+00 6.903E+05
 3.83835424E-01   6399.0 3.806E+01 1.016E+12 5.063E-02 1.009E+00 2.000E+05 1.848E+10 0.000E+00 6.893E+05
 4.44383369E-01   6464.9 4.405E+01 1.236E+12 5.964E-02 1.080E+00 2.000E+05 1.848E+10 0.000E+00 6.890E+05
 5.12791842E-01   6532.9 5.082E+01 1.502E+12 7.053E-02 1.167E+00 2.000E+05 1.848E+10 0.000E+00 6.894E+05
 5.89740148E-01   6603.9 5.842E+01 1.828E+12 8.383E-02 1.276E+00 2.000E+05 1.848E+10 0.000E+00 6.902E+05
 6.75736777E-01   6678.8 6.690E+01 2.229E+12 1.004E-01 1.418E+00 2.000E+05 1.848E+10 0.000E+00 6.921E+05
 7.71021300E-01   6759.0 7.629E+01 2.728E+12 1.215E-01 1.604E+00 2.000E+05 1.848E+10 0.000E+00 6.943E+05
 8.75468235E-01   6846.5 8.655E+01 3.357E+12 1.487E-01 1.851E+00 2.000E+05 1.848E+10 6.206E+00 6.974E+05
 9.88345924E-01   6943.6 9.761E+01 4.165E+12 1.850E-01 2.186E+00 2.000E+05 1.848E+10 2.353E+01 7.013E+05
 1.10812731E+00   7053.3 1.093E+02 5.221E+12 2.350E-01 2.655E+00 2.000E+05 1.848E+10 4.247E+01 7.065E+05
 1.23221649E+00   7179.0 1.213E+02 6.630E+12 3.068E-01 3.335E+00 2.000E+05 1.848E+10 6.557E+01 7.133E+05
 1.35703032E+00   7324.6 1.333E+02 8.540E+12 4.133E-01 4.348E+00 2.000E+05 1.848E+10 9.950E+01 7.223E+05
 1.47845868E+00   7494.2 1.449E+02 1.116E+13 5.767E-01 5.898E+00 2.000E+05 1.848E+10 1.642E+02 7.346E+05
 1.59222922E+00   7693.0 1.555E+02 1.480E+13 8.373E-01 8.341E+00 2.000E+05 1.848E+10 3.227E+02 7.516E+05
 1.69469153E+00   7925.5 1.647E+02 1.979E+13 1.263E+00 1.226E+01 2.000E+05 1.848E+10 7.816E+02 7.752E+05
 1.78392081E+00   8196.0 1.722E+02 2.647E+13 1.957E+00 1.849E+01 2.000E+05 1.848E+10 2.178E+03 8.084E+05
 1.86040734E+00   8506.8 1.781E+02 3.481E+13 3.038E+00 2.781E+01 2.000E+05 1.848E+10 6.031E+03 8.543E+05
 1.92683953E+00   8862.2 1.825E+02 4.411E+13 4.544E+00 4.011E+01 2.000E+05 1.847E+10 1.323E+04 9.159E+05
 1.98915148E+00   9256.0 1.859E+02 5.250E+13 6.160E+00 5.278E+01 2.000E+05 1.849E+10 1.825E+04 9.903E+05
 2.05477364E+00   9712.2 1.887E+02 5.837E+13 7.274E+00 6.022E+01 2.000E+05 1.847E+10 1.259E+04 1.076E+06
 2.13492139E+00  10194.0 1.919E+02 6.089E+13 7.402E+00 5.990E+01 2.000E+05 1.848E+10 5.232E+03 1.166E+06
 2.24692709E+00  10760.5 1.967E+02 6.144E+13 6.721E+00 5.302E+01 2.000E+05 1.848E+10 1.680E+03 1.279E+06
 2.41514798E+00  11353.8 2.053E+02 6.172E+13 5.848E+00 4.570E+01 2.000E+05 1.847E+10 6.386E+02 1.402E+06
 2.68021286E+00  12045.6 2.209E+02 6.306E+13 4.837E+00 3.719E+01 2.000E+05 1.850E+10 2.825E+02 1.510E+06
 3.10326974E+00  12781.9 2.488E+02 6.723E+13 4.109E+00 3.151E+01 2.000E+05 1.846E+10 1.607E+02 1.568E+06
 3.75984318E+00  13626.8 2.952E+02 7.530E+13 3.584E+00 2.760E+01 2.000E+05 1.850E+10 1.619E+02 1.583E+06
 4.72342130E+00  14536.3 3.659E+02 8.848E+13 3.389E+00 2.612E+01 2.000E+05 1.846E+10 2.334E+02 1.612E+06
 6.02797077E+00  15547.9 4.622E+02 1.059E+14 3.437E+00 2.640E+01 2.000E+05 1.850E+10 2.519E+02 1.702E+06
 7.72965459E+00  16637.6 5.867E+02 1.269E+14 3.536E+00 2.720E+01 2.000E+05 1.846E+10 1.605E+02 1.838E+06
 9.92275518E+00  17830.3 7.453E+02 1.511E+14 3.677E+00 2.815E+01 2.000E+05 1.850E+10 7.142E+01 1.970E+06
 1.28298107E+01  19124.5 9.549E+02 1.808E+14 3.579E+00 2.769E+01 2.000E+05 1.846E+10 0.000E+00 2.076E+06
 1.68047309E+01  20523.2 1.244E+03 2.197E+14 3.497E+00 2.704E+01 2.000E+05 1.850E+10 0.000E+00 2.159E+06
 2.22622226E+01  22028.0 1.644E+03 2.710E+14 3.376E+00 2.600E+01 2.000E+05 1.846E+10 0.000E+00 2.240E+06
 2.98010829E+01  23646.6 2.210E+03 3.396E+14 3.259E+00 2.383E+01 2.000E+05 1.850E+10 0.000E+00 2.326E+06
PRADK 5.4725E+00
BEGIN                    ITERATION  15 COMPLETED
