TEFF   9000.  GRAVITY 2.00000     
TITLE   B a s i c A T L A S                                                     
 OPACITY IFOP 1 1 1 1 1 1 1 1 1 1 1 1 1 0 1 0 0 0 0 0
 CONVECTION ON   1.25 TURBULENCE OFF  0.00  0.00  0.00  0.00
ABUNDANCE SCALE  10.00000 ABUNDANCE CHANGE 1 0.90293 2 0.08623
 ABUNDANCE CHANGE  3  -8.78  4 -10.66  5  -9.25  6  -3.54  7  -4.18  8  -3.28
 ABUNDANCE CHANGE  9  -7.48 10  -4.02 11  -5.80 12  -4.44 13  -5.59 14  -4.53
 ABUNDANCE CHANGE 15  -6.58 16  -4.88 17  -6.54 18  -5.64 19  -6.93 20  -5.70
 ABUNDANCE CHANGE 21  -8.89 22  -7.09 23  -8.11 24  -6.40 25  -6.61 26  -4.52
 ABUNDANCE CHANGE 27  -7.05 28  -5.82 29  -7.85 30  -7.48 31  -9.00 32  -8.39
 ABUNDANCE CHANGE 33  -9.74 34  -8.70 35  -9.50 36  -8.79 37  -9.68 38  -9.17
 ABUNDANCE CHANGE 39  -9.83 40  -9.42 41 -10.58 42 -10.16 43 -20.00 44 -10.29
 ABUNDANCE CHANGE 45 -10.98 46 -10.39 47 -10.84 48 -10.33 49 -11.28 50 -10.00
 ABUNDANCE CHANGE 51 -11.03 52  -9.86 53 -10.49 54  -9.80 55 -10.96 56  -9.86
 ABUNDANCE CHANGE 57 -10.94 58 -10.46 59 -11.32 60 -10.62 61 -20.00 62 -11.08
 ABUNDANCE CHANGE 63 -11.52 64 -10.97 65 -11.74 66 -10.94 67 -11.56 68 -11.12
 ABUNDANCE CHANGE 69 -11.94 70 -11.12 71 -11.94 72 -11.17 73 -12.16 74 -11.39
 ABUNDANCE CHANGE 75 -11.78 76 -10.68 77 -10.66 78 -10.42 79 -11.24 80 -10.87
 ABUNDANCE CHANGE 81 -11.27 82 -10.00 83 -11.39 84 -20.00 85 -20.00 86 -20.00
 ABUNDANCE CHANGE 87 -20.00 88 -20.00 89 -20.00 90 -11.96 91 -20.00 92 -12.58
 ABUNDANCE CHANGE 93 -20.00 94 -20.00 95 -20.00 96 -20.00 97 -20.00 98 -20.00
 ABUNDANCE CHANGE 99 -20.00
READ DECK6 72 RHOX,T,P,XNE,ABROSS,ACCRAD,VTURB,         FLXRAD,VCONV,VELSND
 2.72095577E-06   4928.4 2.370E-04 4.885E+07 4.901E-02 1.291E+01 2.000E+05 2.960E+10 0.000E+00 4.342E+07
 3.64970830E-06   4955.1 3.180E-04 6.237E+07 4.676E-02 1.264E+01 2.000E+05 2.960E+10 0.000E+00 3.837E+07
 4.94525604E-06   4984.8 4.315E-04 8.068E+07 4.479E-02 1.221E+01 2.000E+05 2.960E+10 0.000E+00 3.364E+07
 6.74040199E-06   5018.8 5.895E-04 1.059E+08 4.332E-02 1.170E+01 2.000E+05 2.960E+10 9.319E+08 2.933E+07
 9.20769566E-06   5056.4 8.081E-04 1.403E+08 4.227E-02 1.113E+01 2.000E+05 2.960E+10 6.995E+08 2.548E+07
 1.25689864E-05   5096.2 1.108E-03 1.867E+08 4.148E-02 1.051E+01 2.000E+05 2.960E+10 5.178E+08 2.209E+07
 1.71304342E-05   5137.1 1.518E-03 2.485E+08 4.079E-02 9.867E+00 2.000E+05 2.960E+10 3.784E+08 1.915E+07
 2.33181769E-05   5178.0 2.077E-03 3.302E+08 4.007E-02 9.242E+00 2.000E+05 2.960E+10 2.728E+08 1.659E+07
 3.17353494E-05   5218.0 2.844E-03 4.370E+08 3.920E-02 8.688E+00 2.000E+05 2.960E+10 1.945E+08 1.437E+07
 4.32387667E-05   5256.9 3.897E-03 5.761E+08 3.816E-02 8.226E+00 2.000E+05 2.960E+10 1.381E+08 1.244E+07
 5.90257619E-05   5295.4 5.349E-03 7.583E+08 3.704E-02 7.873E+00 2.000E+05 2.960E+10 9.890E+07 1.076E+07
 8.07062706E-05   5334.8 7.349E-03 9.994E+08 3.600E-02 7.609E+00 2.000E+05 2.960E+10 7.192E+07 9.305E+06
 1.10369113E-04   5376.4 1.009E-02 1.322E+09 3.520E-02 7.400E+00 2.000E+05 2.960E+10 5.308E+07 8.050E+06
 1.50648412E-04   5421.1 1.383E-02 1.755E+09 3.472E-02 7.196E+00 2.000E+05 2.960E+10 3.952E+07 6.973E+06
 2.04829064E-04   5468.9 1.886E-02 2.339E+09 3.458E-02 7.009E+00 2.000E+05 2.960E+10 2.951E+07 6.052E+06
 2.76996635E-04   5519.8 2.558E-02 3.121E+09 3.478E-02 6.833E+00 2.000E+05 2.960E+10 2.207E+07 5.267E+06
 3.72190360E-04   5573.5 3.445E-02 4.166E+09 3.532E-02 6.657E+00 2.000E+05 2.960E+10 1.648E+07 4.599E+06
 4.96605698E-04   5629.7 4.608E-02 5.558E+09 3.618E-02 6.472E+00 2.000E+05 2.960E+10 1.223E+07 4.031E+06
 6.58009192E-04   5687.7 6.119E-02 7.394E+09 3.731E-02 6.281E+00 2.000E+05 2.960E+10 8.946E+06 3.547E+06
 8.66132034E-04   5746.9 8.072E-02 9.800E+09 3.867E-02 6.094E+00 2.000E+05 2.960E+10 6.425E+06 3.135E+06
 1.13333757E-03   5806.8 1.058E-01 1.293E+10 4.024E-02 5.908E+00 2.000E+05 2.960E+10 4.497E+06 2.781E+06
 1.47522596E-03   5867.3 1.380E-01 1.699E+10 4.200E-02 5.742E+00 2.000E+05 2.960E+10 3.055E+06 2.478E+06
 1.91130355E-03   5928.2 1.792E-01 2.222E+10 4.398E-02 5.605E+00 2.000E+05 2.960E+10 2.007E+06 2.217E+06
 2.46539279E-03   5990.1 2.315E-01 2.897E+10 4.626E-02 5.498E+00 2.000E+05 2.960E+10 2.985E+05 1.993E+06
 3.16586067E-03   6053.3 2.977E-01 3.766E+10 4.894E-02 5.420E+00 2.000E+05 2.960E+10 1.708E+05 1.800E+06
 4.04564973E-03   6118.3 3.810E-01 4.886E+10 5.214E-02 5.363E+00 2.000E+05 2.960E+10 1.007E+05 1.635E+06
 5.14277845E-03   6185.0 4.848E-01 6.323E+10 5.595E-02 5.318E+00 2.000E+05 2.960E+10 6.016E+04 1.495E+06
 6.50071281E-03   6253.5 6.134E-01 8.159E+10 6.051E-02 5.283E+00 2.000E+05 2.960E+10 3.629E+04 1.376E+06
 8.16915031E-03   6323.4 7.714E-01 1.049E+11 6.589E-02 5.263E+00 2.000E+05 2.960E+10 2.204E+04 1.275E+06
 1.02051059E-02   6394.5 9.643E-01 1.342E+11 7.224E-02 5.262E+00 2.000E+05 2.960E+10 1.352E+04 1.190E+06
 1.26740896E-02   6466.4 1.198E+00 1.709E+11 7.965E-02 5.276E+00 2.000E+05 2.960E+10 8.339E+03 1.120E+06
 1.56524234E-02   6538.8 1.480E+00 2.164E+11 8.825E-02 5.308E+00 2.000E+05 2.960E+10 5.173E+03 1.061E+06
 1.92289524E-02   6611.4 1.819E+00 2.726E+11 9.820E-02 5.363E+00 2.000E+05 2.960E+10 3.237E+03 1.012E+06
 2.35067411E-02   6684.2 2.224E+00 3.415E+11 1.097E-01 5.433E+00 2.000E+05 2.960E+10 2.038E+03 9.719E+05
 2.86050863E-02   6757.0 2.705E+00 4.255E+11 1.229E-01 5.537E+00 2.000E+05 2.960E+10 1.290E+03 9.389E+05
 3.46610044E-02   6829.8 3.277E+00 5.275E+11 1.382E-01 5.679E+00 2.000E+05 2.960E+10 8.296E+02 9.120E+05
 4.18312372E-02   6902.8 3.953E+00 6.509E+11 1.559E-01 5.861E+00 2.000E+05 2.960E+10 5.411E+02 8.903E+05
 5.02950088E-02   6976.0 4.748E+00 7.995E+11 1.764E-01 6.092E+00 2.000E+05 2.960E+10 3.575E+02 8.730E+05
 6.02566107E-02   7049.5 5.683E+00 9.780E+11 2.002E-01 6.383E+00 2.000E+05 2.960E+10 2.455E+02 8.595E+05
 7.19404019E-02   7124.2 6.774E+00 1.192E+12 2.280E-01 6.739E+00 2.000E+05 2.960E+10 1.783E+02 8.494E+05
 8.55908182E-02   7200.3 8.044E+00 1.450E+12 2.608E-01 7.183E+00 2.000E+05 2.960E+10 1.384E+02 8.423E+05
 1.01459806E-01   7278.8 9.513E+00 1.759E+12 3.000E-01 7.754E+00 2.000E+05 2.960E+10 1.194E+02 8.379E+05
 1.19786423E-01   7361.3 1.120E+01 2.131E+12 3.477E-01 8.481E+00 2.000E+05 2.960E+10 1.146E+02 8.364E+05
 1.40773966E-01   7449.4 1.311E+01 2.581E+12 4.069E-01 9.414E+00 2.000E+05 2.960E+10 1.186E+02 8.377E+05
 1.64558798E-01   7545.2 1.525E+01 3.128E+12 4.815E-01 1.062E+01 2.000E+05 2.960E+10 1.293E+02 8.422E+05
 1.91185898E-01   7651.6 1.761E+01 3.794E+12 5.773E-01 1.215E+01 2.000E+05 2.960E+10 1.436E+02 8.505E+05
 2.20604244E-01   7770.8 2.016E+01 4.604E+12 7.013E-01 1.411E+01 2.000E+05 2.960E+10 1.583E+02 8.631E+05
 2.52675328E-01   7905.5 2.288E+01 5.578E+12 8.634E-01 1.664E+01 2.000E+05 2.960E+10 1.738E+02 8.808E+05
 2.87208020E-01   8059.4 2.570E+01 6.735E+12 1.074E+00 1.988E+01 2.000E+05 2.960E+10 1.888E+02 9.047E+05
 3.24150070E-01   8236.4 2.859E+01 8.076E+12 1.339E+00 2.373E+01 2.000E+05 2.960E+10 1.992E+02 9.361E+05
 3.63798628E-01   8439.2 3.153E+01 9.562E+12 1.654E+00 2.807E+01 2.000E+05 2.960E+10 2.007E+02 9.758E+05
 4.07061635E-01   8672.7 3.454E+01 1.113E+13 2.002E+00 3.266E+01 2.000E+05 2.960E+10 1.865E+02 1.025E+06
 4.55686160E-01   8940.0 3.773E+01 1.268E+13 2.322E+00 3.621E+01 2.000E+05 2.960E+10 1.515E+02 1.084E+06
 5.12836963E-01   9244.8 4.129E+01 1.417E+13 2.579E+00 3.878E+01 2.000E+05 2.960E+10 1.056E+02 1.157E+06
 5.83280855E-01   9589.4 4.558E+01 1.563E+13 2.726E+00 3.931E+01 2.000E+05 2.961E+10 6.589E+01 1.247E+06
 6.73677489E-01   9982.1 5.107E+01 1.721E+13 2.791E+00 3.893E+01 2.000E+05 2.959E+10 3.676E+01 1.357E+06
 7.93742852E-01  10409.9 5.853E+01 1.914E+13 2.762E+00 3.681E+01 2.000E+05 2.961E+10 1.865E+01 1.467E+06
 9.56383211E-01  10902.4 6.897E+01 2.169E+13 2.707E+00 3.498E+01 2.000E+05 2.959E+10 5.337E+00 1.561E+06
 1.17741278E+00  11432.7 8.348E+01 2.513E+13 2.659E+00 3.373E+01 2.000E+05 2.961E+10 0.000E+00 1.626E+06
 1.48085702E+00  12055.1 1.039E+02 2.974E+13 2.554E+00 3.174E+01 2.000E+05 2.959E+10 0.000E+00 1.668E+06
 1.89971095E+00  12721.3 1.327E+02 3.612E+13 2.488E+00 3.071E+01 2.000E+05 2.960E+10 0.000E+00 1.680E+06
 2.47191556E+00  13504.4 1.725E+02 4.452E+13 2.435E+00 3.020E+01 2.000E+05 2.961E+10 9.693E+00 1.675E+06
 3.24384171E+00  14349.0 2.265E+02 5.562E+13 2.436E+00 3.014E+01 2.000E+05 2.959E+10 5.015E+01 1.697E+06
 4.25007893E+00  15310.5 2.962E+02 6.904E+13 2.535E+00 3.134E+01 2.000E+05 2.962E+10 6.833E+01 1.786E+06
 5.53699578E+00  16335.0 3.838E+02 8.456E+13 2.645E+00 3.254E+01 2.000E+05 2.957E+10 4.174E+01 1.914E+06
 7.18212499E+00  17480.3 4.935E+02 1.021E+14 2.754E+00 3.403E+01 2.000E+05 2.963E+10 1.472E+01 2.040E+06
 9.31837770E+00  18704.0 6.342E+02 1.228E+14 2.784E+00 3.420E+01 2.000E+05 2.957E+10 0.000E+00 2.142E+06
 1.21932885E+01  20061.4 8.235E+02 1.489E+14 2.715E+00 3.394E+01 2.000E+05 2.964E+10 0.000E+00 2.227E+06
 1.61573516E+01  21501.5 1.089E+03 1.839E+14 2.606E+00 3.207E+01 2.000E+05 2.956E+10 0.000E+00 2.308E+06
 2.16042823E+01  23077.3 1.461E+03 2.300E+14 2.559E+00 3.156E+01 2.000E+05 2.965E+10 0.000E+00 2.395E+06
 2.90215198E+01  24763.3 1.972E+03 2.895E+14 2.499E+00 3.055E+01 2.000E+05 2.955E+10 0.000E+00 2.482E+06
 3.88779878E+01  26587.1 2.660E+03 3.639E+14 2.576E+00 2.980E+01 2.000E+05 2.966E+10 0.000E+00 2.562E+06
PRADK 8.7749E+00
BEGIN                    ITERATION  15 COMPLETED
