9435.000000 7.47102e-06
9436.000000 7.56577e-06
9437.000000 7.66021e-06
9438.000000 7.75993e-06
9439.000000 7.85932e-06
9440.000000 7.95843e-06
9441.000000 8.05752e-06
9442.000000 8.15635e-06
9443.000000 8.26046e-06
9444.000000 8.36422e-06
9445.000000 8.46764e-06
9446.000000 8.57084e-06
9447.000000 8.67361e-06
9448.000000 8.78179e-06
9449.000000 8.88964e-06
9450.000000 8.99707e-06
9451.000000 9.10364e-06
9452.000000 9.20979e-06
9453.000000 9.32135e-06
9454.000000 9.43248e-06
9455.000000 9.54331e-06
9456.000000 9.65375e-06
9457.000000 9.76386e-06
9458.000000 9.87916e-06
9459.000000 9.99433e-06
9460.000000 1.0109e-05
9461.000000 1.02237e-05
9462.000000 1.0338e-05
9463.000000 1.04577e-05
9464.000000 1.05771e-05
9465.000000 1.0696e-05
9466.000000 1.08146e-05
9467.000000 1.09328e-05
9468.000000 1.10562e-05
9469.000000 1.11793e-05
9470.000000 1.1302e-05
9471.000000 1.14244e-05
9472.000000 1.15464e-05
9473.000000 1.16735e-05
9474.000000 1.18004e-05
9475.000000 1.19268e-05
9476.000000 1.20528e-05
9477.000000 1.21784e-05
9478.000000 1.23092e-05
9479.000000 1.24397e-05
9480.000000 1.25696e-05
9481.000000 1.2699e-05
9482.000000 1.28279e-05
9483.000000 1.29621e-05
9484.000000 1.30956e-05
9485.000000 1.32288e-05
9486.000000 1.33616e-05
9487.000000 1.34939e-05
9488.000000 1.36314e-05
9489.000000 1.37683e-05
9490.000000 1.39048e-05
9491.000000 1.404e-05
9492.000000 1.41748e-05
9493.000000 1.43145e-05
9494.000000 1.44537e-05
9495.000000 1.45924e-05
9496.000000 1.47308e-05
9497.000000 1.48686e-05
9498.000000 1.50112e-05
9499.000000 1.51534e-05
9500.000000 1.5295e-05
9501.000000 1.54373e-05
9502.000000 1.55789e-05
9503.000000 1.57253e-05
9504.000000 1.58713e-05
9505.000000 1.60168e-05
9506.000000 1.61618e-05
9507.000000 1.63062e-05
9508.000000 1.64553e-05
9509.000000 1.6604e-05
9510.000000 1.67521e-05
9511.000000 1.69003e-05
9512.000000 1.70478e-05
9513.000000 1.71999e-05
9514.000000 1.73515e-05
9515.000000 1.75026e-05
9516.000000 1.76532e-05
9517.000000 1.78032e-05
9518.000000 1.79577e-05
9519.000000 1.81115e-05
9520.000000 1.82651e-05
9521.000000 1.84169e-05
9522.000000 1.85684e-05
9523.000000 1.8724e-05
9524.000000 1.88791e-05
9525.000000 1.90339e-05
9526.000000 1.91877e-05
9527.000000 1.93412e-05
9528.000000 1.94986e-05
9529.000000 1.96557e-05
9530.000000 1.9812e-05
9531.000000 1.99684e-05
9532.000000 2.01244e-05
9533.000000 2.02841e-05
9534.000000 2.04436e-05
9535.000000 2.06022e-05
9536.000000 2.07604e-05
9537.000000 2.09179e-05
9538.000000 2.10791e-05
9539.000000 2.12396e-05
9540.000000 2.14e-05
9541.000000 2.15576e-05
9542.000000 2.17152e-05
9543.000000 2.18759e-05
9544.000000 2.20361e-05
9545.000000 2.21957e-05
9546.000000 2.23546e-05
9547.000000 2.2513e-05
9548.000000 2.26747e-05
9549.000000 2.28356e-05
9550.000000 2.29959e-05
9551.000000 2.31576e-05
9552.000000 2.33186e-05
9553.000000 2.34828e-05
9554.000000 2.36461e-05
9555.000000 2.3809e-05
9556.000000 2.39713e-05
9557.000000 2.41329e-05
9558.000000 2.42975e-05
9559.000000 2.44615e-05
9560.000000 2.46244e-05
9561.000000 2.47859e-05
9562.000000 2.4947e-05
9563.000000 2.51104e-05
9564.000000 2.52733e-05
9565.000000 2.54355e-05
9566.000000 2.55971e-05
9567.000000 2.57577e-05
9568.000000 2.59213e-05
9569.000000 2.60839e-05
9570.000000 2.6246e-05
9571.000000 2.64077e-05
9572.000000 2.65693e-05
9573.000000 2.67327e-05
9574.000000 2.68956e-05
9575.000000 2.70577e-05
9576.000000 2.72195e-05
9577.000000 2.73804e-05
9578.000000 2.75434e-05
9579.000000 2.77055e-05
9580.000000 2.7867e-05
9581.000000 2.8025e-05
9582.000000 2.81823e-05
9583.000000 2.8341e-05
9584.000000 2.84995e-05
9585.000000 2.86571e-05
9586.000000 2.88137e-05
9587.000000 2.89698e-05
9588.000000 2.91276e-05
9589.000000 2.92843e-05
9590.000000 2.94405e-05
9591.000000 2.96003e-05
9592.000000 2.97595e-05
9593.000000 2.99198e-05
9594.000000 3.00795e-05
9595.000000 3.02386e-05
9596.000000 3.03969e-05
9597.000000 3.05548e-05
9598.000000 3.07134e-05
9599.000000 3.08716e-05
9600.000000 3.10291e-05
9601.000000 3.11866e-05
9602.000000 3.13439e-05
9603.000000 3.15021e-05
9604.000000 3.16592e-05
9605.000000 3.18163e-05
9606.000000 3.19719e-05
9607.000000 3.21276e-05
9608.000000 3.22837e-05
9609.000000 3.2439e-05
9610.000000 3.25938e-05
9611.000000 3.2746e-05
9612.000000 3.28973e-05
9613.000000 3.30494e-05
9614.000000 3.32002e-05
9615.000000 3.33509e-05
9616.000000 3.35007e-05
9617.000000 3.365e-05
9618.000000 3.37991e-05
9619.000000 3.39478e-05
9620.000000 3.40957e-05
9621.000000 3.42422e-05
9622.000000 3.43874e-05
9623.000000 3.45331e-05
9624.000000 3.46777e-05
9625.000000 3.48217e-05
9626.000000 3.49653e-05
9627.000000 3.5108e-05
9628.000000 3.52503e-05
9629.000000 3.53926e-05
9630.000000 3.55333e-05
9631.000000 3.56761e-05
9632.000000 3.58181e-05
9633.000000 3.59599e-05
9634.000000 3.61011e-05
9635.000000 3.62412e-05
9636.000000 3.63811e-05
9637.000000 3.65202e-05
9638.000000 3.66585e-05
9639.000000 3.67965e-05
9640.000000 3.69333e-05
9641.000000 3.70668e-05
9642.000000 3.71999e-05
9643.000000 3.73318e-05
9644.000000 3.74632e-05
9645.000000 3.75942e-05
9646.000000 3.77239e-05
9647.000000 3.78534e-05
9648.000000 3.79821e-05
9649.000000 3.81095e-05
9650.000000 3.82366e-05
9651.000000 3.83665e-05
9652.000000 3.84962e-05
9653.000000 3.86248e-05
9654.000000 3.87525e-05
9655.000000 3.88798e-05
9656.000000 3.90066e-05
9657.000000 3.9132e-05
9658.000000 3.92568e-05
9659.000000 3.9381e-05
9660.000000 3.9504e-05
9661.000000 3.96243e-05
9662.000000 3.97441e-05
9663.000000 3.98625e-05
9664.000000 3.99802e-05
9665.000000 4.00971e-05
9666.000000 4.02137e-05
9667.000000 4.03296e-05
9668.000000 4.04437e-05
9669.000000 4.05577e-05
9670.000000 4.0671e-05
9671.000000 4.07827e-05
9672.000000 4.08946e-05
9673.000000 4.10048e-05
9674.000000 4.11138e-05
9675.000000 4.12229e-05
9676.000000 4.13308e-05
9677.000000 4.14383e-05
9678.000000 4.1544e-05
9679.000000 4.16489e-05
9680.000000 4.17536e-05
9681.000000 4.18589e-05
9682.000000 4.19625e-05
9683.000000 4.20656e-05
9684.000000 4.21675e-05
9685.000000 4.22685e-05
9686.000000 4.23692e-05
9687.000000 4.24696e-05
9688.000000 4.25675e-05
9689.000000 4.26657e-05
9690.000000 4.27622e-05
9691.000000 4.28598e-05
9692.000000 4.29571e-05
9693.000000 4.30522e-05
9694.000000 4.31466e-05
9695.000000 4.32409e-05
9696.000000 4.33338e-05
9697.000000 4.34269e-05
9698.000000 4.35177e-05
9699.000000 4.3608e-05
9700.000000 4.36975e-05
9701.000000 4.37864e-05
9702.000000 4.38744e-05
9703.000000 4.39606e-05
9704.000000 4.40463e-05
9705.000000 4.41316e-05
9706.000000 4.4216e-05
9707.000000 4.43e-05
9708.000000 4.43815e-05
9709.000000 4.44634e-05
9710.000000 4.45439e-05
9711.000000 4.4622e-05
9712.000000 4.46991e-05
9713.000000 4.47744e-05
9714.000000 4.48493e-05
9715.000000 4.4923e-05
9716.000000 4.49972e-05
9717.000000 4.50697e-05
9718.000000 4.51411e-05
9719.000000 4.52117e-05
9720.000000 4.52819e-05
9721.000000 4.5353e-05
9722.000000 4.54238e-05
9723.000000 4.54923e-05
9724.000000 4.55613e-05
9725.000000 4.56288e-05
9726.000000 4.5696e-05
9727.000000 4.57629e-05
9728.000000 4.58282e-05
9729.000000 4.58925e-05
9730.000000 4.59568e-05
9731.000000 4.60192e-05
9732.000000 4.60818e-05
9733.000000 4.6143e-05
9734.000000 4.62031e-05
9735.000000 4.6263e-05
9736.000000 4.6322e-05
9737.000000 4.63808e-05
9738.000000 4.64381e-05
9739.000000 4.64948e-05
9740.000000 4.6551e-05
9741.000000 4.66067e-05
9742.000000 4.66608e-05
9743.000000 4.67147e-05
9744.000000 4.67677e-05
9745.000000 4.68198e-05
9746.000000 4.68716e-05
9747.000000 4.69227e-05
9748.000000 4.69733e-05
9749.000000 4.70233e-05
9750.000000 4.70724e-05
9751.000000 4.71226e-05
9752.000000 4.71719e-05
9753.000000 4.72208e-05
9754.000000 4.72682e-05
9755.000000 4.73159e-05
9756.000000 4.73635e-05
9757.000000 4.74097e-05
9758.000000 4.74559e-05
9759.000000 4.75015e-05
9760.000000 4.75466e-05
9761.000000 4.75923e-05
9762.000000 4.76363e-05
9763.000000 4.76811e-05
9764.000000 4.77252e-05
9765.000000 4.77684e-05
9766.000000 4.78114e-05
9767.000000 4.78541e-05
9768.000000 4.78973e-05
9769.000000 4.79391e-05
9770.000000 4.79811e-05
9771.000000 4.80175e-05
9772.000000 4.80533e-05
9773.000000 4.80896e-05
9774.000000 4.81263e-05
9775.000000 4.81615e-05
9776.000000 4.81964e-05
9777.000000 4.82306e-05
9778.000000 4.82667e-05
9779.000000 4.83021e-05
9780.000000 4.83372e-05
9781.000000 4.8377e-05
9782.000000 4.84179e-05
9783.000000 4.84591e-05
9784.000000 4.85007e-05
9785.000000 4.85413e-05
9786.000000 4.85822e-05
9787.000000 4.86216e-05
9788.000000 4.86645e-05
9789.000000 4.87058e-05
9790.000000 4.87483e-05
9791.000000 4.87867e-05
9792.000000 4.88253e-05
9793.000000 4.88671e-05
9794.000000 4.89091e-05
9795.000000 4.89492e-05
9796.000000 4.89902e-05
9797.000000 4.90299e-05
9798.000000 4.90744e-05
9799.000000 4.9118e-05
9800.000000 4.91608e-05
9801.000000 4.92415e-05
9802.000000 4.93217e-05
9803.000000 4.94079e-05
9804.000000 4.9494e-05
9805.000000 4.95793e-05
9806.000000 4.96641e-05
9807.000000 4.97488e-05
9808.000000 4.984e-05
9809.000000 4.99307e-05
9810.000000 5.00217e-05
9811.000000 5.01129e-05
9812.000000 5.02033e-05
9813.000000 5.03028e-05
9814.000000 5.04018e-05
9815.000000 5.05003e-05
9816.000000 5.05983e-05
9817.000000 5.06958e-05
9818.000000 5.08029e-05
9819.000000 5.09108e-05
9820.000000 5.10177e-05
9821.000000 5.11217e-05
9822.000000 5.12246e-05
9823.000000 5.13405e-05
9824.000000 5.14554e-05
9825.000000 5.15698e-05
9826.000000 5.16844e-05
9827.000000 5.17975e-05
9828.000000 5.1926e-05
9829.000000 5.20529e-05
9830.000000 5.21797e-05
9831.000000 5.23052e-05
9832.000000 5.24292e-05
9833.000000 5.25709e-05
9834.000000 5.27123e-05
9835.000000 5.28521e-05
9836.000000 5.29921e-05
9837.000000 5.31315e-05
9838.000000 5.32917e-05
9839.000000 5.34502e-05
9840.000000 5.3608e-05
9841.000000 5.37653e-05
9842.000000 5.39211e-05
9843.000000 5.4101e-05
9844.000000 5.4281e-05
9845.000000 5.44596e-05
9846.000000 5.46371e-05
9847.000000 5.4814e-05
9848.000000 5.5021e-05
9849.000000 5.52254e-05
9850.000000 5.54296e-05
9851.000000 5.56351e-05
9852.000000 5.58396e-05
9853.000000 5.60791e-05
9854.000000 5.63166e-05
9855.000000 5.6553e-05
9856.000000 5.67894e-05
9857.000000 5.70238e-05
9858.000000 5.72989e-05
9859.000000 5.75733e-05
9860.000000 5.78465e-05
9861.000000 5.81176e-05
9862.000000 5.83869e-05
9863.000000 5.87054e-05
9864.000000 5.9021e-05
9865.000000 5.93364e-05
9866.000000 5.96504e-05
9867.000000 5.99625e-05
9868.000000 6.03322e-05
9869.000000 6.06999e-05
9870.000000 6.10661e-05
9871.000000 6.14324e-05
9872.000000 6.17978e-05
9873.000000 6.22309e-05
9874.000000 6.26612e-05
9875.000000 6.30902e-05
9876.000000 6.35181e-05
9877.000000 6.39438e-05
9878.000000 6.44504e-05
9879.000000 6.49545e-05
9880.000000 6.5456e-05
9881.000000 6.59507e-05
9882.000000 6.64423e-05
9883.000000 6.70284e-05
9884.000000 6.76132e-05
9885.000000 6.81961e-05
9886.000000 6.87767e-05
9887.000000 6.93535e-05
9888.000000 7.00452e-05
9889.000000 7.07335e-05
9890.000000 7.14194e-05
9891.000000 7.21159e-05
9892.000000 7.28072e-05
9893.000000 7.36368e-05
9894.000000 7.44633e-05
9895.000000 7.52854e-05
9896.000000 7.61064e-05
9897.000000 7.69236e-05
9898.000000 7.79054e-05
9899.000000 7.88843e-05
9900.000000 7.98566e-05
9901.000000 8.08147e-05
9902.000000 8.17681e-05
9903.000000 8.29177e-05
9904.000000 8.4064e-05
9905.000000 8.52058e-05
9906.000000 8.6342e-05
9907.000000 8.74743e-05
9908.000000 8.88445e-05
9909.000000 9.021e-05
9910.000000 9.1569e-05
9911.000000 9.29299e-05
9912.000000 9.42855e-05
9913.000000 9.59315e-05
9914.000000 9.75693e-05
9915.000000 9.92024e-05
9916.000000 0.000100828
9917.000000 0.000102448
9918.000000 0.000104421
9919.000000 0.000106384
9920.000000 0.00010834
9921.000000 0.000110288
9922.000000 0.000112228
9923.000000 0.000114599
9924.000000 0.00011696
9925.000000 0.000119312
9926.000000 0.000121655
9927.000000 0.000123987
9928.000000 0.000126847
9929.000000 0.000129697
9930.000000 0.000132533
9931.000000 0.000135354
9932.000000 0.000138161
9933.000000 0.000141618
9934.000000 0.000145059
9935.000000 0.000148488
9936.000000 0.000151901
9937.000000 0.000155302
9938.000000 0.000159504
9939.000000 0.000163686
9940.000000 0.000167853
9941.000000 0.000172012
9942.000000 0.00017615
9943.000000 0.000181287
9944.000000 0.000186404
9945.000000 0.0001915
9946.000000 0.000196574
9947.000000 0.000201627
9948.000000 0.000207925
9949.000000 0.000214193
9950.000000 0.000220439
9951.000000 0.000226647
9952.000000 0.000232826
9953.000000 0.000240562
9954.000000 0.000248268
9955.000000 0.000255938
9956.000000 0.000263575
9957.000000 0.000271182
9958.000000 0.000280751
9959.000000 0.000290279
9960.000000 0.000299767
9961.000000 0.000309229
9962.000000 0.000318648
9963.000000 0.000330553
9964.000000 0.000342411
9965.000000 0.00035422
9966.000000 0.000365976
9967.000000 0.000377682
9968.000000 0.000392557
9969.000000 0.000407366
9970.000000 0.000422115
9971.000000 0.000436793
9972.000000 0.000451404
9973.000000 0.000470069
9974.000000 0.000488655
9975.000000 0.000507156
9976.000000 0.000525578
9977.000000 0.000543924
9978.000000 0.000567473
9979.000000 0.000590936
9980.000000 0.000614286
9981.000000 0.000637543
9982.000000 0.000660711
9983.000000 0.000690604
9984.000000 0.000720373
9985.000000 0.00075002
9986.000000 0.000779531
9987.000000 0.000808911
9988.000000 0.000847065
9989.000000 0.000885034
9990.000000 0.000922837
9991.000000 0.000960528
9992.000000 0.000998025
9993.000000 0.00104698
9994.000000 0.00109574
9995.000000 0.00114425
9996.000000 0.00119258
9997.000000 0.00124069
9998.000000 0.00130377
9999.000000 0.00136658
10000.000000 0.00142914
10001.000000 0.00149215
10002.000000 0.00155494
10003.000000 0.00163751
10004.000000 0.00171982
10005.000000 0.00180184
10006.000000 0.0018836
10007.000000 0.00196507
10008.000000 0.00207261
10009.000000 0.00217978
10010.000000 0.00228658
10011.000000 0.00239295
10012.000000 0.00249894
10013.000000 0.00263917
10014.000000 0.00277891
10015.000000 0.00291816
10016.000000 0.00305693
10017.000000 0.00319519
10018.000000 0.00337813
10019.000000 0.00356042
10020.000000 0.00374208
10021.000000 0.00392343
10022.000000 0.00410419
10023.000000 0.00434252
10024.000000 0.00458005
10025.000000 0.00481677
10026.000000 0.00505271
10027.000000 0.00528784
10028.000000 0.00559555
10029.000000 0.00590223
10030.000000 0.00620788
10031.000000 0.0065122
10032.000000 0.00681546
10033.000000 0.00720705
10034.000000 0.00759726
10035.000000 0.00798611
10036.000000 0.00837358
10037.000000 0.00875969
10038.000000 0.00924756
10039.000000 0.00973372
10040.000000 0.0102182
10041.000000 0.010701
10042.000000 0.0111821
10043.000000 0.0117709
10044.000000 0.0123576
10045.000000 0.0129423
10046.000000 0.0135248
10047.000000 0.0141053
10048.000000 0.0147851
10049.000000 0.0154626
10050.000000 0.0161376
10051.000000 0.0168099
10052.000000 0.0174798
10053.000000 0.018221
10054.000000 0.0189594
10055.000000 0.0196951
10056.000000 0.0204281
10057.000000 0.0211583
10058.000000 0.0219119
10059.000000 0.0226627
10060.000000 0.0234106
10061.000000 0.0241549
10062.000000 0.0248963
10063.000000 0.0256024
10064.000000 0.0263058
10065.000000 0.0270064
10066.000000 0.0277042
10067.000000 0.0283993
10068.000000 0.0290059
10069.000000 0.0296099
10070.000000 0.0302116
10071.000000 0.0308114
10072.000000 0.0314087
10073.000000 0.0318841
10074.000000 0.0323575
10075.000000 0.0328289
10076.000000 0.0332983
10077.000000 0.0337658
10078.000000 0.0341031
10079.000000 0.0344388
10080.000000 0.0347731
10081.000000 0.0351052
10082.000000 0.0354359
10083.000000 0.0356487
10084.000000 0.0358604
10085.000000 0.0360711
10086.000000 0.0362806
10087.000000 0.0364891
10088.000000 0.0366032
10089.000000 0.0367166
10090.000000 0.0368292
10091.000000 0.0369425
10092.000000 0.0370553
10093.000000 0.037099
10094.000000 0.0371423
10095.000000 0.0371852
10096.000000 0.0372276
10097.000000 0.0372695
10098.000000 0.0372649
10099.000000 0.0372601
10100.000000 0.0372549
10101.000000 0.0372457
10102.000000 0.0372362
10103.000000 0.0371972
10104.000000 0.0371581
10105.000000 0.0371189
10106.000000 0.0370795
10107.000000 0.0370399
10108.000000 0.0369829
10109.000000 0.0369258
10110.000000 0.0368686
10111.000000 0.0368154
10112.000000 0.0367622
10113.000000 0.0366992
10114.000000 0.0366361
10115.000000 0.036573
10116.000000 0.0365097
10117.000000 0.0364466
10118.000000 0.0363782
10119.000000 0.0363099
10120.000000 0.0362414
10121.000000 0.03617
10122.000000 0.0360985
10123.000000 0.0360247
10124.000000 0.0359507
10125.000000 0.0358768
10126.000000 0.035803
10127.000000 0.035729
10128.000000 0.0356541
10129.000000 0.0355791
10130.000000 0.0355041
10131.000000 0.0354314
10132.000000 0.0353588
10133.000000 0.0352857
10134.000000 0.0352126
10135.000000 0.0351394
10136.000000 0.0350663
10137.000000 0.0349931
10138.000000 0.0349198
10139.000000 0.0348465
10140.000000 0.0347732
10141.000000 0.0346981
10142.000000 0.034623
10143.000000 0.0345479
10144.000000 0.0344727
10145.000000 0.0343976
10146.000000 0.0343224
10147.000000 0.0342473
10148.000000 0.0341721
10149.000000 0.034097
10150.000000 0.0340217
10151.000000 0.0339462
10152.000000 0.0338706
10153.000000 0.0337949
10154.000000 0.0337194
10155.000000 0.0336438
10156.000000 0.0335682
10157.000000 0.0334926
10158.000000 0.0334171
10159.000000 0.0333414
10160.000000 0.0332659
10161.000000 0.0331902
10162.000000 0.0331145
10163.000000 0.0330389
10164.000000 0.0329633
10165.000000 0.0328876
10166.000000 0.032812
10167.000000 0.0327364
10168.000000 0.0326607
10169.000000 0.0325851
10170.000000 0.0325095
10171.000000 0.0324373
10172.000000 0.032365
10173.000000 0.0322927
10174.000000 0.0322205
10175.000000 0.0321482
10176.000000 0.0320759
10177.000000 0.0320036
10178.000000 0.0319312
10179.000000 0.0318589
10180.000000 0.0317866
10181.000000 0.0317103
10182.000000 0.0316342
10183.000000 0.0315579
10184.000000 0.0314817
10185.000000 0.0314055
10186.000000 0.0313293
10187.000000 0.0312531
10188.000000 0.0311766
10189.000000 0.0311002
10190.000000 0.0310237
10191.000000 0.0309478
10192.000000 0.030872
10193.000000 0.0307955
10194.000000 0.0307189
10195.000000 0.0306423
10196.000000 0.0305658
10197.000000 0.0304892
10198.000000 0.0304109
10199.000000 0.0303327
10200.000000 0.0302544
10201.000000 0.0301961
10202.000000 0.0301378
10203.000000 0.030076
10204.000000 0.030014
10205.000000 0.0299522
10206.000000 0.0298904
10207.000000 0.0298286
10208.000000 0.0297598
10209.000000 0.0296912
10210.000000 0.0296227
10211.000000 0.0295556
10212.000000 0.0294884
10213.000000 0.029409
10214.000000 0.0293297
10215.000000 0.0292504
10216.000000 0.0291713
10217.000000 0.0290923
10218.000000 0.0289927
10219.000000 0.0288932
10220.000000 0.0287939
10221.000000 0.0286907
10222.000000 0.0285878
10223.000000 0.0284526
10224.000000 0.0283177
10225.000000 0.0281832
10226.000000 0.0280489
10227.000000 0.027915
10228.000000 0.0277337
10229.000000 0.0275528
10230.000000 0.0273724
10231.000000 0.0271958
10232.000000 0.0270197
10233.000000 0.0267789
10234.000000 0.0265387
10235.000000 0.0262991
10236.000000 0.0260605
10237.000000 0.0258224
10238.000000 0.0255036
10239.000000 0.025186
10240.000000 0.0248691
10241.000000 0.0245541
10242.000000 0.02424
10243.000000 0.0238364
10244.000000 0.0234342
10245.000000 0.0230335
10246.000000 0.0226341
10247.000000 0.022236
10248.000000 0.0217535
10249.000000 0.0212726
10250.000000 0.0207935
10251.000000 0.0203144
10252.000000 0.0198371
10253.000000 0.0192973
10254.000000 0.0187595
10255.000000 0.0182238
10256.000000 0.0176901
10257.000000 0.0171585
10258.000000 0.0165999
10259.000000 0.0160434
10260.000000 0.0154892
10261.000000 0.014936
10262.000000 0.0143851
10263.000000 0.0138464
10264.000000 0.01331
10265.000000 0.0127758
10266.000000 0.0122438
10267.000000 0.011714
10268.000000 0.0112288
10269.000000 0.0107456
10270.000000 0.0102645
10271.000000 0.00978667
10272.000000 0.00931078
10273.000000 0.00889838
10274.000000 0.0084876
10275.000000 0.00807849
10276.000000 0.007671
10277.000000 0.00726516
10278.000000 0.00692845
10279.000000 0.0065931
10280.000000 0.00625911
10281.000000 0.00592583
10282.000000 0.00559397
10283.000000 0.00532732
10284.000000 0.00506181
10285.000000 0.00479743
10286.000000 0.00453419
10287.000000 0.00427208
10288.000000 0.00406611
10289.000000 0.00386102
10290.000000 0.00365682
10291.000000 0.00345383
10292.000000 0.00325169
10293.000000 0.00309509
10294.000000 0.00293915
10295.000000 0.00278386
10296.000000 0.00262923
10297.000000 0.00247525
10298.000000 0.00235691
10299.000000 0.00223905
10300.000000 0.0021217
10301.000000 0.00200484
10302.000000 0.00188848
10303.000000 0.00179933
10304.000000 0.00171057
10305.000000 0.00162219
10306.000000 0.0015342
10307.000000 0.00144658
10308.000000 0.00137947
10309.000000 0.00131265
10310.000000 0.00124612
10311.000000 0.00117988
10312.000000 0.00111393
10313.000000 0.00106331
10314.000000 0.00101291
10315.000000 0.000962723
10316.000000 0.000912764
10317.000000 0.000863026
10318.000000 0.000824705
10319.000000 0.000786548
10320.000000 0.000748564
10321.000000 0.00071078
10322.000000 0.000673164
10323.000000 0.000644047
10324.000000 0.000615056
10325.000000 0.000586197
10326.000000 0.000557463
10327.000000 0.000528859
10328.000000 0.0005066
10329.000000 0.00048444
10330.000000 0.000462382
10331.000000 0.000440383
10332.000000 0.000418488
10333.000000 0.000401351
10334.000000 0.000384291
10335.000000 0.000367312
10336.000000 0.000350413
10337.000000 0.000333593
10338.000000 0.000320349
10339.000000 0.000307167
10340.000000 0.000294048
10341.000000 0.000281017
10342.000000 0.000268044
10343.000000 0.000257773
10344.000000 0.000247549
10345.000000 0.000237372
10346.000000 0.00022724
10347.000000 0.000217156
10348.000000 0.000209124
10349.000000 0.000201128
10350.000000 0.00019317
10351.000000 0.00018523
10352.000000 0.000177327
10353.000000 0.000170994
10354.000000 0.000164691
10355.000000 0.000158418
10356.000000 0.000152176
10357.000000 0.000145965
10358.000000 0.000140956
10359.000000 0.000135973
10360.000000 0.000131013
10361.000000 0.000126098
10362.000000 0.000121205
10363.000000 0.000117239
10364.000000 0.000113292
10365.000000 0.000109363
10366.000000 0.000105452
10367.000000 0.00010156
10368.000000 9.83878e-05
10369.000000 9.52297e-05
10370.000000 9.20869e-05
10371.000000 8.89446e-05
10372.000000 8.58185e-05
10373.000000 8.32546e-05
10374.000000 8.07028e-05
10375.000000 7.8164e-05
10376.000000 7.56381e-05
10377.000000 7.31248e-05
10378.000000 7.10515e-05
10379.000000 6.89889e-05
10380.000000 6.69367e-05
10381.000000 6.48991e-05
10382.000000 6.28721e-05
10383.000000 6.11912e-05
10384.000000 5.95181e-05
10385.000000 5.78536e-05
10386.000000 5.61973e-05
10387.000000 5.45492e-05
10388.000000 5.31748e-05
10389.000000 5.18071e-05
10390.000000 5.04463e-05
10391.000000 4.9086e-05
10392.000000 4.77328e-05
10393.000000 4.65972e-05
10394.000000 4.54677e-05
10395.000000 4.43437e-05
10396.000000 4.32258e-05
10397.000000 4.21136e-05
10398.000000 4.11751e-05
10399.000000 4.02414e-05
10400.000000 3.93124e-05
10401.000000 3.84211e-05
10402.000000 3.75333e-05
10403.000000 3.67832e-05
10404.000000 3.6036e-05
10405.000000 3.52917e-05
10406.000000 3.45503e-05
10407.000000 3.38118e-05
10408.000000 3.31844e-05
10409.000000 3.25593e-05
10410.000000 3.19368e-05
10411.000000 3.13155e-05
10412.000000 3.06968e-05
10413.000000 3.01679e-05
10414.000000 2.96411e-05
10415.000000 2.91164e-05
10416.000000 2.85938e-05
10417.000000 2.80733e-05
10418.000000 2.76258e-05
10419.000000 2.71799e-05
10420.000000 2.67359e-05
10421.000000 2.62939e-05
10422.000000 2.58537e-05
10423.000000 2.5473e-05
10424.000000 2.50936e-05
10425.000000 2.47158e-05
10426.000000 2.43395e-05
10427.000000 2.39647e-05
10428.000000 2.36384e-05
10429.000000 2.33136e-05
10430.000000 2.29898e-05
10431.000000 2.26656e-05
10432.000000 2.23427e-05
10433.000000 2.20596e-05
10434.000000 2.17778e-05
10435.000000 2.1497e-05
10436.000000 2.12174e-05
10437.000000 2.09388e-05
10438.000000 2.06931e-05
10439.000000 2.04483e-05
10440.000000 2.02044e-05
10441.000000 1.99645e-05
10442.000000 1.97254e-05
10443.000000 1.95133e-05
10444.000000 1.9302e-05
10445.000000 1.90913e-05
10446.000000 1.88816e-05
10447.000000 1.86725e-05
10448.000000 1.84858e-05
10449.000000 1.82997e-05
10450.000000 1.81142e-05
10451.000000 1.79272e-05
10452.000000 1.77408e-05
10453.000000 1.75729e-05
10454.000000 1.74056e-05
10455.000000 1.72389e-05
10456.000000 1.7073e-05
10457.000000 1.69076e-05
10458.000000 1.67575e-05
10459.000000 1.6608e-05
10460.000000 1.6459e-05
10461.000000 1.63123e-05
10462.000000 1.61661e-05
10463.000000 1.60327e-05
10464.000000 1.58996e-05
10465.000000 1.5767e-05
10466.000000 1.5635e-05
10467.000000 1.55033e-05
10468.000000 1.53822e-05
10469.000000 1.52615e-05
10470.000000 1.51413e-05
10471.000000 1.50213e-05
10472.000000 1.49018e-05
10473.000000 1.4791e-05
10474.000000 1.46805e-05
10475.000000 1.45705e-05
10476.000000 1.44608e-05
10477.000000 1.43515e-05
10478.000000 1.42496e-05
10479.000000 1.41479e-05
10480.000000 1.40467e-05
10481.000000 1.39443e-05
10482.000000 1.38423e-05
10483.000000 1.37463e-05
10484.000000 1.36508e-05
10485.000000 1.35555e-05
10486.000000 1.34605e-05
10487.000000 1.33659e-05
10488.000000 1.32764e-05
10489.000000 1.31872e-05
10490.000000 1.30983e-05
10491.000000 1.30116e-05
10492.000000 1.29253e-05
10493.000000 1.28433e-05
10494.000000 1.27614e-05
10495.000000 1.26798e-05
10496.000000 1.25985e-05
10497.000000 1.25173e-05
10498.000000 1.24397e-05
10499.000000 1.23624e-05
10500.000000 1.22853e-05
10501.000000 1.22077e-05
10502.000000 1.21304e-05
10503.000000 1.2056e-05
10504.000000 1.19818e-05
10505.000000 1.19078e-05
10506.000000 1.18341e-05
10507.000000 1.17606e-05
10508.000000 1.16896e-05
10509.000000 1.16187e-05
10510.000000 1.15481e-05
10511.000000 1.14782e-05
10512.000000 1.14085e-05
10513.000000 1.13409e-05
10514.000000 1.12734e-05
10515.000000 1.12062e-05
10516.000000 1.11391e-05
10517.000000 1.10722e-05
10518.000000 1.1007e-05
10519.000000 1.0942e-05
10520.000000 1.08772e-05
10521.000000 1.08122e-05
10522.000000 1.07475e-05
10523.000000 1.06841e-05
10524.000000 1.06209e-05
10525.000000 1.05579e-05
10526.000000 1.04951e-05
10527.000000 1.04324e-05
10528.000000 1.0371e-05
10529.000000 1.03097e-05
10530.000000 1.02485e-05
10531.000000 1.01867e-05
10532.000000 1.0125e-05
10533.000000 1.00644e-05
10534.000000 1.00039e-05
10535.000000 9.94354e-06
10536.000000 9.88342e-06
10537.000000 9.82342e-06
10538.000000 9.76431e-06
10539.000000 9.70526e-06
10540.000000 9.64646e-06
10541.000000 9.5875e-06
10542.000000 9.52869e-06
10543.000000 9.47057e-06
10544.000000 9.41256e-06
10545.000000 9.35482e-06
10546.000000 9.29719e-06
10547.000000 9.23975e-06
10548.000000 9.1828e-06
10549.000000 9.12607e-06
10550.000000 9.06952e-06
10551.000000 9.01445e-06
10552.000000 8.95949e-06
10553.000000 8.905e-06
10554.000000 8.85064e-06
10555.000000 8.79644e-06
10556.000000 8.74235e-06
10557.000000 8.68853e-06
10558.000000 8.63493e-06
10559.000000 8.5815e-06
10560.000000 8.5282e-06
10561.000000 8.47521e-06
10562.000000 8.42235e-06
10563.000000 8.36967e-06
10564.000000 8.31719e-06
10565.000000 8.26488e-06
10566.000000 8.2127e-06
10567.000000 8.16072e-06
10568.000000 8.10887e-06
10569.000000 8.05718e-06
10570.000000 8.00563e-06
10571.000000 7.95322e-06
10572.000000 7.90103e-06
10573.000000 7.84893e-06
10574.000000 7.79695e-06
10575.000000 7.74521e-06
10576.000000 7.69362e-06
10577.000000 7.64221e-06
10578.000000 7.59092e-06
10579.000000 7.53976e-06
10580.000000 7.4888e-06
