6506.000000 8.58545e-05
6507.000000 9.95966e-05
6508.000000 0.000113341
6509.000000 0.000127088
6510.000000 0.000140838
6511.000000 0.00015458
6512.000000 0.000168323
6513.000000 0.000182066
6514.000000 0.00019581
6515.000000 0.000209555
6516.000000 0.0002233
6517.000000 0.000237046
6518.000000 0.000250793
6519.000000 0.000264541
6520.000000 0.000278289
6521.000000 0.000292019
6522.000000 0.000305747
6523.000000 0.000319474
6524.000000 0.0003332
6525.000000 0.000346925
6526.000000 0.000360649
6527.000000 0.000374371
6528.000000 0.000388093
6529.000000 0.000401813
6530.000000 0.000415533
6531.000000 0.000429273
6532.000000 0.000443013
6533.000000 0.000456753
6534.000000 0.000470494
6535.000000 0.000484235
6536.000000 0.000497976
6537.000000 0.000511718
6538.000000 0.00052546
6539.000000 0.000539203
6540.000000 0.000552944
6541.000000 0.000566784
6542.000000 0.000580628
6543.000000 0.000594477
6544.000000 0.00060833
6545.000000 0.00062219
6546.000000 0.000636053
6547.000000 0.000649922
6548.000000 0.000663796
6549.000000 0.000677675
6550.000000 0.000691557
6551.000000 0.000705306
6552.000000 0.000719051
6553.000000 0.000732797
6554.000000 0.000746542
6555.000000 0.000760287
6556.000000 0.00077403
6557.000000 0.000787775
6558.000000 0.000801516
6559.000000 0.00081526
6560.000000 0.000829001
6561.000000 0.000842847
6562.000000 0.000856693
6563.000000 0.000870544
6564.000000 0.000884397
6565.000000 0.000898253
6566.000000 0.000912113
6567.000000 0.000925973
6568.000000 0.000939837
6569.000000 0.000953704
6570.000000 0.000967575
6571.000000 0.000981333
6572.000000 0.000995086
6573.000000 0.00100884
6574.000000 0.0010226
6575.000000 0.00103636
6576.000000 0.00105011
6577.000000 0.00106387
6578.000000 0.00107762
6579.000000 0.00109137
6580.000000 0.00110512
6581.000000 0.00111895
6582.000000 0.00113278
6583.000000 0.00114661
6584.000000 0.00116044
6585.000000 0.00117427
6586.000000 0.0011881
6587.000000 0.00120194
6588.000000 0.00121577
6589.000000 0.00122961
6590.000000 0.00124345
6591.000000 0.00125726
6592.000000 0.00127107
6593.000000 0.00128489
6594.000000 0.0012987
6595.000000 0.00131252
6596.000000 0.00132634
6597.000000 0.00134015
6598.000000 0.00135397
6599.000000 0.00136778
6600.000000 0.0013816
6601.000000 0.00139549
6602.000000 0.00140938
6603.000000 0.00142327
6604.000000 0.00143716
6605.000000 0.00145106
6606.000000 0.00146496
6607.000000 0.00147886
6608.000000 0.00149276
6609.000000 0.00150667
6610.000000 0.00152057
6611.000000 0.00153435
6612.000000 0.00154814
6613.000000 0.00156192
6614.000000 0.00157571
6615.000000 0.00158949
6616.000000 0.00160328
6617.000000 0.00161706
6618.000000 0.00163084
6619.000000 0.00164463
6620.000000 0.00165841
6621.000000 0.00167222
6622.000000 0.00168604
6623.000000 0.00169985
6624.000000 0.00171367
6625.000000 0.00172749
6626.000000 0.0017413
6627.000000 0.00175512
6628.000000 0.00176894
6629.000000 0.00178276
6630.000000 0.00179657
6631.000000 0.00181044
6632.000000 0.0018243
6633.000000 0.00183817
6634.000000 0.00185203
6635.000000 0.0018659
6636.000000 0.00187977
6637.000000 0.00189364
6638.000000 0.00190751
6639.000000 0.00192138
6640.000000 0.00193526
6641.000000 0.0019491
6642.000000 0.00196294
6643.000000 0.00197679
6644.000000 0.00199063
6645.000000 0.00200448
6646.000000 0.00201833
6647.000000 0.00203218
6648.000000 0.00204603
6649.000000 0.00205988
6650.000000 0.00207373
6651.000000 0.00208747
6652.000000 0.00210122
6653.000000 0.00211496
6654.000000 0.0021287
6655.000000 0.00214244
6656.000000 0.00215618
6657.000000 0.00216992
6658.000000 0.00218366
6659.000000 0.0021974
6660.000000 0.00221114
6661.000000 0.00222517
6662.000000 0.00223921
6663.000000 0.00225324
6664.000000 0.00226729
6665.000000 0.00228133
6666.000000 0.00229538
6667.000000 0.00230943
6668.000000 0.00232348
6669.000000 0.00233753
6670.000000 0.0023516
6671.000000 0.00236527
6672.000000 0.00237895
6673.000000 0.00239262
6674.000000 0.00240629
6675.000000 0.00241997
6676.000000 0.00243364
6677.000000 0.0024473
6678.000000 0.00246097
6679.000000 0.00247463
6680.000000 0.0024883
6681.000000 0.00250233
6682.000000 0.00251636
6683.000000 0.0025304
6684.000000 0.00254444
6685.000000 0.00255848
6686.000000 0.00257252
6687.000000 0.00258656
6688.000000 0.00260061
6689.000000 0.00261466
6690.000000 0.00262871
6691.000000 0.00264259
6692.000000 0.00265648
6693.000000 0.00267036
6694.000000 0.00268424
6695.000000 0.00269813
6696.000000 0.00271202
6697.000000 0.00272591
6698.000000 0.0027398
6699.000000 0.00275368
6700.000000 0.00276757
6701.000000 0.0027813
6702.000000 0.00279502
6703.000000 0.00280875
6704.000000 0.00282247
6705.000000 0.00283619
6706.000000 0.00284992
6707.000000 0.00286364
6708.000000 0.00287737
6709.000000 0.00289108
6710.000000 0.0029048
6711.000000 0.00291896
6712.000000 0.00293311
6713.000000 0.00294728
6714.000000 0.00296144
6715.000000 0.00297561
6716.000000 0.00298978
6717.000000 0.00300395
6718.000000 0.00301813
6719.000000 0.00303231
6720.000000 0.0030465
6721.000000 0.00306042
6722.000000 0.00307434
6723.000000 0.00308826
6724.000000 0.00310217
6725.000000 0.00311609
6726.000000 0.00313002
6727.000000 0.00314394
6728.000000 0.00315786
6729.000000 0.00317179
6730.000000 0.00318572
6731.000000 0.00319938
6732.000000 0.00321305
6733.000000 0.00322672
6734.000000 0.00324038
6735.000000 0.00325404
6736.000000 0.0032677
6737.000000 0.00328136
6738.000000 0.00329502
6739.000000 0.00330867
6740.000000 0.00332233
6741.000000 0.00333615
6742.000000 0.00334997
6743.000000 0.00336378
6744.000000 0.00337762
6745.000000 0.00339144
6746.000000 0.00340526
6747.000000 0.00341908
6748.000000 0.00343291
6749.000000 0.00344672
6750.000000 0.00346055
6751.000000 0.00347471
6752.000000 0.00348886
6753.000000 0.00350302
6754.000000 0.00351719
6755.000000 0.00353135
6756.000000 0.00354552
6757.000000 0.00355969
6758.000000 0.00357386
6759.000000 0.00358804
6760.000000 0.00360222
6761.000000 0.00361564
6762.000000 0.00362904
6763.000000 0.00364245
6764.000000 0.00365586
6765.000000 0.00366926
6766.000000 0.00368266
6767.000000 0.00369605
6768.000000 0.00370944
6769.000000 0.00372283
6770.000000 0.00373622
6771.000000 0.00375018
6772.000000 0.00376416
6773.000000 0.00377813
6774.000000 0.00379209
6775.000000 0.00380608
6776.000000 0.00382004
6777.000000 0.00383403
6778.000000 0.00384799
6779.000000 0.00386197
6780.000000 0.00387595
6781.000000 0.00388988
6782.000000 0.00390381
6783.000000 0.00391774
6784.000000 0.00393167
6785.000000 0.00394561
6786.000000 0.00395953
6787.000000 0.00397347
6788.000000 0.0039874
6789.000000 0.00400133
6790.000000 0.00401526
6791.000000 0.00402899
6792.000000 0.00404271
6793.000000 0.00405642
6794.000000 0.00407014
6795.000000 0.00408386
6796.000000 0.00409757
6797.000000 0.00411128
6798.000000 0.004125
6799.000000 0.00413872
6800.000000 0.00415243
6801.000000 0.00428455
6802.000000 0.00441667
6803.000000 0.00454877
6804.000000 0.00468087
6805.000000 0.00481295
6806.000000 0.00494503
6807.000000 0.0050771
6808.000000 0.00520916
6809.000000 0.00534121
6810.000000 0.00547325
6811.000000 0.00564724
6812.000000 0.0058212
6813.000000 0.00599514
6814.000000 0.00616906
6815.000000 0.00634296
6816.000000 0.00651683
6817.000000 0.00669068
6818.000000 0.00686449
6819.000000 0.0070383
6820.000000 0.00721209
6821.000000 0.0074639
6822.000000 0.00771574
6823.000000 0.00796759
6824.000000 0.00821945
6825.000000 0.0084713
6826.000000 0.00872318
6827.000000 0.00897504
6828.000000 0.00922694
6829.000000 0.00947884
6830.000000 0.00973074
6831.000000 0.010026
6832.000000 0.0103212
6833.000000 0.0106165
6834.000000 0.0109118
6835.000000 0.011207
6836.000000 0.0115022
6837.000000 0.0117975
6838.000000 0.0120927
6839.000000 0.0123879
6840.000000 0.0126832
6841.000000 0.0130644
6842.000000 0.0134455
6843.000000 0.0138265
6844.000000 0.0142075
6845.000000 0.0145884
6846.000000 0.0149692
6847.000000 0.0153499
6848.000000 0.0157306
6849.000000 0.0161112
6850.000000 0.0164917
6851.000000 0.0169702
6852.000000 0.0174487
6853.000000 0.0179271
6854.000000 0.0184056
6855.000000 0.018884
6856.000000 0.0193623
6857.000000 0.0198408
6858.000000 0.0203191
6859.000000 0.0207975
6860.000000 0.0212758
6861.000000 0.0218522
6862.000000 0.0224287
6863.000000 0.0230052
6864.000000 0.0235818
6865.000000 0.0241584
6866.000000 0.024735
6867.000000 0.0253117
6868.000000 0.0258885
6869.000000 0.0264653
6870.000000 0.0270422
6871.000000 0.0278347
6872.000000 0.0286271
6873.000000 0.0294195
6874.000000 0.030212
6875.000000 0.0310043
6876.000000 0.0317966
6877.000000 0.0325888
6878.000000 0.033381
6879.000000 0.0341731
6880.000000 0.0349652
6881.000000 0.0359323
6882.000000 0.0368994
6883.000000 0.0378665
6884.000000 0.0388335
6885.000000 0.0398006
6886.000000 0.0407677
6887.000000 0.0417347
6888.000000 0.0427017
6889.000000 0.0436687
6890.000000 0.0446358
6891.000000 0.0455373
6892.000000 0.0464387
6893.000000 0.0473401
6894.000000 0.0482412
6895.000000 0.0491423
6896.000000 0.0500433
6897.000000 0.0509442
6898.000000 0.0518449
6899.000000 0.0527456
6900.000000 0.0536461
6901.000000 0.0549491
6902.000000 0.0562518
6903.000000 0.0575545
6904.000000 0.058857
6905.000000 0.0601595
6906.000000 0.0614618
6907.000000 0.0627642
6908.000000 0.0640664
6909.000000 0.0653685
6910.000000 0.0666705
6911.000000 0.067741
6912.000000 0.0688114
6913.000000 0.0698823
6914.000000 0.0709533
6915.000000 0.0720244
6916.000000 0.0730959
6917.000000 0.0741676
6918.000000 0.0752396
6919.000000 0.0763115
6920.000000 0.0773838
6921.000000 0.0788306
6922.000000 0.0802772
6923.000000 0.0817236
6924.000000 0.0831698
6925.000000 0.0846158
6926.000000 0.0860617
6927.000000 0.0875074
6928.000000 0.0889527
6929.000000 0.0903982
6930.000000 0.0918432
6931.000000 0.0934296
6932.000000 0.0950158
6933.000000 0.0966015
6934.000000 0.0981869
6935.000000 0.099772
6936.000000 0.101357
6937.000000 0.102941
6938.000000 0.104525
6939.000000 0.106109
6940.000000 0.107693
6941.000000 0.109289
6942.000000 0.110885
6943.000000 0.112481
6944.000000 0.114078
6945.000000 0.115674
6946.000000 0.117271
6947.000000 0.118867
6948.000000 0.120464
6949.000000 0.12206
6950.000000 0.123657
6951.000000 0.125523
6952.000000 0.127387
6953.000000 0.129252
6954.000000 0.131116
6955.000000 0.132979
6956.000000 0.134841
6957.000000 0.136704
6958.000000 0.138565
6959.000000 0.140426
6960.000000 0.142286
6961.000000 0.144391
6962.000000 0.146494
6963.000000 0.148598
6964.000000 0.150701
6965.000000 0.152803
6966.000000 0.154904
6967.000000 0.157005
6968.000000 0.159106
6969.000000 0.161206
6970.000000 0.163305
6971.000000 0.164791
6972.000000 0.166277
6973.000000 0.167763
6974.000000 0.169248
6975.000000 0.170734
6976.000000 0.172219
6977.000000 0.173704
6978.000000 0.175189
6979.000000 0.176673
6980.000000 0.178158
6981.000000 0.17995
6982.000000 0.181742
6983.000000 0.183535
6984.000000 0.185327
6985.000000 0.18712
6986.000000 0.188913
6987.000000 0.190705
6988.000000 0.192499
6989.000000 0.194292
6990.000000 0.196085
6991.000000 0.198104
6992.000000 0.200123
6993.000000 0.20214
6994.000000 0.204159
6995.000000 0.206177
6996.000000 0.208194
6997.000000 0.210212
6998.000000 0.21223
6999.000000 0.214247
7000.000000 0.216264
7001.000000 0.218353
7002.000000 0.22044
7003.000000 0.222528
7004.000000 0.224615
7005.000000 0.2267
7006.000000 0.228786
7007.000000 0.23087
7008.000000 0.232954
7009.000000 0.235038
7010.000000 0.23712
7011.000000 0.238733
7012.000000 0.240346
7013.000000 0.241958
7014.000000 0.243569
7015.000000 0.24518
7016.000000 0.246791
7017.000000 0.248401
7018.000000 0.250011
7019.000000 0.251621
7020.000000 0.25323
7021.000000 0.254707
7022.000000 0.256183
7023.000000 0.257659
7024.000000 0.259135
7025.000000 0.260611
7026.000000 0.262087
7027.000000 0.263561
7028.000000 0.265037
7029.000000 0.266512
7030.000000 0.267986
7031.000000 0.269748
7032.000000 0.27151
7033.000000 0.273272
7034.000000 0.275033
7035.000000 0.276794
7036.000000 0.278555
7037.000000 0.280315
7038.000000 0.282075
7039.000000 0.283835
7040.000000 0.285594
7041.000000 0.286711
7042.000000 0.287827
7043.000000 0.288943
7044.000000 0.290058
7045.000000 0.291173
7046.000000 0.292288
7047.000000 0.293402
7048.000000 0.294516
7049.000000 0.29563
7050.000000 0.296743
7051.000000 0.298009
7052.000000 0.299274
7053.000000 0.300539
7054.000000 0.301804
7055.000000 0.303068
7056.000000 0.304332
7057.000000 0.305597
7058.000000 0.30686
7059.000000 0.308123
7060.000000 0.309386
7061.000000 0.310815
7062.000000 0.312243
7063.000000 0.313671
7064.000000 0.315098
7065.000000 0.316525
7066.000000 0.31795
7067.000000 0.319376
7068.000000 0.320801
7069.000000 0.322225
7070.000000 0.323648
7071.000000 0.324632
7072.000000 0.325615
7073.000000 0.326599
7074.000000 0.327581
7075.000000 0.328564
7076.000000 0.329547
7077.000000 0.330529
7078.000000 0.331512
7079.000000 0.332493
7080.000000 0.333476
7081.000000 0.334695
7082.000000 0.335915
7083.000000 0.337135
7084.000000 0.338354
7085.000000 0.339573
7086.000000 0.340792
7087.000000 0.342011
7088.000000 0.343228
7089.000000 0.344447
7090.000000 0.345665
7091.000000 0.346268
7092.000000 0.34687
7093.000000 0.347473
7094.000000 0.348075
7095.000000 0.348677
7096.000000 0.349278
7097.000000 0.349879
7098.000000 0.35048
7099.000000 0.35108
7100.000000 0.35168
7101.000000 0.352724
7102.000000 0.353767
7103.000000 0.35481
7104.000000 0.355852
7105.000000 0.356894
7106.000000 0.357936
7107.000000 0.358976
7108.000000 0.360017
7109.000000 0.361058
7110.000000 0.362097
7111.000000 0.363353
7112.000000 0.36461
7113.000000 0.365865
7114.000000 0.367121
7115.000000 0.368376
7116.000000 0.369631
7117.000000 0.370887
7118.000000 0.372141
7119.000000 0.373395
7120.000000 0.374649
7121.000000 0.374445
7122.000000 0.37424
7123.000000 0.374035
7124.000000 0.373832
7125.000000 0.373627
7126.000000 0.373422
7127.000000 0.373217
7128.000000 0.373013
7129.000000 0.372808
7130.000000 0.372603
7131.000000 0.373652
7132.000000 0.374702
7133.000000 0.37575
7134.000000 0.376799
7135.000000 0.377847
7136.000000 0.378894
7137.000000 0.379942
7138.000000 0.380989
7139.000000 0.382036
7140.000000 0.383082
7141.000000 0.38365
7142.000000 0.384218
7143.000000 0.384785
7144.000000 0.385354
7145.000000 0.38592
7146.000000 0.386487
7147.000000 0.387053
7148.000000 0.38762
7149.000000 0.388187
7150.000000 0.388752
7151.000000 0.389632
7152.000000 0.390511
7153.000000 0.391389
7154.000000 0.392267
7155.000000 0.393145
7156.000000 0.394021
7157.000000 0.394899
7158.000000 0.395775
7159.000000 0.39665
7160.000000 0.397527
7161.000000 0.397372
7162.000000 0.397218
7163.000000 0.397063
7164.000000 0.396909
7165.000000 0.396754
7166.000000 0.3966
7167.000000 0.396445
7168.000000 0.396289
7169.000000 0.396135
7170.000000 0.39598
7171.000000 0.39641
7172.000000 0.396837
7173.000000 0.397265
7174.000000 0.397694
7175.000000 0.398121
7176.000000 0.398549
7177.000000 0.398977
7178.000000 0.399404
7179.000000 0.399831
7180.000000 0.400258
7181.000000 0.400597
7182.000000 0.400935
7183.000000 0.401273
7184.000000 0.401611
7185.000000 0.401949
7186.000000 0.402288
7187.000000 0.402626
7188.000000 0.402964
7189.000000 0.403302
7190.000000 0.40364
7191.000000 0.404158
7192.000000 0.404675
7193.000000 0.405192
7194.000000 0.40571
7195.000000 0.406227
7196.000000 0.406745
7197.000000 0.407261
7198.000000 0.407779
7199.000000 0.408295
7200.000000 0.408812
7201.000000 0.40946
7202.000000 0.410107
7203.000000 0.410755
7204.000000 0.411401
7205.000000 0.412048
7206.000000 0.412695
7207.000000 0.413341
7208.000000 0.413988
7209.000000 0.414634
7210.000000 0.415279
7211.000000 0.415379
7212.000000 0.415478
7213.000000 0.415577
7214.000000 0.415675
7215.000000 0.415774
7216.000000 0.415872
7217.000000 0.41597
7218.000000 0.416068
7219.000000 0.416167
7220.000000 0.416265
7221.000000 0.416645
7222.000000 0.417024
7223.000000 0.417403
7224.000000 0.417782
7225.000000 0.41816
7226.000000 0.418539
7227.000000 0.418917
7228.000000 0.419295
7229.000000 0.419673
7230.000000 0.420051
7231.000000 0.419898
7232.000000 0.419747
7233.000000 0.419596
7234.000000 0.419443
7235.000000 0.419291
7236.000000 0.419141
7237.000000 0.418989
7238.000000 0.418837
7239.000000 0.418686
7240.000000 0.418535
7241.000000 0.418942
7242.000000 0.41935
7243.000000 0.419758
7244.000000 0.420165
7245.000000 0.420572
7246.000000 0.42098
7247.000000 0.421388
7248.000000 0.421795
7249.000000 0.422202
7250.000000 0.422609
7251.000000 0.422145
7252.000000 0.421681
7253.000000 0.421218
7254.000000 0.420756
7255.000000 0.420292
7256.000000 0.41983
7257.000000 0.419367
7258.000000 0.418905
7259.000000 0.418443
7260.000000 0.417981
7261.000000 0.418436
7262.000000 0.418891
7263.000000 0.419346
7264.000000 0.419801
7265.000000 0.420255
7266.000000 0.420711
7267.000000 0.421164
7268.000000 0.421619
7269.000000 0.422074
7270.000000 0.422527
7271.000000 0.422491
7272.000000 0.422455
7273.000000 0.42242
7274.000000 0.422384
7275.000000 0.422348
7276.000000 0.422312
7277.000000 0.422276
7278.000000 0.42224
7279.000000 0.422205
7280.000000 0.422169
7281.000000 0.421478
7282.000000 0.420785
7283.000000 0.420095
7284.000000 0.419404
7285.000000 0.418713
7286.000000 0.418024
7287.000000 0.417333
7288.000000 0.416644
7289.000000 0.415954
7290.000000 0.415265
7291.000000 0.415508
7292.000000 0.415751
7293.000000 0.415994
7294.000000 0.416237
7295.000000 0.416479
7296.000000 0.416721
7297.000000 0.416963
7298.000000 0.417205
7299.000000 0.417447
7300.000000 0.41769
7301.000000 0.418315
7302.000000 0.418939
7303.000000 0.419563
7304.000000 0.420188
7305.000000 0.420812
7306.000000 0.421435
7307.000000 0.422059
7308.000000 0.422682
7309.000000 0.423305
7310.000000 0.423928
7311.000000 0.424277
7312.000000 0.424626
7313.000000 0.424974
7314.000000 0.425322
7315.000000 0.425671
7316.000000 0.426019
7317.000000 0.426367
7318.000000 0.426716
7319.000000 0.427063
7320.000000 0.42741
7321.000000 0.427133
7322.000000 0.426854
7323.000000 0.426576
7324.000000 0.426298
7325.000000 0.42602
7326.000000 0.425742
7327.000000 0.425464
7328.000000 0.425185
7329.000000 0.424908
7330.000000 0.42463
7331.000000 0.424046
7332.000000 0.423463
7333.000000 0.422879
7334.000000 0.422295
7335.000000 0.421713
7336.000000 0.42113
7337.000000 0.420548
7338.000000 0.419965
7339.000000 0.419383
7340.000000 0.418801
7341.000000 0.419451
7342.000000 0.420103
7343.000000 0.420752
7344.000000 0.421403
7345.000000 0.422052
7346.000000 0.422702
7347.000000 0.423351
7348.000000 0.424
7349.000000 0.424648
7350.000000 0.425297
7351.000000 0.42528
7352.000000 0.425263
7353.000000 0.425246
7354.000000 0.42523
7355.000000 0.425212
7356.000000 0.425196
7357.000000 0.425179
7358.000000 0.425162
7359.000000 0.425145
7360.000000 0.425127
7361.000000 0.424792
7362.000000 0.424455
7363.000000 0.42412
7364.000000 0.423785
7365.000000 0.423448
7366.000000 0.423114
7367.000000 0.422778
7368.000000 0.422443
7369.000000 0.422107
7370.000000 0.421772
7371.000000 0.422411
7372.000000 0.423051
7373.000000 0.423691
7374.000000 0.424329
7375.000000 0.424968
7376.000000 0.425607
7377.000000 0.426245
7378.000000 0.426884
7379.000000 0.427522
7380.000000 0.42816
7381.000000 0.427633
7382.000000 0.427105
7383.000000 0.426577
7384.000000 0.42605
7385.000000 0.425524
7386.000000 0.424997
7387.000000 0.424471
7388.000000 0.423944
7389.000000 0.423418
7390.000000 0.422893
7391.000000 0.422975
7392.000000 0.423056
7393.000000 0.423138
7394.000000 0.423219
7395.000000 0.423301
7396.000000 0.423383
7397.000000 0.423464
7398.000000 0.423546
7399.000000 0.423626
7400.000000 0.423708
7401.000000 0.423817
7402.000000 0.423925
7403.000000 0.424034
7404.000000 0.424142
7405.000000 0.42425
7406.000000 0.424358
7407.000000 0.424466
7408.000000 0.424573
7409.000000 0.424681
7410.000000 0.424788
7411.000000 0.424249
7412.000000 0.42371
7413.000000 0.423171
7414.000000 0.422632
7415.000000 0.422093
7416.000000 0.421555
7417.000000 0.421016
7418.000000 0.420477
7419.000000 0.419939
7420.000000 0.419401
7421.000000 0.4191
7422.000000 0.418799
7423.000000 0.418499
7424.000000 0.418198
7425.000000 0.417897
7426.000000 0.417598
7427.000000 0.417297
7428.000000 0.416997
7429.000000 0.416698
7430.000000 0.416398
7431.000000 0.416438
7432.000000 0.416477
7433.000000 0.416517
7434.000000 0.416555
7435.000000 0.416595
7436.000000 0.416634
7437.000000 0.416673
7438.000000 0.416712
7439.000000 0.416751
7440.000000 0.416791
7441.000000 0.416286
7442.000000 0.415782
7443.000000 0.415277
7444.000000 0.414773
7445.000000 0.41427
7446.000000 0.413767
7447.000000 0.413263
7448.000000 0.41276
7449.000000 0.412257
7450.000000 0.411755
7451.000000 0.411841
7452.000000 0.411925
7453.000000 0.41201
7454.000000 0.412095
7455.000000 0.412181
7456.000000 0.412266
7457.000000 0.412352
7458.000000 0.412436
7459.000000 0.412521
7460.000000 0.412605
7461.000000 0.41243
7462.000000 0.412255
7463.000000 0.41208
7464.000000 0.411905
7465.000000 0.411729
7466.000000 0.411555
7467.000000 0.411379
7468.000000 0.411205
7469.000000 0.411029
7470.000000 0.410855
7471.000000 0.410853
7472.000000 0.41085
7473.000000 0.410849
7474.000000 0.410846
7475.000000 0.410844
7476.000000 0.410841
7477.000000 0.410839
7478.000000 0.410836
7479.000000 0.410835
7480.000000 0.410832
7481.000000 0.410848
7482.000000 0.410867
7483.000000 0.410883
7484.000000 0.4109
7485.000000 0.410918
7486.000000 0.410935
7487.000000 0.410952
7488.000000 0.410969
7489.000000 0.410985
7490.000000 0.411003
7491.000000 0.411129
7492.000000 0.411255
7493.000000 0.411381
7494.000000 0.411507
7495.000000 0.411633
7496.000000 0.411758
7497.000000 0.411884
7498.000000 0.41201
7499.000000 0.412136
7500.000000 0.412261
7501.000000 0.412141
7502.000000 0.41202
7503.000000 0.411901
7504.000000 0.411781
7505.000000 0.411661
7506.000000 0.411542
7507.000000 0.411422
7508.000000 0.411302
7509.000000 0.411182
7510.000000 0.411062
7511.000000 0.411258
7512.000000 0.411455
7513.000000 0.411651
7514.000000 0.411847
7515.000000 0.412042
7516.000000 0.412238
7517.000000 0.412434
7518.000000 0.412629
7519.000000 0.412824
7520.000000 0.413019
7521.000000 0.413488
7522.000000 0.413957
7523.000000 0.414423
7524.000000 0.414892
7525.000000 0.415361
7526.000000 0.415829
7527.000000 0.416296
7528.000000 0.416764
7529.000000 0.417232
7530.000000 0.417699
7531.000000 0.417513
7532.000000 0.417327
7533.000000 0.417141
7534.000000 0.416955
7535.000000 0.416768
7536.000000 0.416583
7537.000000 0.416395
7538.000000 0.41621
7539.000000 0.416025
7540.000000 0.415839
7541.000000 0.41594
7542.000000 0.416041
7543.000000 0.416142
7544.000000 0.416243
7545.000000 0.416343
7546.000000 0.416446
7547.000000 0.416546
7548.000000 0.416647
7549.000000 0.416749
7550.000000 0.416849
7551.000000 0.416545
7552.000000 0.416241
7553.000000 0.415937
7554.000000 0.415634
7555.000000 0.415331
7556.000000 0.415027
7557.000000 0.414723
7558.000000 0.41442
7559.000000 0.414117
7560.000000 0.413814
7561.000000 0.413785
7562.000000 0.413757
7563.000000 0.413729
7564.000000 0.4137
7565.000000 0.413673
7566.000000 0.413645
7567.000000 0.413615
7568.000000 0.413587
7569.000000 0.413559
7570.000000 0.41353
7571.000000 0.413502
7572.000000 0.413475
7573.000000 0.413447
7574.000000 0.413419
7575.000000 0.413393
7576.000000 0.413364
7577.000000 0.413336
7578.000000 0.41331
7579.000000 0.413281
7580.000000 0.413253
7581.000000 0.412954
7582.000000 0.412654
7583.000000 0.412354
7584.000000 0.412056
7585.000000 0.411756
7586.000000 0.411456
7587.000000 0.411159
7588.000000 0.410859
7589.000000 0.410559
7590.000000 0.410261
7591.000000 0.409974
7592.000000 0.409688
7593.000000 0.409401
7594.000000 0.409114
7595.000000 0.408829
7596.000000 0.408542
7597.000000 0.408255
7598.000000 0.40797
7599.000000 0.407684
7600.000000 0.407397
7601.000000 0.40734
7602.000000 0.407282
7603.000000 0.407224
7604.000000 0.407167
7605.000000 0.407108
7606.000000 0.407051
7607.000000 0.406993
7608.000000 0.406935
7609.000000 0.406877
7610.000000 0.406819
7611.000000 0.406953
7612.000000 0.407086
7613.000000 0.407221
7614.000000 0.407354
7615.000000 0.407488
7616.000000 0.407621
7617.000000 0.407754
7618.000000 0.407887
7619.000000 0.40802
7620.000000 0.408152
7621.000000 0.408144
7622.000000 0.408135
7623.000000 0.408127
7624.000000 0.408119
7625.000000 0.40811
7626.000000 0.408102
7627.000000 0.408093
7628.000000 0.408084
7629.000000 0.408076
7630.000000 0.408066
7631.000000 0.407767
7632.000000 0.407467
7633.000000 0.407168
7634.000000 0.406869
7635.000000 0.406569
7636.000000 0.40627
7637.000000 0.40597
7638.000000 0.405671
7639.000000 0.405371
7640.000000 0.405073
7641.000000 0.404754
7642.000000 0.404435
7643.000000 0.404116
7644.000000 0.403796
7645.000000 0.403478
7646.000000 0.403159
7647.000000 0.402841
7648.000000 0.402523
7649.000000 0.402204
7650.000000 0.401887
7651.000000 0.401955
7652.000000 0.402025
7653.000000 0.402094
7654.000000 0.402162
7655.000000 0.402231
7656.000000 0.402299
7657.000000 0.402368
7658.000000 0.402437
7659.000000 0.402505
7660.000000 0.402574
7661.000000 0.402845
7662.000000 0.403115
7663.000000 0.403384
7664.000000 0.403654
7665.000000 0.403924
7666.000000 0.404194
7667.000000 0.404463
7668.000000 0.404732
7669.000000 0.405001
7670.000000 0.40527
7671.000000 0.40471
7672.000000 0.40415
7673.000000 0.40359
7674.000000 0.40303
7675.000000 0.402471
7676.000000 0.401912
7677.000000 0.401354
7678.000000 0.400796
7679.000000 0.400237
7680.000000 0.39968
7681.000000 0.399207
7682.000000 0.398737
7683.000000 0.398266
7684.000000 0.397796
7685.000000 0.397324
7686.000000 0.396855
7687.000000 0.396384
7688.000000 0.395915
7689.000000 0.395445
7690.000000 0.394976
7691.000000 0.394608
7692.000000 0.394239
7693.000000 0.393872
7694.000000 0.393504
7695.000000 0.393136
7696.000000 0.392768
7697.000000 0.392401
7698.000000 0.392033
7699.000000 0.391666
7700.000000 0.3913
7701.000000 0.390896
7702.000000 0.390493
7703.000000 0.390088
7704.000000 0.389686
7705.000000 0.389282
7706.000000 0.388879
7707.000000 0.388476
7708.000000 0.388073
7709.000000 0.387671
7710.000000 0.387268
7711.000000 0.386837
7712.000000 0.386406
7713.000000 0.385976
7714.000000 0.385544
7715.000000 0.385115
7716.000000 0.384684
7717.000000 0.384255
7718.000000 0.383824
7719.000000 0.383395
7720.000000 0.382966
7721.000000 0.382712
7722.000000 0.382458
7723.000000 0.382204
7724.000000 0.381951
7725.000000 0.381696
7726.000000 0.381443
7727.000000 0.38119
7728.000000 0.380937
7729.000000 0.380683
7730.000000 0.38043
7731.000000 0.37993
7732.000000 0.379431
7733.000000 0.378931
7734.000000 0.378432
7735.000000 0.377934
7736.000000 0.377435
7737.000000 0.376937
7738.000000 0.376439
7739.000000 0.375941
7740.000000 0.375444
7741.000000 0.375379
7742.000000 0.375314
7743.000000 0.375251
7744.000000 0.375186
7745.000000 0.375121
7746.000000 0.375057
7747.000000 0.374992
7748.000000 0.374928
7749.000000 0.374864
7750.000000 0.374799
7751.000000 0.374857
7752.000000 0.374917
7753.000000 0.374975
7754.000000 0.375034
7755.000000 0.375092
7756.000000 0.375152
7757.000000 0.37521
7758.000000 0.375267
7759.000000 0.375326
7760.000000 0.375384
7761.000000 0.375116
7762.000000 0.374849
7763.000000 0.374581
7764.000000 0.374314
7765.000000 0.374046
7766.000000 0.373779
7767.000000 0.373512
7768.000000 0.373246
7769.000000 0.372979
7770.000000 0.372712
7771.000000 0.372854
7772.000000 0.372995
7773.000000 0.373136
7774.000000 0.373277
7775.000000 0.373418
7776.000000 0.373559
7777.000000 0.373699
7778.000000 0.37384
7779.000000 0.373981
7780.000000 0.374121
7781.000000 0.374416
7782.000000 0.374712
7783.000000 0.375007
7784.000000 0.375301
7785.000000 0.375595
7786.000000 0.375889
7787.000000 0.376184
7788.000000 0.376478
7789.000000 0.376772
7790.000000 0.377065
7791.000000 0.377126
7792.000000 0.377187
7793.000000 0.377248
7794.000000 0.377309
7795.000000 0.37737
7796.000000 0.37743
7797.000000 0.377491
7798.000000 0.377552
7799.000000 0.377613
7800.000000 0.377672
7801.000000 0.377897
7802.000000 0.378122
7803.000000 0.378347
7804.000000 0.378571
7805.000000 0.378796
7806.000000 0.379019
7807.000000 0.379243
7808.000000 0.379467
7809.000000 0.379691
7810.000000 0.379913
7811.000000 0.379863
7812.000000 0.379812
7813.000000 0.379761
7814.000000 0.379711
7815.000000 0.37966
7816.000000 0.37961
7817.000000 0.379558
7818.000000 0.379508
7819.000000 0.379457
7820.000000 0.379405
7821.000000 0.379592
7822.000000 0.379779
7823.000000 0.379965
7824.000000 0.380151
7825.000000 0.380339
7826.000000 0.380523
7827.000000 0.380709
7828.000000 0.380894
7829.000000 0.38108
7830.000000 0.381264
7831.000000 0.381085
7832.000000 0.380905
7833.000000 0.380724
7834.000000 0.380544
7835.000000 0.380363
7836.000000 0.380183
7837.000000 0.380003
7838.000000 0.379823
7839.000000 0.379643
7840.000000 0.379463
7841.000000 0.379747
7842.000000 0.38003
7843.000000 0.380314
7844.000000 0.380597
7845.000000 0.38088
7846.000000 0.381163
7847.000000 0.381445
7848.000000 0.381728
7849.000000 0.38201
7850.000000 0.382291
7851.000000 0.381317
7852.000000 0.380344
7853.000000 0.379372
7854.000000 0.3784
7855.000000 0.377429
7856.000000 0.376459
7857.000000 0.37549
7858.000000 0.374522
7859.000000 0.373554
7860.000000 0.372587
7861.000000 0.372762
7862.000000 0.372935
7863.000000 0.37311
7864.000000 0.373282
7865.000000 0.373456
7866.000000 0.373629
7867.000000 0.373802
7868.000000 0.373975
7869.000000 0.374147
7870.000000 0.374319
7871.000000 0.37389
7872.000000 0.37346
7873.000000 0.37303
7874.000000 0.372602
7875.000000 0.372173
7876.000000 0.371745
7877.000000 0.371317
7878.000000 0.370889
7879.000000 0.370461
7880.000000 0.370033
7881.000000 0.369822
7882.000000 0.36961
7883.000000 0.369398
7884.000000 0.369187
7885.000000 0.368975
7886.000000 0.368764
7887.000000 0.368552
7888.000000 0.368341
7889.000000 0.368129
7890.000000 0.367919
7891.000000 0.367658
7892.000000 0.367397
7893.000000 0.367136
7894.000000 0.366876
7895.000000 0.366616
7896.000000 0.366355
7897.000000 0.366095
7898.000000 0.365836
7899.000000 0.365575
7900.000000 0.365316
7901.000000 0.365085
7902.000000 0.364856
7903.000000 0.364626
7904.000000 0.364396
7905.000000 0.364167
7906.000000 0.363938
7907.000000 0.363709
7908.000000 0.36348
7909.000000 0.363251
7910.000000 0.363021
7911.000000 0.362738
7912.000000 0.362455
7913.000000 0.362171
7914.000000 0.361889
7915.000000 0.361606
7916.000000 0.361323
7917.000000 0.361041
7918.000000 0.360759
7919.000000 0.360475
7920.000000 0.360193
7921.000000 0.360139
7922.000000 0.360085
7923.000000 0.36003
7924.000000 0.359976
7925.000000 0.359921
7926.000000 0.359866
7927.000000 0.359811
7928.000000 0.359757
7929.000000 0.359701
7930.000000 0.359647
7931.000000 0.359335
7932.000000 0.359023
7933.000000 0.358711
7934.000000 0.3584
7935.000000 0.358089
7936.000000 0.357778
7937.000000 0.357466
7938.000000 0.357155
7939.000000 0.356845
7940.000000 0.356533
7941.000000 0.356391
7942.000000 0.356249
7943.000000 0.356105
7944.000000 0.355963
7945.000000 0.35582
7946.000000 0.355678
7947.000000 0.355536
7948.000000 0.355393
7949.000000 0.355249
7950.000000 0.355107
7951.000000 0.354582
7952.000000 0.354056
7953.000000 0.353531
7954.000000 0.353006
7955.000000 0.352481
7956.000000 0.351959
7957.000000 0.351435
7958.000000 0.350912
7959.000000 0.350388
7960.000000 0.349867
7961.000000 0.349867
7962.000000 0.349868
7963.000000 0.349868
7964.000000 0.349868
7965.000000 0.349869
7966.000000 0.34987
7967.000000 0.34987
7968.000000 0.34987
7969.000000 0.349869
7970.000000 0.349869
7971.000000 0.349534
7972.000000 0.349196
7973.000000 0.34886
7974.000000 0.348524
7975.000000 0.348188
7976.000000 0.347852
7977.000000 0.347516
7978.000000 0.347181
7979.000000 0.346845
7980.000000 0.34651
7981.000000 0.346332
7982.000000 0.346154
7983.000000 0.345977
7984.000000 0.345799
7985.000000 0.345621
7986.000000 0.345443
7987.000000 0.345264
7988.000000 0.345086
7989.000000 0.344908
7990.000000 0.344728
7991.000000 0.344427
7992.000000 0.344126
7993.000000 0.343824
7994.000000 0.343523
7995.000000 0.343222
7996.000000 0.342922
7997.000000 0.34262
7998.000000 0.342319
7999.000000 0.342018
8000.000000 0.341717
8001.000000 0.341491
8002.000000 0.341265
8003.000000 0.34104
8004.000000 0.340813
8005.000000 0.340587
8006.000000 0.340362
8007.000000 0.340137
8008.000000 0.33991
8009.000000 0.339685
8010.000000 0.33946
8011.000000 0.338873
8012.000000 0.338285
8013.000000 0.337698
8014.000000 0.337112
8015.000000 0.336526
8016.000000 0.335941
8017.000000 0.335356
8018.000000 0.334771
8019.000000 0.334186
8020.000000 0.333601
8021.000000 0.3337
8022.000000 0.333799
8023.000000 0.333897
8024.000000 0.333996
8025.000000 0.334094
8026.000000 0.334192
8027.000000 0.33429
8028.000000 0.334389
8029.000000 0.334486
8030.000000 0.334584
8031.000000 0.334377
8032.000000 0.334169
8033.000000 0.333962
8034.000000 0.333756
8035.000000 0.333548
8036.000000 0.333341
8037.000000 0.333135
8038.000000 0.332927
8039.000000 0.332721
8040.000000 0.332514
8041.000000 0.332643
8042.000000 0.332774
8043.000000 0.332904
8044.000000 0.333033
8045.000000 0.333162
8046.000000 0.333292
8047.000000 0.33342
8048.000000 0.333548
8049.000000 0.333676
8050.000000 0.333804
8051.000000 0.333724
8052.000000 0.333643
8053.000000 0.333562
8054.000000 0.333481
8055.000000 0.333401
8056.000000 0.33332
8057.000000 0.333238
8058.000000 0.333158
8059.000000 0.333077
8060.000000 0.332995
8061.000000 0.333037
8062.000000 0.333078
8063.000000 0.333118
8064.000000 0.33316
8065.000000 0.3332
8066.000000 0.33324
8067.000000 0.33328
8068.000000 0.333319
8069.000000 0.333359
8070.000000 0.333398
8071.000000 0.333427
8072.000000 0.333457
8073.000000 0.333485
8074.000000 0.333515
8075.000000 0.333544
8076.000000 0.333573
8077.000000 0.333602
8078.000000 0.33363
8079.000000 0.33366
8080.000000 0.333688
8081.000000 0.333844
8082.000000 0.334
8083.000000 0.334156
8084.000000 0.334312
8085.000000 0.334468
8086.000000 0.334623
8087.000000 0.334778
8088.000000 0.334933
8089.000000 0.335088
8090.000000 0.335243
8091.000000 0.33516
8092.000000 0.335078
8093.000000 0.334996
8094.000000 0.334914
8095.000000 0.334832
8096.000000 0.334748
8097.000000 0.334667
8098.000000 0.334584
8099.000000 0.334501
8100.000000 0.334418
8101.000000 0.334594
8102.000000 0.334769
8103.000000 0.334946
8104.000000 0.335121
8105.000000 0.335297
8106.000000 0.335472
8107.000000 0.335646
8108.000000 0.335821
8109.000000 0.335997
8110.000000 0.336171
8111.000000 0.335943
8112.000000 0.335713
8113.000000 0.335484
8114.000000 0.335255
8115.000000 0.335026
8116.000000 0.334798
8117.000000 0.334569
8118.000000 0.33434
8119.000000 0.334112
8120.000000 0.333883
8121.000000 0.333919
8122.000000 0.333956
8123.000000 0.333992
8124.000000 0.334027
8125.000000 0.334063
8126.000000 0.334099
8127.000000 0.334133
8128.000000 0.334169
8129.000000 0.334204
8130.000000 0.334239
8131.000000 0.334031
8132.000000 0.333824
8133.000000 0.333616
8134.000000 0.333408
8135.000000 0.333201
8136.000000 0.332992
8137.000000 0.332786
8138.000000 0.332577
8139.000000 0.332371
8140.000000 0.332163
8141.000000 0.332009
8142.000000 0.331855
8143.000000 0.3317
8144.000000 0.331546
8145.000000 0.331391
8146.000000 0.331237
8147.000000 0.331083
8148.000000 0.330928
8149.000000 0.330775
8150.000000 0.330619
8151.000000 0.330433
8152.000000 0.330246
8153.000000 0.33006
8154.000000 0.329873
8155.000000 0.329687
8156.000000 0.3295
8157.000000 0.329313
8158.000000 0.329126
8159.000000 0.32894
8160.000000 0.328754
8161.000000 0.3289
8162.000000 0.329046
8163.000000 0.329191
8164.000000 0.329336
8165.000000 0.329481
8166.000000 0.329624
8167.000000 0.329768
8168.000000 0.329911
8169.000000 0.330054
8170.000000 0.330195
8171.000000 0.329886
8172.000000 0.329576
8173.000000 0.329267
8174.000000 0.328958
8175.000000 0.328648
8176.000000 0.328339
8177.000000 0.328029
8178.000000 0.327721
8179.000000 0.327411
8180.000000 0.327102
8181.000000 0.327216
8182.000000 0.327328
8183.000000 0.327443
8184.000000 0.327555
8185.000000 0.327669
8186.000000 0.327781
8187.000000 0.327894
8188.000000 0.328007
8189.000000 0.328119
8190.000000 0.328232
8191.000000 0.327985
8192.000000 0.327737
8193.000000 0.32749
8194.000000 0.327244
8195.000000 0.326996
8196.000000 0.32675
8197.000000 0.326503
8198.000000 0.326257
8199.000000 0.32601
8200.000000 0.325764
8201.000000 0.325956
8202.000000 0.326147
8203.000000 0.326338
8204.000000 0.326529
8205.000000 0.32672
8206.000000 0.32691
8207.000000 0.3271
8208.000000 0.32729
8209.000000 0.32748
8210.000000 0.327669
8211.000000 0.327345
8212.000000 0.32702
8213.000000 0.326695
8214.000000 0.326371
8215.000000 0.326046
8216.000000 0.325722
8217.000000 0.325398
8218.000000 0.325074
8219.000000 0.32475
8220.000000 0.324426
8221.000000 0.324261
8222.000000 0.324098
8223.000000 0.323933
8224.000000 0.323768
8225.000000 0.323605
8226.000000 0.32344
8227.000000 0.323276
8228.000000 0.323112
8229.000000 0.322946
8230.000000 0.322783
8231.000000 0.3223
8232.000000 0.321818
8233.000000 0.321337
8234.000000 0.320855
8235.000000 0.320374
8236.000000 0.319893
8237.000000 0.319412
8238.000000 0.318932
8239.000000 0.318451
8240.000000 0.317971
8241.000000 0.317297
8242.000000 0.316622
8243.000000 0.315948
8244.000000 0.315275
8245.000000 0.314601
8246.000000 0.313929
8247.000000 0.313257
8248.000000 0.312586
8249.000000 0.311915
8250.000000 0.311245
8251.000000 0.311344
8252.000000 0.311443
8253.000000 0.311543
8254.000000 0.311641
8255.000000 0.31174
8256.000000 0.311838
8257.000000 0.311937
8258.000000 0.312035
8259.000000 0.312132
8260.000000 0.312229
8261.000000 0.311982
8262.000000 0.311734
8263.000000 0.311487
8264.000000 0.31124
8265.000000 0.310993
8266.000000 0.310746
8267.000000 0.310499
8268.000000 0.310252
8269.000000 0.310006
8270.000000 0.309759
8271.000000 0.309331
8272.000000 0.308905
8273.000000 0.308479
8274.000000 0.308051
8275.000000 0.307626
8276.000000 0.3072
8277.000000 0.306774
8278.000000 0.306349
8279.000000 0.305923
8280.000000 0.305499
8281.000000 0.305104
8282.000000 0.304707
8283.000000 0.304313
8284.000000 0.303918
8285.000000 0.303522
8286.000000 0.303128
8287.000000 0.302734
8288.000000 0.30234
8289.000000 0.301946
8290.000000 0.301552
8291.000000 0.300899
8292.000000 0.300249
8293.000000 0.299598
8294.000000 0.298948
8295.000000 0.2983
8296.000000 0.297651
8297.000000 0.297004
8298.000000 0.296356
8299.000000 0.29571
8300.000000 0.295064
8301.000000 0.295258
8302.000000 0.295452
8303.000000 0.295646
8304.000000 0.29584
8305.000000 0.296032
8306.000000 0.296226
8307.000000 0.296418
8308.000000 0.29661
8309.000000 0.296803
8310.000000 0.296993
8311.000000 0.29634
8312.000000 0.295685
8313.000000 0.295034
8314.000000 0.294381
8315.000000 0.293729
8316.000000 0.293078
8317.000000 0.292428
8318.000000 0.291776
8319.000000 0.291127
8320.000000 0.290478
8321.000000 0.290589
8322.000000 0.2907
8323.000000 0.290811
8324.000000 0.29092
8325.000000 0.291032
8326.000000 0.291142
8327.000000 0.291252
8328.000000 0.291362
8329.000000 0.291472
8330.000000 0.291581
8331.000000 0.290947
8332.000000 0.290314
8333.000000 0.28968
8334.000000 0.289047
8335.000000 0.288416
8336.000000 0.287784
8337.000000 0.287153
8338.000000 0.286522
8339.000000 0.285893
8340.000000 0.285263
8341.000000 0.285401
8342.000000 0.285539
8343.000000 0.285676
8344.000000 0.285813
8345.000000 0.285951
8346.000000 0.286086
8347.000000 0.286223
8348.000000 0.286359
8349.000000 0.286496
8350.000000 0.286632
8351.000000 0.286411
8352.000000 0.286189
8353.000000 0.285967
8354.000000 0.285745
8355.000000 0.285522
8356.000000 0.285301
8357.000000 0.285079
8358.000000 0.284858
8359.000000 0.284637
8360.000000 0.284415
8361.000000 0.283962
8362.000000 0.283509
8363.000000 0.283058
8364.000000 0.282606
8365.000000 0.282153
8366.000000 0.281702
8367.000000 0.281251
8368.000000 0.2808
8369.000000 0.280349
8370.000000 0.279898
8371.000000 0.280043
8372.000000 0.280186
8373.000000 0.280329
8374.000000 0.280472
8375.000000 0.280615
8376.000000 0.280757
8377.000000 0.280898
8378.000000 0.28104
8379.000000 0.28118
8380.000000 0.281321
8381.000000 0.281337
8382.000000 0.281353
8383.000000 0.281369
8384.000000 0.281385
8385.000000 0.2814
8386.000000 0.281416
8387.000000 0.281431
8388.000000 0.281447
8389.000000 0.281462
8390.000000 0.281477
8391.000000 0.281469
8392.000000 0.28146
8393.000000 0.28145
8394.000000 0.281441
8395.000000 0.281432
8396.000000 0.281422
8397.000000 0.281412
8398.000000 0.281403
8399.000000 0.281393
8400.000000 0.281383
8401.000000 0.281282
8402.000000 0.28118
8403.000000 0.281077
8404.000000 0.280974
8405.000000 0.280871
8406.000000 0.280769
8407.000000 0.280666
8408.000000 0.280564
8409.000000 0.28046
8410.000000 0.280357
8411.000000 0.280356
8412.000000 0.280356
8413.000000 0.280355
8414.000000 0.280354
8415.000000 0.280353
8416.000000 0.280352
8417.000000 0.28035
8418.000000 0.280349
8419.000000 0.280346
8420.000000 0.280344
8421.000000 0.279945
8422.000000 0.279544
8423.000000 0.279144
8424.000000 0.278745
8425.000000 0.278345
8426.000000 0.277947
8427.000000 0.277548
8428.000000 0.277149
8429.000000 0.27675
8430.000000 0.276353
8431.000000 0.275913
8432.000000 0.275472
8433.000000 0.275032
8434.000000 0.274593
8435.000000 0.274154
8436.000000 0.273715
8437.000000 0.273277
8438.000000 0.272839
8439.000000 0.272403
8440.000000 0.271965
8441.000000 0.271485
8442.000000 0.271006
8443.000000 0.270527
8444.000000 0.270048
8445.000000 0.269568
8446.000000 0.26909
8447.000000 0.268612
8448.000000 0.268134
8449.000000 0.267657
8450.000000 0.267181
8451.000000 0.266494
8452.000000 0.265809
8453.000000 0.265124
8454.000000 0.264441
8455.000000 0.263757
8456.000000 0.263075
8457.000000 0.262393
8458.000000 0.261711
8459.000000 0.26103
8460.000000 0.260349
8461.000000 0.259842
8462.000000 0.259334
8463.000000 0.258826
8464.000000 0.258321
8465.000000 0.257815
8466.000000 0.257309
8467.000000 0.256804
8468.000000 0.256299
8469.000000 0.255795
8470.000000 0.255291
8471.000000 0.254686
8472.000000 0.254083
8473.000000 0.253478
8474.000000 0.252875
8475.000000 0.252273
8476.000000 0.25167
8477.000000 0.251068
8478.000000 0.250467
8479.000000 0.249865
8480.000000 0.249265
8481.000000 0.248603
8482.000000 0.247942
8483.000000 0.247279
8484.000000 0.246617
8485.000000 0.245956
8486.000000 0.245294
8487.000000 0.244632
8488.000000 0.24397
8489.000000 0.243309
8490.000000 0.242647
8491.000000 0.241305
8492.000000 0.239965
8493.000000 0.238627
8494.000000 0.237291
8495.000000 0.235957
8496.000000 0.234624
8497.000000 0.233294
8498.000000 0.231965
8499.000000 0.230638
8500.000000 0.229313
8501.000000 0.227777
8502.000000 0.226242
8503.000000 0.224708
8504.000000 0.223177
8505.000000 0.221646
8506.000000 0.220118
8507.000000 0.21859
8508.000000 0.217064
8509.000000 0.21554
8510.000000 0.214018
8511.000000 0.211671
8512.000000 0.209327
8513.000000 0.206985
8514.000000 0.204645
8515.000000 0.202306
8516.000000 0.19997
8517.000000 0.197635
8518.000000 0.195303
8519.000000 0.192972
8520.000000 0.190643
8521.000000 0.187667
8522.000000 0.184694
8523.000000 0.181723
8524.000000 0.178756
8525.000000 0.175792
8526.000000 0.17283
8527.000000 0.169871
8528.000000 0.166916
8529.000000 0.163963
8530.000000 0.161014
8531.000000 0.157572
8532.000000 0.154137
8533.000000 0.150705
8534.000000 0.14728
8535.000000 0.143859
8536.000000 0.140444
8537.000000 0.137034
8538.000000 0.13363
8539.000000 0.130231
8540.000000 0.126837
8541.000000 0.123368
8542.000000 0.119901
8543.000000 0.116439
8544.000000 0.112979
8545.000000 0.109522
8546.000000 0.10607
8547.000000 0.10262
8548.000000 0.0991729
8549.000000 0.0957298
8550.000000 0.0922898
8551.000000 0.0892606
8552.000000 0.0862345
8553.000000 0.0832123
8554.000000 0.0801935
8555.000000 0.0771785
8556.000000 0.0741664
8557.000000 0.071158
8558.000000 0.068153
8559.000000 0.0651516
8560.000000 0.0621536
8561.000000 0.0599904
8562.000000 0.0578296
8563.000000 0.0556708
8564.000000 0.0535144
8565.000000 0.0513605
8566.000000 0.0492086
8567.000000 0.0470592
8568.000000 0.0449119
8569.000000 0.042767
8570.000000 0.0406244
8571.000000 0.0390931
8572.000000 0.0375637
8573.000000 0.0360363
8574.000000 0.0345106
8575.000000 0.0329866
8576.000000 0.0314647
8577.000000 0.0299445
8578.000000 0.0284263
8579.000000 0.0269098
8580.000000 0.0253953
8581.000000 0.0245249
8582.000000 0.0236557
8583.000000 0.0227877
8584.000000 0.0219207
8585.000000 0.0210549
8586.000000 0.0201901
8587.000000 0.0193265
8588.000000 0.0184639
8589.000000 0.0176025
8590.000000 0.0167423
8591.000000 0.0161744
8592.000000 0.0156071
8593.000000 0.0150405
8594.000000 0.0144746
8595.000000 0.0139095
8596.000000 0.0133449
8597.000000 0.012781
8598.000000 0.0122179
8599.000000 0.0116554
8600.000000 0.0110936
8601.000000 0.0107407
8602.000000 0.0103882
8603.000000 0.0100361
8604.000000 0.00968446
8605.000000 0.00933318
8606.000000 0.00898233
8607.000000 0.00863185
8608.000000 0.00828174
8609.000000 0.00793206
8610.000000 0.00758278
8611.000000 0.00736038
8612.000000 0.00713821
8613.000000 0.00691628
8614.000000 0.00669461
8615.000000 0.00647318
8616.000000 0.00625198
8617.000000 0.00603102
8618.000000 0.0058103
8619.000000 0.00558984
8620.000000 0.00536963
8621.000000 0.00521726
8622.000000 0.00506513
8623.000000 0.00491319
8624.000000 0.00476149
8625.000000 0.00460999
8626.000000 0.00445872
8627.000000 0.00430768
8628.000000 0.00415685
8629.000000 0.00400624
8630.000000 0.00385583
8631.000000 0.0037484
8632.000000 0.0036411
8633.000000 0.00353394
8634.000000 0.00342693
8635.000000 0.00332006
8636.000000 0.00321333
8637.000000 0.00310674
8638.000000 0.0030003
8639.000000 0.00289399
8640.000000 0.00278783
8641.000000 0.00271089
8642.000000 0.00263404
8643.000000 0.00255727
8644.000000 0.00248058
8645.000000 0.00240396
8646.000000 0.00232743
8647.000000 0.00225098
8648.000000 0.00217462
8649.000000 0.00209833
8650.000000 0.00202213
8651.000000 0.00196717
8652.000000 0.00191227
8653.000000 0.00185744
8654.000000 0.00180267
8655.000000 0.00174797
8656.000000 0.00169333
8657.000000 0.00163876
8658.000000 0.00158425
8659.000000 0.0015298
8660.000000 0.00147543
8661.000000 0.00143729
8662.000000 0.00139919
8663.000000 0.00136113
8664.000000 0.00132312
8665.000000 0.00128515
8666.000000 0.00124723
8667.000000 0.00120935
8668.000000 0.00117151
8669.000000 0.00113372
8670.000000 0.00109597
8671.000000 0.00108002
8672.000000 0.00106408
8673.000000 0.00104817
8674.000000 0.00103229
8675.000000 0.00101642
8676.000000 0.00100057
8677.000000 0.000984739
8678.000000 0.000968934
8679.000000 0.00095315
8680.000000 0.000937382
8681.000000 0.000921642
8682.000000 0.000905924
8683.000000 0.000890224
8684.000000 0.000874547
8685.000000 0.00085889
8686.000000 0.000843253
8687.000000 0.000827637
8688.000000 0.000812042
8689.000000 0.000796462
8690.000000 0.000780909
8691.000000 0.000765547
8692.000000 0.000750194
8693.000000 0.00073486
8694.000000 0.000719537
8695.000000 0.000704229
8696.000000 0.000688934
8697.000000 0.000673647
8698.000000 0.000658381
8699.000000 0.000643125
8700.000000 0.000627885
8701.000000 0.000612447
8702.000000 0.000597034
8703.000000 0.000581645
8704.000000 0.000566279
8705.000000 0.000550939
8706.000000 0.000535621
8707.000000 0.000520328
8708.000000 0.000505058
8709.000000 0.000489811
8710.000000 0.000474589
8711.000000 0.00046584
8712.000000 0.000457101
8713.000000 0.000448371
8714.000000 0.000439655
8715.000000 0.00043095
8716.000000 0.000422253
8717.000000 0.000413568
8718.000000 0.000404893
8719.000000 0.000396231
8720.000000 0.000387576
8721.000000 0.00037892
8722.000000 0.000370276
8723.000000 0.000361643
8724.000000 0.000353021
8725.000000 0.000344411
8726.000000 0.000335811
8727.000000 0.000327223
8728.000000 0.000318647
8729.000000 0.000310082
8730.000000 0.000301529
8731.000000 0.000292975
8732.000000 0.000284437
8733.000000 0.000275909
8734.000000 0.000267393
8735.000000 0.000258888
8736.000000 0.000250396
8737.000000 0.000241916
8738.000000 0.000233448
8739.000000 0.000224991
8740.000000 0.000216547
8741.000000 0.000208133
8742.000000 0.00019973
8743.000000 0.000191338
8744.000000 0.000182955
8745.000000 0.000174583
8746.000000 0.000166222
8747.000000 0.00015787
8748.000000 0.000149529
8749.000000 0.000141198
8750.000000 0.000132877
8751.000000 0.00013045
8752.000000 0.000128027
8753.000000 0.000125608
8754.000000 0.000123192
8755.000000 0.00012078
8756.000000 0.000118371
8757.000000 0.000115967
8758.000000 0.000113565
8759.000000 0.000111168
8760.000000 0.000108774
8761.000000 0.000106404
8762.000000 0.000104036
8763.000000 0.000101672
8764.000000 9.93093e-05
8765.000000 9.69497e-05
8766.000000 9.45932e-05
8767.000000 9.22398e-05
8768.000000 8.98891e-05
8769.000000 8.75406e-05
