6719.000000 7.83251e-05
6720.000000 7.93815e-05
6721.000000 8.0431e-05
6722.000000 8.14805e-05
6723.000000 8.25301e-05
6724.000000 8.36122e-05
6725.000000 8.46945e-05
6726.000000 8.5777e-05
6727.000000 8.68595e-05
6728.000000 8.79419e-05
6729.000000 8.90554e-05
6730.000000 9.01688e-05
6731.000000 9.12748e-05
6732.000000 9.23809e-05
6733.000000 9.34868e-05
6734.000000 9.46214e-05
6735.000000 9.57557e-05
6736.000000 9.68899e-05
6737.000000 9.80241e-05
6738.000000 9.91582e-05
6739.000000 0.000100319
6740.000000 0.000101479
6741.000000 0.000102645
6742.000000 0.00010381
6743.000000 0.000104975
6744.000000 0.000106166
6745.000000 0.000107355
6746.000000 0.000108545
6747.000000 0.000109735
6748.000000 0.000110925
6749.000000 0.000112136
6750.000000 0.000113348
6751.000000 0.000114571
6752.000000 0.000115794
6753.000000 0.000117017
6754.000000 0.00011826
6755.000000 0.000119503
6756.000000 0.000120746
6757.000000 0.000121989
6758.000000 0.000123233
6759.000000 0.000124494
6760.000000 0.000125755
6761.000000 0.00012699
6762.000000 0.000128224
6763.000000 0.000129457
6764.000000 0.000130705
6765.000000 0.000131952
6766.000000 0.0001332
6767.000000 0.000134446
6768.000000 0.000135693
6769.000000 0.00013695
6770.000000 0.000138208
6771.000000 0.000139487
6772.000000 0.000140766
6773.000000 0.000142045
6774.000000 0.000143333
6775.000000 0.000144621
6776.000000 0.000145909
6777.000000 0.000147198
6778.000000 0.000148486
6779.000000 0.000149781
6780.000000 0.000151075
6781.000000 0.000152368
6782.000000 0.000153661
6783.000000 0.000154954
6784.000000 0.000156251
6785.000000 0.000157547
6786.000000 0.000158844
6787.000000 0.000160141
6788.000000 0.000161437
6789.000000 0.000162735
6790.000000 0.000164032
6791.000000 0.000165321
6792.000000 0.00016661
6793.000000 0.000167899
6794.000000 0.000169186
6795.000000 0.000170472
6796.000000 0.000171759
6797.000000 0.000173046
6798.000000 0.000174332
6799.000000 0.000175615
6800.000000 0.000176897
6801.000000 0.000178177
6802.000000 0.000179458
6803.000000 0.000180738
6804.000000 0.000182013
6805.000000 0.000183286
6806.000000 0.000184559
6807.000000 0.000185833
6808.000000 0.000187107
6809.000000 0.000188371
6810.000000 0.000189635
6811.000000 0.000190893
6812.000000 0.000192151
6813.000000 0.000193409
6814.000000 0.000194655
6815.000000 0.000195902
6816.000000 0.000197148
6817.000000 0.000198394
6818.000000 0.000199639
6819.000000 0.000200872
6820.000000 0.000202104
6821.000000 0.000203354
6822.000000 0.000204603
6823.000000 0.000205852
6824.000000 0.000207087
6825.000000 0.000208322
6826.000000 0.000209557
6827.000000 0.000210791
6828.000000 0.000212026
6829.000000 0.000213244
6830.000000 0.000214462
6831.000000 0.000215675
6832.000000 0.000216889
6833.000000 0.000218102
6834.000000 0.000219298
6835.000000 0.000220493
6836.000000 0.000221688
6837.000000 0.000222884
6838.000000 0.000224079
6839.000000 0.000225255
6840.000000 0.000226432
6841.000000 0.000227587
6842.000000 0.000228742
6843.000000 0.000229897
6844.000000 0.000231032
6845.000000 0.000232167
6846.000000 0.000233301
6847.000000 0.000234435
6848.000000 0.00023557
6849.000000 0.000236683
6850.000000 0.000237795
6851.000000 0.000238927
6852.000000 0.000240058
6853.000000 0.000241189
6854.000000 0.000242299
6855.000000 0.000243409
6856.000000 0.000244519
6857.000000 0.000245629
6858.000000 0.000246739
6859.000000 0.000247828
6860.000000 0.000248917
6861.000000 0.000250022
6862.000000 0.000251127
6863.000000 0.000252232
6864.000000 0.000253317
6865.000000 0.000254402
6866.000000 0.000255486
6867.000000 0.000256572
6868.000000 0.000257657
6869.000000 0.000258722
6870.000000 0.000259788
6871.000000 0.000260834
6872.000000 0.00026188
6873.000000 0.000262926
6874.000000 0.000263955
6875.000000 0.000264982
6876.000000 0.000266011
6877.000000 0.000267039
6878.000000 0.000268066
6879.000000 0.000269078
6880.000000 0.00027009
6881.000000 0.000271109
6882.000000 0.000272128
6883.000000 0.000273147
6884.000000 0.000274153
6885.000000 0.000275159
6886.000000 0.000276165
6887.000000 0.00027717
6888.000000 0.000278176
6889.000000 0.000279172
6890.000000 0.000280169
6891.000000 0.000281149
6892.000000 0.000282129
6893.000000 0.00028311
6894.000000 0.000284085
6895.000000 0.00028506
6896.000000 0.000286035
6897.000000 0.000287011
6898.000000 0.000287985
6899.000000 0.000288962
6900.000000 0.000289938
6901.000000 0.000290921
6902.000000 0.000291904
6903.000000 0.000292887
6904.000000 0.000293878
6905.000000 0.00029487
6906.000000 0.000295861
6907.000000 0.000296853
6908.000000 0.000297844
6909.000000 0.000298854
6910.000000 0.000299864
6911.000000 0.000300918
6912.000000 0.000301972
6913.000000 0.000303026
6914.000000 0.000304111
6915.000000 0.000305195
6916.000000 0.000306281
6917.000000 0.000307366
6918.000000 0.000308451
6919.000000 0.000309582
6920.000000 0.000310712
6921.000000 0.000311793
6922.000000 0.000312873
6923.000000 0.000313953
6924.000000 0.000315097
6925.000000 0.00031624
6926.000000 0.000317384
6927.000000 0.000318526
6928.000000 0.000319669
6929.000000 0.000320899
6930.000000 0.000322128
6931.000000 0.000323345
6932.000000 0.000324562
6933.000000 0.000325778
6934.000000 0.000327111
6935.000000 0.000328443
6936.000000 0.000329776
6937.000000 0.000331107
6938.000000 0.000332438
6939.000000 0.000333924
6940.000000 0.000335409
6941.000000 0.000336935
6942.000000 0.00033846
6943.000000 0.000339985
6944.000000 0.000341713
6945.000000 0.000343441
6946.000000 0.000345168
6947.000000 0.000346897
6948.000000 0.000348624
6949.000000 0.000350617
6950.000000 0.000352609
6951.000000 0.000354543
6952.000000 0.000356475
6953.000000 0.000358407
6954.000000 0.000360683
6955.000000 0.000362959
6956.000000 0.000365233
6957.000000 0.000367507
6958.000000 0.000369781
6959.000000 0.000372503
6960.000000 0.000375223
6961.000000 0.000377951
6962.000000 0.000380679
6963.000000 0.000383407
6964.000000 0.000386719
6965.000000 0.000390029
6966.000000 0.00039334
6967.000000 0.000396649
6968.000000 0.000399957
6969.000000 0.00040403
6970.000000 0.000408102
6971.000000 0.000412207
6972.000000 0.000416311
6973.000000 0.000420415
6974.000000 0.000425524
6975.000000 0.000430632
6976.000000 0.000435742
6977.000000 0.000440847
6978.000000 0.000445956
6979.000000 0.000452389
6980.000000 0.000458822
6981.000000 0.000465305
6982.000000 0.000471787
6983.000000 0.00047827
6984.000000 0.000486518
6985.000000 0.000494767
6986.000000 0.000503016
6987.000000 0.000511266
6988.000000 0.000519518
6989.000000 0.00053013
6990.000000 0.000540744
6991.000000 0.000551315
6992.000000 0.000561885
6993.000000 0.000572453
6994.000000 0.000586202
6995.000000 0.000599949
6996.000000 0.000613696
6997.000000 0.000627441
6998.000000 0.000641187
6999.000000 0.00065925
7000.000000 0.000677313
7001.000000 0.000695295
7002.000000 0.000713272
7003.000000 0.000731244
7004.000000 0.000755128
7005.000000 0.000779003
7006.000000 0.000802871
7007.000000 0.000826732
7008.000000 0.000850587
7009.000000 0.000882615
7010.000000 0.000914632
7011.000000 0.000946686
7012.000000 0.000978739
7013.000000 0.00101078
7014.000000 0.00105424
7015.000000 0.0010977
7016.000000 0.00114115
7017.000000 0.00118458
7018.000000 0.00122801
7019.000000 0.00128758
7020.000000 0.00134713
7021.000000 0.00140674
7022.000000 0.00146635
7023.000000 0.00152594
7024.000000 0.00160861
7025.000000 0.00169126
7026.000000 0.00177391
7027.000000 0.00185655
7028.000000 0.00193918
7029.000000 0.00205519
7030.000000 0.00217119
7031.000000 0.00228718
7032.000000 0.00240315
7033.000000 0.0025191
7034.000000 0.00268399
7035.000000 0.00284885
7036.000000 0.00301371
7037.000000 0.00317852
7038.000000 0.00334333
7039.000000 0.0035808
7040.000000 0.00381823
7041.000000 0.00405537
7042.000000 0.00429246
7043.000000 0.00452949
7044.000000 0.00487578
7045.000000 0.00522199
7046.000000 0.00556811
7047.000000 0.00591415
7048.000000 0.00626009
7049.000000 0.00677253
7050.000000 0.00728482
7051.000000 0.00779723
7052.000000 0.00830954
7053.000000 0.00882174
7054.000000 0.00959049
7055.000000 0.0103591
7056.000000 0.0111276
7057.000000 0.0118959
7058.000000 0.012664
7059.000000 0.0138306
7060.000000 0.014997
7061.000000 0.0161618
7062.000000 0.0173261
7063.000000 0.0184901
7064.000000 0.0202732
7065.000000 0.0220557
7066.000000 0.0238375
7067.000000 0.0256187
7068.000000 0.0273992
7069.000000 0.0301318
7070.000000 0.0328634
7071.000000 0.0355982
7072.000000 0.0383326
7073.000000 0.0410667
7074.000000 0.0452194
7075.000000 0.0493716
7076.000000 0.0535232
7077.000000 0.0576742
7078.000000 0.0618248
7079.000000 0.0679449
7080.000000 0.0740643
7081.000000 0.0801827
7082.000000 0.0863003
7083.000000 0.0924171
7084.000000 0.100918
7085.000000 0.109418
7086.000000 0.117917
7087.000000 0.126414
7088.000000 0.134911
7089.000000 0.145615
7090.000000 0.156317
7091.000000 0.166998
7092.000000 0.177674
7093.000000 0.188347
7094.000000 0.200026
7095.000000 0.211701
7096.000000 0.223371
7097.000000 0.235037
7098.000000 0.246698
7099.000000 0.2574
7100.000000 0.268098
7101.000000 0.278804
7102.000000 0.289507
7103.000000 0.300207
7104.000000 0.308318
7105.000000 0.316426
7106.000000 0.324533
7107.000000 0.332636
7108.000000 0.340737
7109.000000 0.345843
7110.000000 0.350947
7111.000000 0.356075
7112.000000 0.361203
7113.000000 0.36633
7114.000000 0.369077
7115.000000 0.371824
7116.000000 0.374569
7117.000000 0.377315
7118.000000 0.38006
7119.000000 0.381325
7120.000000 0.38259
7121.000000 0.38387
7122.000000 0.38515
7123.000000 0.38643
7124.000000 0.386942
7125.000000 0.387453
7126.000000 0.387964
7127.000000 0.388475
7128.000000 0.388986
7129.000000 0.389154
7130.000000 0.389322
7131.000000 0.38946
7132.000000 0.389598
7133.000000 0.389735
7134.000000 0.389742
7135.000000 0.389749
7136.000000 0.389755
7137.000000 0.389762
7138.000000 0.389769
7139.000000 0.389734
7140.000000 0.389699
7141.000000 0.389661
7142.000000 0.389623
7143.000000 0.389584
7144.000000 0.389537
7145.000000 0.389488
7146.000000 0.38944
7147.000000 0.389391
7148.000000 0.389343
7149.000000 0.389293
7150.000000 0.389242
7151.000000 0.389174
7152.000000 0.389105
7153.000000 0.389036
7154.000000 0.388967
7155.000000 0.388898
7156.000000 0.388828
7157.000000 0.38876
7158.000000 0.38869
7159.000000 0.38862
7160.000000 0.388551
7161.000000 0.388539
7162.000000 0.388527
7163.000000 0.388514
7164.000000 0.388502
7165.000000 0.38849
7166.000000 0.388478
7167.000000 0.388465
7168.000000 0.388451
7169.000000 0.388439
7170.000000 0.388426
7171.000000 0.388383
7172.000000 0.388337
7173.000000 0.388294
7174.000000 0.388247
7175.000000 0.3882
7176.000000 0.388153
7177.000000 0.388106
7178.000000 0.388059
7179.000000 0.387997
7180.000000 0.387936
7181.000000 0.38788
7182.000000 0.387824
7183.000000 0.387769
7184.000000 0.387658
7185.000000 0.387549
7186.000000 0.38744
7187.000000 0.38733
7188.000000 0.38722
7189.000000 0.386948
7190.000000 0.386677
7191.000000 0.386397
7192.000000 0.386117
7193.000000 0.385836
7194.000000 0.385149
7195.000000 0.384461
7196.000000 0.383774
7197.000000 0.383086
7198.000000 0.382399
7199.000000 0.380831
7200.000000 0.379264
7201.000000 0.377688
7202.000000 0.376112
7203.000000 0.374536
7204.000000 0.371332
7205.000000 0.368129
7206.000000 0.364927
7207.000000 0.361726
7208.000000 0.358526
7209.000000 0.35283
7210.000000 0.347135
7211.000000 0.341418
7212.000000 0.335704
7213.000000 0.329992
7214.000000 0.321324
7215.000000 0.31266
7216.000000 0.304
7217.000000 0.295343
7218.000000 0.286691
7219.000000 0.275711
7220.000000 0.264736
7221.000000 0.253766
7222.000000 0.2428
7223.000000 0.231839
7224.000000 0.2203
7225.000000 0.208764
7226.000000 0.197234
7227.000000 0.185709
7228.000000 0.174189
7229.000000 0.163967
7230.000000 0.15375
7231.000000 0.143548
7232.000000 0.133349
7233.000000 0.123153
7234.000000 0.115247
7235.000000 0.107344
7236.000000 0.0994426
7237.000000 0.0915432
7238.000000 0.083646
7239.000000 0.078055
7240.000000 0.0724653
7241.000000 0.0668767
7242.000000 0.0612899
7243.000000 0.0557047
7244.000000 0.0519513
7245.000000 0.0481989
7246.000000 0.0444478
7247.000000 0.0406977
7248.000000 0.0369486
7249.000000 0.0344895
7250.000000 0.0320312
7251.000000 0.0295715
7252.000000 0.0271128
7253.000000 0.0246552
7254.000000 0.0230533
7255.000000 0.021452
7256.000000 0.0198514
7257.000000 0.0182515
7258.000000 0.0166522
7259.000000 0.0156057
7260.000000 0.0145597
7261.000000 0.013515
7262.000000 0.0124707
7263.000000 0.0114266
7264.000000 0.0107371
7265.000000 0.0100477
7266.000000 0.00935854
7267.000000 0.00866951
7268.000000 0.00798071
7269.000000 0.00752015
7270.000000 0.00705967
7271.000000 0.00659897
7272.000000 0.00613844
7273.000000 0.00567811
7274.000000 0.00536603
7275.000000 0.00505407
7276.000000 0.00474223
7277.000000 0.00443052
7278.000000 0.00411893
7279.000000 0.00390477
7280.000000 0.00369068
7281.000000 0.00347664
7282.000000 0.00326268
7283.000000 0.00304881
7284.000000 0.00289979
7285.000000 0.00275083
7286.000000 0.00260194
7287.000000 0.0024531
7288.000000 0.00230433
7289.000000 0.00219928
7290.000000 0.00209429
7291.000000 0.00198936
7292.000000 0.00188447
7293.000000 0.00177962
7294.000000 0.00170465
7295.000000 0.00162972
7296.000000 0.00155481
7297.000000 0.00147993
7298.000000 0.00140509
7299.000000 0.00135092
7300.000000 0.00129678
7301.000000 0.0012427
7302.000000 0.00118864
7303.000000 0.00113459
7304.000000 0.00109503
7305.000000 0.00105549
7306.000000 0.00101595
7307.000000 0.000976436
7308.000000 0.000936929
7309.000000 0.00090769
7310.000000 0.000878463
7311.000000 0.000849252
7312.000000 0.000820049
7313.000000 0.000790855
7314.000000 0.000769017
7315.000000 0.000747186
7316.000000 0.000725362
7317.000000 0.000703544
7318.000000 0.000681735
7319.000000 0.000665246
7320.000000 0.000648763
7321.000000 0.000632317
7322.000000 0.000615873
7323.000000 0.000599432
7324.000000 0.00058688
7325.000000 0.000574331
7326.000000 0.000561784
7327.000000 0.000549239
7328.000000 0.000536698
7329.000000 0.000527023
7330.000000 0.000517349
7331.000000 0.000507642
7332.000000 0.00049794
7333.000000 0.00048824
7334.000000 0.000480669
7335.000000 0.000473103
7336.000000 0.000465539
7337.000000 0.000457978
7338.000000 0.000450419
7339.000000 0.000444454
7340.000000 0.000438491
7341.000000 0.00043252
7342.000000 0.000426553
7343.000000 0.000420586
7344.000000 0.000415821
7345.000000 0.000411057
7346.000000 0.000406296
7347.000000 0.000401537
7348.000000 0.000396778
7349.000000 0.00039293
7350.000000 0.000389084
7351.000000 0.00038526
7352.000000 0.000381437
7353.000000 0.000377616
7354.000000 0.000374486
7355.000000 0.000371357
7356.000000 0.00036823
7357.000000 0.000365102
7358.000000 0.000361976
7359.000000 0.000359379
7360.000000 0.000356782
7361.000000 0.000354188
7362.000000 0.000351594
7363.000000 0.000349001
7364.000000 0.000346813
7365.000000 0.000344625
7366.000000 0.000342439
7367.000000 0.000340253
7368.000000 0.000338068
7369.000000 0.000336193
7370.000000 0.000334319
7371.000000 0.000332455
7372.000000 0.000330592
7373.000000 0.00032873
7374.000000 0.000327104
7375.000000 0.00032548
7376.000000 0.000323856
7377.000000 0.000322233
7378.000000 0.00032061
7379.000000 0.000319169
7380.000000 0.000317728
7381.000000 0.000316237
7382.000000 0.000314747
7383.000000 0.000313258
7384.000000 0.000311908
7385.000000 0.000310558
7386.000000 0.000309209
7387.000000 0.000307861
7388.000000 0.000306513
7389.000000 0.00030527
7390.000000 0.000304029
7391.000000 0.000302862
7392.000000 0.000301696
7393.000000 0.000300531
7394.000000 0.000299441
7395.000000 0.000298353
7396.000000 0.000297264
7397.000000 0.000296175
7398.000000 0.000295087
7399.000000 0.000294054
7400.000000 0.000293022
7401.000000 0.000291883
7402.000000 0.000290744
7403.000000 0.000289607
7404.000000 0.00028851
7405.000000 0.000287413
7406.000000 0.000286317
7407.000000 0.000285223
7408.000000 0.000284128
7409.000000 0.000283061
7410.000000 0.000281994
7411.000000 0.000281012
7412.000000 0.000280029
7413.000000 0.000279047
7414.000000 0.00027808
7415.000000 0.000277114
7416.000000 0.000276147
7417.000000 0.000275181
7418.000000 0.000274215
7419.000000 0.000273256
7420.000000 0.000272297
7421.000000 0.000271286
7422.000000 0.000270276
7423.000000 0.000269266
7424.000000 0.000268257
7425.000000 0.000267248
7426.000000 0.00026624
7427.000000 0.000265232
7428.000000 0.000264225
7429.000000 0.000263214
7430.000000 0.000262203
7431.000000 0.000261206
7432.000000 0.00026021
7433.000000 0.000259215
7434.000000 0.000258209
7435.000000 0.000257205
7436.000000 0.000256201
7437.000000 0.000255197
7438.000000 0.000254194
7439.000000 0.000253179
7440.000000 0.000252164
7441.000000 0.000251149
7442.000000 0.000250133
7443.000000 0.000249118
7444.000000 0.000248089
7445.000000 0.00024706
7446.000000 0.000246032
7447.000000 0.000245003
7448.000000 0.000243976
7449.000000 0.000242932
7450.000000 0.000241888
7451.000000 0.000240846
7452.000000 0.000239804
7453.000000 0.000238763
7454.000000 0.000237704
7455.000000 0.000236646
7456.000000 0.000235588
7457.000000 0.000234531
7458.000000 0.000233474
7459.000000 0.000232399
7460.000000 0.000231323
7461.000000 0.000230254
7462.000000 0.000229185
7463.000000 0.000228116
7464.000000 0.000227029
7465.000000 0.000225942
7466.000000 0.000224856
7467.000000 0.000223769
7468.000000 0.000222684
7469.000000 0.000221579
7470.000000 0.000220475
7471.000000 0.000219368
7472.000000 0.000218261
7473.000000 0.000217155
7474.000000 0.000216029
7475.000000 0.000214905
7476.000000 0.000213781
7477.000000 0.000212658
7478.000000 0.000211534
7479.000000 0.000210394
7480.000000 0.000209253
7481.000000 0.000208123
7482.000000 0.000206994
7483.000000 0.000205865
7484.000000 0.000204718
7485.000000 0.000203573
7486.000000 0.000202428
7487.000000 0.000201282
7488.000000 0.000200138
7489.000000 0.000198977
7490.000000 0.000197817
7491.000000 0.000196645
7492.000000 0.000195474
7493.000000 0.000194304
7494.000000 0.000193119
7495.000000 0.000191935
7496.000000 0.000190751
7497.000000 0.000189568
7498.000000 0.000188385
7499.000000 0.000187189
7500.000000 0.000185995
7501.000000 0.00018481
7502.000000 0.000183626
7503.000000 0.000182442
7504.000000 0.000181247
7505.000000 0.000180053
7506.000000 0.000178859
7507.000000 0.000177665
7508.000000 0.000176472
7509.000000 0.000175269
7510.000000 0.000174067
7511.000000 0.000172849
7512.000000 0.000171632
7513.000000 0.000170415
7514.000000 0.00016919
7515.000000 0.000167967
7516.000000 0.000166744
7517.000000 0.000165522
7518.000000 0.000164301
7519.000000 0.000163075
7520.000000 0.000161849
7521.000000 0.000160662
7522.000000 0.000159474
7523.000000 0.000158286
7524.000000 0.000157096
7525.000000 0.000155905
7526.000000 0.000154715
7527.000000 0.000153524
7528.000000 0.000152334
7529.000000 0.000151143
7530.000000 0.000149952
7531.000000 0.000148701
7532.000000 0.000147452
7533.000000 0.000146204
7534.000000 0.000144959
7535.000000 0.000143714
7536.000000 0.000142471
7537.000000 0.000141228
7538.000000 0.000139987
7539.000000 0.00013875
7540.000000 0.000137515
7541.000000 0.000136331
7542.000000 0.000135148
7543.000000 0.000133964
7544.000000 0.000132787
7545.000000 0.00013161
7546.000000 0.000130434
7547.000000 0.000129257
7548.000000 0.000128081
7549.000000 0.000126914
7550.000000 0.000125746
7551.000000 0.000124564
7552.000000 0.000123381
7553.000000 0.0001222
7554.000000 0.00012103
7555.000000 0.00011986
7556.000000 0.000118691
7557.000000 0.000117522
7558.000000 0.000116354
7559.000000 0.0001152
7560.000000 0.000114046
7561.000000 0.000112883
7562.000000 0.000111721
7563.000000 0.00011056
7564.000000 0.000109416
7565.000000 0.000108272
7566.000000 0.000107128
7567.000000 0.000105985
7568.000000 0.000104843
7569.000000 0.00010372
7570.000000 0.000102597
7571.000000 0.000101476
7572.000000 0.000100355
7573.000000 9.92339e-05
7574.000000 9.81344e-05
7575.000000 9.70358e-05
7576.000000 9.59372e-05
7577.000000 9.48395e-05
7578.000000 9.37426e-05
7579.000000 9.26685e-05
7580.000000 9.15951e-05
7581.000000 9.053e-05
7582.000000 8.94652e-05
7583.000000 8.84007e-05
7584.000000 8.73614e-05
7585.000000 8.63224e-05
7586.000000 8.52836e-05
7587.000000 8.42457e-05
7588.000000 8.32077e-05
7589.000000 8.21965e-05
7590.000000 8.11861e-05
7591.000000 8.01697e-05
7592.000000 7.91539e-05
7593.000000 7.81385e-05
