8689.000000 4.42568e-05
8690.000000 4.51904e-05
8691.000000 4.61331e-05
8692.000000 4.70746e-05
8693.000000 4.80155e-05
8694.000000 4.89554e-05
8695.000000 4.98946e-05
8696.000000 5.08329e-05
8697.000000 5.17698e-05
8698.000000 5.27064e-05
8699.000000 5.36419e-05
8700.000000 5.45768e-05
8701.000000 5.54916e-05
8702.000000 5.6405e-05
8703.000000 5.73169e-05
8704.000000 5.82272e-05
8705.000000 5.91361e-05
8706.000000 6.00434e-05
8707.000000 6.09494e-05
8708.000000 6.18536e-05
8709.000000 6.27564e-05
8710.000000 6.36577e-05
8711.000000 7.02533e-05
8712.000000 7.68404e-05
8713.000000 8.34187e-05
8714.000000 8.99892e-05
8715.000000 9.65512e-05
8716.000000 0.000103104
8717.000000 0.000109649
8718.000000 0.000116186
8719.000000 0.000122714
8720.000000 0.000129233
8721.000000 0.000135739
8722.000000 0.000142237
8723.000000 0.000148726
8724.000000 0.000155205
8725.000000 0.000161676
8726.000000 0.000168138
8727.000000 0.00017459
8728.000000 0.000181035
8729.000000 0.00018747
8730.000000 0.000193896
8731.000000 0.000200306
8732.000000 0.000206709
8733.000000 0.000213101
8734.000000 0.000219484
8735.000000 0.000225858
8736.000000 0.000232222
8737.000000 0.000238577
8738.000000 0.000244924
8739.000000 0.00025126
8740.000000 0.000257588
8741.000000 0.000263931
8742.000000 0.000270265
8743.000000 0.000276593
8744.000000 0.000282912
8745.000000 0.000289223
8746.000000 0.000295526
8747.000000 0.00030182
8748.000000 0.000308106
8749.000000 0.000314384
8750.000000 0.000320656
8751.000000 0.000347638
8752.000000 0.000374577
8753.000000 0.000401472
8754.000000 0.000428325
8755.000000 0.000455137
8756.000000 0.000481903
8757.000000 0.000508629
8758.000000 0.00053531
8759.000000 0.000561949
8760.000000 0.000588545
8761.000000 0.000615214
8762.000000 0.000641847
8763.000000 0.000668451
8764.000000 0.000695018
8765.000000 0.000721551
8766.000000 0.000748053
8767.000000 0.000774525
8768.000000 0.000800963
8769.000000 0.000827363
8770.000000 0.000853736
8771.000000 0.000879982
8772.000000 0.000906184
8773.000000 0.00093235
8774.000000 0.000958479
8775.000000 0.000984567
8776.000000 0.00104892
8777.000000 0.00111318
8778.000000 0.00117735
8779.000000 0.00124143
8780.000000 0.00130541
8781.000000 0.00139183
8782.000000 0.00147813
8783.000000 0.00156431
8784.000000 0.00165037
8785.000000 0.00173631
8786.000000 0.00185913
8787.000000 0.00198178
8788.000000 0.00210426
8789.000000 0.00222656
8790.000000 0.0023487
8791.000000 0.0025149
8792.000000 0.00268091
8793.000000 0.00284668
8794.000000 0.00301225
8795.000000 0.00317761
8796.000000 0.0034473
8797.000000 0.00371663
8798.000000 0.00398561
8799.000000 0.00425425
8800.000000 0.00452254
8801.000000 0.00487646
8802.000000 0.00522991
8803.000000 0.00558284
8804.000000 0.00593532
8805.000000 0.00628726
8806.000000 0.0069092
8807.000000 0.00753027
8808.000000 0.00815047
8809.000000 0.0087698
8810.000000 0.00938832
8811.000000 0.01019
8812.000000 0.0109905
8813.000000 0.0117898
8814.000000 0.0125879
8815.000000 0.0133849
8816.000000 0.0147667
8817.000000 0.0161465
8818.000000 0.0175243
8819.000000 0.0189
8820.000000 0.0202737
8821.000000 0.0222419
8822.000000 0.0242073
8823.000000 0.0261697
8824.000000 0.0281294
8825.000000 0.0300864
8826.000000 0.0364614
8827.000000 0.0428273
8828.000000 0.049184
8829.000000 0.0555317
8830.000000 0.06187
8831.000000 0.0672071
8832.000000 0.0725367
8833.000000 0.0778589
8834.000000 0.0831741
8835.000000 0.0884815
8836.000000 0.0944862
8837.000000 0.100483
8838.000000 0.10647
8839.000000 0.11245
8840.000000 0.118421
8841.000000 0.127813
8842.000000 0.13719
8843.000000 0.146553
8844.000000 0.155902
8845.000000 0.165236
8846.000000 0.170151
8847.000000 0.175059
8848.000000 0.17996
8849.000000 0.184853
8850.000000 0.189739
8851.000000 0.193755
8852.000000 0.197765
8853.000000 0.201768
8854.000000 0.205765
8855.000000 0.209755
8856.000000 0.20764
8857.000000 0.205528
8858.000000 0.203418
8859.000000 0.201312
8860.000000 0.199208
8861.000000 0.199209
8862.000000 0.19921
8863.000000 0.19921
8864.000000 0.19921
8865.000000 0.19921
8866.000000 0.198825
8867.000000 0.198438
8868.000000 0.198051
8869.000000 0.197666
8870.000000 0.197279
8871.000000 0.194948
8872.000000 0.192619
8873.000000 0.190294
8874.000000 0.187971
8875.000000 0.185652
8876.000000 0.185349
8877.000000 0.185046
8878.000000 0.184744
8879.000000 0.184441
8880.000000 0.18414
8881.000000 0.186705
8882.000000 0.189266
8883.000000 0.191823
8884.000000 0.194376
8885.000000 0.196923
8886.000000 0.196267
8887.000000 0.195612
8888.000000 0.194958
8889.000000 0.194305
8890.000000 0.193652
8891.000000 0.197194
8892.000000 0.200732
8893.000000 0.204264
8894.000000 0.207791
8895.000000 0.211312
8896.000000 0.210579
8897.000000 0.209847
8898.000000 0.209116
8899.000000 0.208385
8900.000000 0.207655
8901.000000 0.20818
8902.000000 0.208705
8903.000000 0.209228
8904.000000 0.209749
8905.000000 0.210269
8906.000000 0.210128
8907.000000 0.209987
8908.000000 0.209845
8909.000000 0.209703
8910.000000 0.209561
8911.000000 0.211365
8912.000000 0.213167
8913.000000 0.214966
8914.000000 0.216761
8915.000000 0.218553
8916.000000 0.215488
8917.000000 0.212428
8918.000000 0.209372
8919.000000 0.206321
8920.000000 0.203274
8921.000000 0.205359
8922.000000 0.20744
8923.000000 0.20952
8924.000000 0.211595
8925.000000 0.213666
8926.000000 0.211647
8927.000000 0.20963
8928.000000 0.207616
8929.000000 0.205605
8930.000000 0.203597
8931.000000 0.203373
8932.000000 0.203149
8933.000000 0.202925
8934.000000 0.202702
8935.000000 0.202479
8936.000000 0.203119
8937.000000 0.203759
8938.000000 0.204397
8939.000000 0.205034
8940.000000 0.20567
8941.000000 0.204212
8942.000000 0.202756
8943.000000 0.201301
8944.000000 0.199849
8945.000000 0.198399
8946.000000 0.198601
8947.000000 0.198801
8948.000000 0.199002
8949.000000 0.199203
8950.000000 0.199402
8951.000000 0.199746
8952.000000 0.200091
8953.000000 0.200434
8954.000000 0.200777
8955.000000 0.201118
8956.000000 0.199597
8957.000000 0.198076
8958.000000 0.196559
8959.000000 0.195042
8960.000000 0.193528
8961.000000 0.193722
8962.000000 0.193916
8963.000000 0.194109
8964.000000 0.194301
8965.000000 0.194493
8966.000000 0.195374
8967.000000 0.196253
8968.000000 0.197131
8969.000000 0.198007
8970.000000 0.198881
8971.000000 0.199168
8972.000000 0.199454
8973.000000 0.19974
8974.000000 0.200025
8975.000000 0.200309
8976.000000 0.199829
8977.000000 0.199347
8978.000000 0.198867
8979.000000 0.198388
8980.000000 0.197909
8981.000000 0.19253
8982.000000 0.187161
8983.000000 0.181799
8984.000000 0.176446
8985.000000 0.171101
8986.000000 0.163079
8987.000000 0.155069
8988.000000 0.147072
8989.000000 0.139088
8990.000000 0.131115
8991.000000 0.122814
8992.000000 0.114524
8993.000000 0.106245
8994.000000 0.0979785
8995.000000 0.0897232
8996.000000 0.0827503
8997.000000 0.0757872
8998.000000 0.0688342
8999.000000 0.0618907
9000.000000 0.0549568
9001.000000 0.0502701
9002.000000 0.0455919
9003.000000 0.0409218
9004.000000 0.0362599
9005.000000 0.0316064
9006.000000 0.0291851
9007.000000 0.0267683
9008.000000 0.0243557
9009.000000 0.0219474
9010.000000 0.0195435
9011.000000 0.0178659
9012.000000 0.0161907
9013.000000 0.0145181
9014.000000 0.0128478
9015.000000 0.01118
9016.000000 0.010426
9017.000000 0.00967314
9018.000000 0.0089213
9019.000000 0.00817057
9020.000000 0.00742098
9021.000000 0.00686109
9022.000000 0.00630213
9023.000000 0.00574405
9024.000000 0.0051868
9025.000000 0.00463044
9026.000000 0.00435786
9027.000000 0.00408569
9028.000000 0.00381394
9029.000000 0.00354263
9030.000000 0.00327173
9031.000000 0.00306722
9032.000000 0.00286304
9033.000000 0.00265918
9034.000000 0.00245563
9035.000000 0.00225242
9036.000000 0.0021373
9037.000000 0.00202237
9038.000000 0.00190762
9039.000000 0.00179306
9040.000000 0.00167867
9041.000000 0.00159296
9042.000000 0.00150738
9043.000000 0.00142193
9044.000000 0.00133661
9045.000000 0.00125142
9046.000000 0.00121964
9047.000000 0.00118792
9048.000000 0.00115624
9049.000000 0.0011246
9050.000000 0.00109302
9051.000000 0.00106146
9052.000000 0.00102994
9053.000000 0.000998478
9054.000000 0.000967066
9055.000000 0.000935704
9056.000000 0.000904388
9057.000000 0.000873126
9058.000000 0.000841912
9059.000000 0.000810747
9060.000000 0.00077963
9061.000000 0.000748505
9062.000000 0.000717439
9063.000000 0.000686424
9064.000000 0.000655464
9065.000000 0.000624562
9066.000000 0.000593713
9067.000000 0.000562915
9068.000000 0.000532169
9069.000000 0.000501481
9070.000000 0.000470848
9071.000000 0.000462169
9072.000000 0.000453508
9073.000000 0.000444856
9074.000000 0.000436217
9075.000000 0.00042759
9076.000000 0.000418974
9077.000000 0.000410374
9078.000000 0.000401783
9079.000000 0.000393206
9080.000000 0.000384642
9081.000000 0.00037605
9082.000000 0.000367474
9083.000000 0.000358911
9084.000000 0.000350361
9085.000000 0.000341825
9086.000000 0.000333305
9087.000000 0.000324799
9088.000000 0.000316308
9089.000000 0.00030783
9090.000000 0.000299367
9091.000000 0.000290929
9092.000000 0.000282504
9093.000000 0.000274093
9094.000000 0.000265696
9095.000000 0.000257311
9096.000000 0.000248941
9097.000000 0.000240586
9098.000000 0.000232243
9099.000000 0.000223914
9100.000000 0.000215599
9101.000000 0.000207319
9102.000000 0.00019905
9103.000000 0.000190793
9104.000000 0.000182549
9105.000000 0.000174315
9106.000000 0.000166095
9107.000000 0.000157887
9108.000000 0.000149691
9109.000000 0.000141507
9110.000000 0.000133335
9111.000000 0.000130751
9112.000000 0.000128172
9113.000000 0.000125597
9114.000000 0.000123026
9115.000000 0.000120459
9116.000000 0.000117896
9117.000000 0.000115338
9118.000000 0.000112783
9119.000000 0.000110233
9120.000000 0.000107687
9121.000000 0.000105145
9122.000000 0.000102607
9123.000000 0.000100073
9124.000000 9.75437e-05
9125.000000 9.50185e-05
9126.000000 9.24973e-05
9127.000000 8.99804e-05
9128.000000 8.74669e-05
9129.000000 8.49586e-05
9130.000000 8.2454e-05
9131.000000 7.99469e-05
9132.000000 7.74443e-05
9133.000000 7.49461e-05
9134.000000 7.2453e-05
9135.000000 6.99638e-05
9136.000000 6.74796e-05
9137.000000 6.50003e-05
9138.000000 6.25251e-05
9139.000000 6.00547e-05
9140.000000 5.75891e-05
9141.000000 5.51336e-05
9142.000000 5.26824e-05
9143.000000 5.02351e-05
9144.000000 4.7792e-05
9145.000000 4.5353e-05
