6157.000000 7.62024e-05
6158.000000 7.73144e-05
6159.000000 7.84268e-05
6160.000000 7.95394e-05
6161.000000 8.06598e-05
6162.000000 8.18175e-05
6163.000000 8.29757e-05
6164.000000 8.41343e-05
6165.000000 8.52933e-05
6166.000000 8.64529e-05
6167.000000 8.76471e-05
6168.000000 8.88419e-05
6169.000000 9.00372e-05
6170.000000 9.1233e-05
6171.000000 9.24276e-05
6172.000000 9.36544e-05
6173.000000 9.48816e-05
6174.000000 9.61093e-05
6175.000000 9.73375e-05
6176.000000 9.85659e-05
6177.000000 9.98242e-05
6178.000000 0.000101083
6179.000000 0.000102342
6180.000000 0.000103601
6181.000000 0.000104859
6182.000000 0.000106144
6183.000000 0.000107429
6184.000000 0.000108714
6185.000000 0.00011
6186.000000 0.000111287
6187.000000 0.000112596
6188.000000 0.000113907
6189.000000 0.000115217
6190.000000 0.000116528
6191.000000 0.000117843
6192.000000 0.000119178
6193.000000 0.000120514
6194.000000 0.00012185
6195.000000 0.000123187
6196.000000 0.000124524
6197.000000 0.000125878
6198.000000 0.000127233
6199.000000 0.000128588
6200.000000 0.000129944
6201.000000 0.000131285
6202.000000 0.000132639
6203.000000 0.000133993
6204.000000 0.000135347
6205.000000 0.000136702
6206.000000 0.000138057
6207.000000 0.000139421
6208.000000 0.000140787
6209.000000 0.000142152
6210.000000 0.000143517
6211.000000 0.000144884
6212.000000 0.000146257
6213.000000 0.000147631
6214.000000 0.000149004
6215.000000 0.000150378
6216.000000 0.000151752
6217.000000 0.000153129
6218.000000 0.000154507
6219.000000 0.000155885
6220.000000 0.000157263
6221.000000 0.000158658
6222.000000 0.000160053
6223.000000 0.00016145
6224.000000 0.000162845
6225.000000 0.000164242
6226.000000 0.00016564
6227.000000 0.000167034
6228.000000 0.000168429
6229.000000 0.000169825
6230.000000 0.000171221
6231.000000 0.0001726
6232.000000 0.000173974
6233.000000 0.000175347
6234.000000 0.000176721
6235.000000 0.000178096
6236.000000 0.00017947
6237.000000 0.000180835
6238.000000 0.000182201
6239.000000 0.000183568
6240.000000 0.000184933
6241.000000 0.00018631
6242.000000 0.000187675
6243.000000 0.00018904
6244.000000 0.000190405
6245.000000 0.000191772
6246.000000 0.000193138
6247.000000 0.000194491
6248.000000 0.000195844
6249.000000 0.000197197
6250.000000 0.000198551
6251.000000 0.0001999
6252.000000 0.000201234
6253.000000 0.000202568
6254.000000 0.000203901
6255.000000 0.000205236
6256.000000 0.000206571
6257.000000 0.000207888
6258.000000 0.000209205
6259.000000 0.000210522
6260.000000 0.00021184
6261.000000 0.000213164
6262.000000 0.000214469
6263.000000 0.000215775
6264.000000 0.000217081
6265.000000 0.000218386
6266.000000 0.000219693
6267.000000 0.00022098
6268.000000 0.000222266
6269.000000 0.000223554
6270.000000 0.000224841
6271.000000 0.000226145
6272.000000 0.000227429
6273.000000 0.000228713
6274.000000 0.000229998
6275.000000 0.000231283
6276.000000 0.000232569
6277.000000 0.000233835
6278.000000 0.0002351
6279.000000 0.000236366
6280.000000 0.000237633
6281.000000 0.000238868
6282.000000 0.000240083
6283.000000 0.000241297
6284.000000 0.000242512
6285.000000 0.000243727
6286.000000 0.000244942
6287.000000 0.000246138
6288.000000 0.000247334
6289.000000 0.000248531
6290.000000 0.000249727
6291.000000 0.00025093
6292.000000 0.000252117
6293.000000 0.000253303
6294.000000 0.00025449
6295.000000 0.000255677
6296.000000 0.000256864
6297.000000 0.000258036
6298.000000 0.000259209
6299.000000 0.000260382
6300.000000 0.000261555
6301.000000 0.000262725
6302.000000 0.000263885
6303.000000 0.000265045
6304.000000 0.000266204
6305.000000 0.000267365
6306.000000 0.000268524
6307.000000 0.000269679
6308.000000 0.000270834
6309.000000 0.000271989
6310.000000 0.000273144
6311.000000 0.000274318
6312.000000 0.000275494
6313.000000 0.000276669
6314.000000 0.000277845
6315.000000 0.000279022
6316.000000 0.000280199
6317.000000 0.000281386
6318.000000 0.000282573
6319.000000 0.000283761
6320.000000 0.000284948
6321.000000 0.000286136
6322.000000 0.000287345
6323.000000 0.000288554
6324.000000 0.000289764
6325.000000 0.000290974
6326.000000 0.000292184
6327.000000 0.00029343
6328.000000 0.000294676
6329.000000 0.000295923
6330.000000 0.000297169
6331.000000 0.000298423
6332.000000 0.000299729
6333.000000 0.000301036
6334.000000 0.000302343
6335.000000 0.000303651
6336.000000 0.000304959
6337.000000 0.000306345
6338.000000 0.000307731
6339.000000 0.000309117
6340.000000 0.000310504
6341.000000 0.000311846
6342.000000 0.000313295
6343.000000 0.000314744
6344.000000 0.000316194
6345.000000 0.000317643
6346.000000 0.000319092
6347.000000 0.000320688
6348.000000 0.000322283
6349.000000 0.000323878
6350.000000 0.000325473
6351.000000 0.000327106
6352.000000 0.000328935
6353.000000 0.000330764
6354.000000 0.000332594
6355.000000 0.000334424
6356.000000 0.000336255
6357.000000 0.000338347
6358.000000 0.000340437
6359.000000 0.000342531
6360.000000 0.000344623
6361.000000 0.000346697
6362.000000 0.000349116
6363.000000 0.000351535
6364.000000 0.000353955
6365.000000 0.000356374
6366.000000 0.000358795
6367.000000 0.000361672
6368.000000 0.000364549
6369.000000 0.000367428
6370.000000 0.000370306
6371.000000 0.000373231
6372.000000 0.000376763
6373.000000 0.000380296
6374.000000 0.00038383
6375.000000 0.000387366
6376.000000 0.000390903
6377.000000 0.000395245
6378.000000 0.000399589
6379.000000 0.000403934
6380.000000 0.000408282
6381.000000 0.000412606
6382.000000 0.000418003
6383.000000 0.000423402
6384.000000 0.000428803
6385.000000 0.000434204
6386.000000 0.000439607
6387.000000 0.000446448
6388.000000 0.000453291
6389.000000 0.000460136
6390.000000 0.000466982
6391.000000 0.000473798
6392.000000 0.00048255
6393.000000 0.000491304
6394.000000 0.000500058
6395.000000 0.000508813
6396.000000 0.000517571
6397.000000 0.000528956
6398.000000 0.000540343
6399.000000 0.000551731
6400.000000 0.000563123
6401.000000 0.000574521
6402.000000 0.000589517
6403.000000 0.000604516
6404.000000 0.000619517
6405.000000 0.00063452
6406.000000 0.000649527
6407.000000 0.0006695
6408.000000 0.000689477
6409.000000 0.000709454
6410.000000 0.000729436
6411.000000 0.000749473
6412.000000 0.000776437
6413.000000 0.000803411
6414.000000 0.000830392
6415.000000 0.000857383
6416.000000 0.000884378
6417.000000 0.000921142
6418.000000 0.000957917
6419.000000 0.000994702
6420.000000 0.0010315
6421.000000 0.00106815
6422.000000 0.0011187
6423.000000 0.00116925
6424.000000 0.00121981
6425.000000 0.00127036
6426.000000 0.00132091
6427.000000 0.00139152
6428.000000 0.00146213
6429.000000 0.00153274
6430.000000 0.00160335
6431.000000 0.00167403
6432.000000 0.00177402
6433.000000 0.00187402
6434.000000 0.00197403
6435.000000 0.00207404
6436.000000 0.00217407
6437.000000 0.0023175
6438.000000 0.00246094
6439.000000 0.00260439
6440.000000 0.00274786
6441.000000 0.00289138
6442.000000 0.0031001
6443.000000 0.00330885
6444.000000 0.00351762
6445.000000 0.00372641
6446.000000 0.00393524
6447.000000 0.00424341
6448.000000 0.00455161
6449.000000 0.00485986
6450.000000 0.00516815
6451.000000 0.00547657
6452.000000 0.00593856
6453.000000 0.00640061
6454.000000 0.00686272
6455.000000 0.00732495
6456.000000 0.00778722
6457.000000 0.0084898
6458.000000 0.00919251
6459.000000 0.00989533
6460.000000 0.0105982
6461.000000 0.0112999
6462.000000 0.0123809
6463.000000 0.0134618
6464.000000 0.0145426
6465.000000 0.0156234
6466.000000 0.016704
6467.000000 0.0183854
6468.000000 0.0200667
6469.000000 0.0217478
6470.000000 0.0234288
6471.000000 0.0251131
6472.000000 0.0277406
6473.000000 0.0303685
6474.000000 0.0329969
6475.000000 0.0356259
6476.000000 0.0382553
6477.000000 0.0423179
6478.000000 0.0463813
6479.000000 0.0504454
6480.000000 0.0545104
6481.000000 0.0585695
6482.000000 0.0646518
6483.000000 0.0707337
6484.000000 0.0768153
6485.000000 0.082897
6486.000000 0.0889782
6487.000000 0.0975267
6488.000000 0.106075
6489.000000 0.114623
6490.000000 0.12317
6491.000000 0.131725
6492.000000 0.142526
6493.000000 0.153326
6494.000000 0.164129
6495.000000 0.174932
6496.000000 0.185736
6497.000000 0.197424
6498.000000 0.209114
6499.000000 0.220805
6500.000000 0.232496
6501.000000 0.244202
6502.000000 0.254663
6503.000000 0.265126
6504.000000 0.275592
6505.000000 0.28606
6506.000000 0.296529
6507.000000 0.304159
6508.000000 0.311789
6509.000000 0.31942
6510.000000 0.327054
6511.000000 0.334665
6512.000000 0.339236
6513.000000 0.343807
6514.000000 0.348378
6515.000000 0.35295
6516.000000 0.357521
6517.000000 0.359842
6518.000000 0.362162
6519.000000 0.364484
6520.000000 0.366805
6521.000000 0.369101
6522.000000 0.370092
6523.000000 0.371083
6524.000000 0.372073
6525.000000 0.373064
6526.000000 0.374055
6527.000000 0.374415
6528.000000 0.374776
6529.000000 0.375136
6530.000000 0.375497
6531.000000 0.375877
6532.000000 0.375998
6533.000000 0.37612
6534.000000 0.376241
6535.000000 0.376362
6536.000000 0.376483
6537.000000 0.376517
6538.000000 0.37655
6539.000000 0.376584
6540.000000 0.376616
6541.000000 0.376713
6542.000000 0.376786
6543.000000 0.37686
6544.000000 0.376932
6545.000000 0.377006
6546.000000 0.377078
6547.000000 0.377147
6548.000000 0.377215
6549.000000 0.377284
6550.000000 0.377351
6551.000000 0.377345
6552.000000 0.377336
6553.000000 0.377328
6554.000000 0.377321
6555.000000 0.377313
6556.000000 0.377304
6557.000000 0.377297
6558.000000 0.377288
6559.000000 0.377281
6560.000000 0.377273
6561.000000 0.377312
6562.000000 0.377349
6563.000000 0.377388
6564.000000 0.377427
6565.000000 0.377465
6566.000000 0.377504
6567.000000 0.377542
6568.000000 0.377579
6569.000000 0.377618
6570.000000 0.377657
6571.000000 0.377651
6572.000000 0.377641
6573.000000 0.377634
6574.000000 0.377626
6575.000000 0.377619
6576.000000 0.37761
6577.000000 0.377593
6578.000000 0.377574
6579.000000 0.377556
6580.000000 0.377537
6581.000000 0.377545
6582.000000 0.377507
6583.000000 0.37747
6584.000000 0.377433
6585.000000 0.377396
6586.000000 0.377359
6587.000000 0.377179
6588.000000 0.377
6589.000000 0.376821
6590.000000 0.376641
6591.000000 0.376454
6592.000000 0.375884
6593.000000 0.375315
6594.000000 0.374746
6595.000000 0.374177
6596.000000 0.373609
6597.000000 0.372175
6598.000000 0.370742
6599.000000 0.369309
6600.000000 0.367875
6601.000000 0.36646
6602.000000 0.363386
6603.000000 0.360312
6604.000000 0.357237
6605.000000 0.354162
6606.000000 0.351086
6607.000000 0.345401
6608.000000 0.339715
6609.000000 0.334028
6610.000000 0.328341
6611.000000 0.322626
6612.000000 0.313796
6613.000000 0.304966
6614.000000 0.296136
6615.000000 0.287307
6616.000000 0.278478
6617.000000 0.26726
6618.000000 0.256042
6619.000000 0.244825
6620.000000 0.233608
6621.000000 0.222396
6622.000000 0.210752
6623.000000 0.199108
6624.000000 0.187464
6625.000000 0.17582
6626.000000 0.164175
6627.000000 0.154091
6628.000000 0.144006
6629.000000 0.133921
6630.000000 0.123835
6631.000000 0.113753
6632.000000 0.106155
6633.000000 0.0985562
6634.000000 0.0909572
6635.000000 0.0833576
6636.000000 0.0757574
6637.000000 0.0705239
6638.000000 0.0652901
6639.000000 0.0600559
6640.000000 0.0548213
6641.000000 0.0495855
6642.000000 0.046152
6643.000000 0.0427185
6644.000000 0.0392848
6645.000000 0.035851
6646.000000 0.032417
6647.000000 0.0302107
6648.000000 0.0280043
6649.000000 0.0257978
6650.000000 0.0235911
6651.000000 0.0213833
6652.000000 0.0199689
6653.000000 0.0185545
6654.000000 0.0171402
6655.000000 0.015726
6656.000000 0.0143119
6657.000000 0.0133999
6658.000000 0.0124879
6659.000000 0.0115759
6660.000000 0.0106641
6661.000000 0.00975353
6662.000000 0.00915967
6663.000000 0.00856568
6664.000000 0.00797157
6665.000000 0.00737733
6666.000000 0.00678297
6667.000000 0.00638984
6668.000000 0.00599664
6669.000000 0.00560334
6670.000000 0.00520998
6671.000000 0.00481574
6672.000000 0.00455092
6673.000000 0.00428614
6674.000000 0.00402138
6675.000000 0.00375665
6676.000000 0.00349196
6677.000000 0.00331149
6678.000000 0.00313104
6679.000000 0.00295062
6680.000000 0.00277022
6681.000000 0.00259022
6682.000000 0.00246578
6683.000000 0.00234133
6684.000000 0.00221685
6685.000000 0.00209235
6686.000000 0.00196783
6687.000000 0.00188055
6688.000000 0.00179325
6689.000000 0.00170594
6690.000000 0.00161861
6691.000000 0.00153117
6692.000000 0.00146904
6693.000000 0.0014069
6694.000000 0.00134477
6695.000000 0.00128263
6696.000000 0.00122049
6697.000000 0.00117577
6698.000000 0.00113105
6699.000000 0.00108633
6700.000000 0.00104161
6701.000000 0.000996824
6702.000000 0.000964191
6703.000000 0.000931561
6704.000000 0.000898932
6705.000000 0.000866306
6706.000000 0.000833684
6707.000000 0.000809629
6708.000000 0.000785579
6709.000000 0.000761527
6710.000000 0.000737479
6711.000000 0.000713538
6712.000000 0.000695701
6713.000000 0.000677863
6714.000000 0.000660018
6715.000000 0.000642171
6716.000000 0.000624318
6717.000000 0.000610866
6718.000000 0.000597412
6719.000000 0.000583954
6720.000000 0.000570493
6721.000000 0.000556981
6722.000000 0.000546672
6723.000000 0.000536362
6724.000000 0.000526052
6725.000000 0.000515741
6726.000000 0.00050543
6727.000000 0.00049747
6728.000000 0.000489509
6729.000000 0.000481548
6730.000000 0.000473587
6731.000000 0.000465586
6732.000000 0.000459326
6733.000000 0.000453066
6734.000000 0.000446807
6735.000000 0.000440547
6736.000000 0.000434289
6737.000000 0.000429325
6738.000000 0.000424361
6739.000000 0.000419398
6740.000000 0.000414435
6741.000000 0.000409494
6742.000000 0.00040552
6743.000000 0.000401545
6744.000000 0.000397573
6745.000000 0.000393599
6746.000000 0.000389626
6747.000000 0.000386379
6748.000000 0.000383135
6749.000000 0.000379888
6750.000000 0.000376642
6751.000000 0.000373433
6752.000000 0.000370772
6753.000000 0.000368109
6754.000000 0.000365448
6755.000000 0.000362784
6756.000000 0.000360121
6757.000000 0.000357872
6758.000000 0.000355623
6759.000000 0.000353373
6760.000000 0.000351123
6761.000000 0.000348799
6762.000000 0.000346788
6763.000000 0.000344779
6764.000000 0.000342769
6765.000000 0.00034076
6766.000000 0.000338752
6767.000000 0.00033698
6768.000000 0.000335208
6769.000000 0.000333437
6770.000000 0.000331667
6771.000000 0.000329948
6772.000000 0.000328407
6773.000000 0.000326865
6774.000000 0.000325322
6775.000000 0.000323781
6776.000000 0.000322238
6777.000000 0.000320828
6778.000000 0.000319416
6779.000000 0.000318004
6780.000000 0.000316593
6781.000000 0.000315177
6782.000000 0.000313857
6783.000000 0.000312537
6784.000000 0.000311217
6785.000000 0.000309897
6786.000000 0.000308576
6787.000000 0.000307325
6788.000000 0.000306072
6789.000000 0.00030482
6790.000000 0.000303567
6791.000000 0.000302299
6792.000000 0.000301077
6793.000000 0.000299854
6794.000000 0.000298632
6795.000000 0.000297411
6796.000000 0.000296189
6797.000000 0.000294997
6798.000000 0.000293805
6799.000000 0.000292613
6800.000000 0.000291421
6801.000000 0.000290227
6802.000000 0.000289049
6803.000000 0.000287872
6804.000000 0.000286695
6805.000000 0.000285517
6806.000000 0.00028434
6807.000000 0.000283169
6808.000000 0.000281998
6809.000000 0.000280827
6810.000000 0.000279656
6811.000000 0.000278476
6812.000000 0.000277294
6813.000000 0.000276112
6814.000000 0.000274931
6815.000000 0.00027375
6816.000000 0.000272569
6817.000000 0.00027138
6818.000000 0.00027019
6819.000000 0.000269001
6820.000000 0.000267812
6821.000000 0.000266646
6822.000000 0.000265467
6823.000000 0.000264287
6824.000000 0.000263108
6825.000000 0.000261929
6826.000000 0.000260749
6827.000000 0.000259553
6828.000000 0.000258357
6829.000000 0.000257161
6830.000000 0.000255964
6831.000000 0.000254762
6832.000000 0.000253541
6833.000000 0.00025232
6834.000000 0.000251099
6835.000000 0.000249878
6836.000000 0.000248657
6837.000000 0.000247415
6838.000000 0.000246174
6839.000000 0.000244931
6840.000000 0.00024369
6841.000000 0.000242427
6842.000000 0.000241142
6843.000000 0.000239857
6844.000000 0.000238573
6845.000000 0.000237289
6846.000000 0.000236005
6847.000000 0.0002347
6848.000000 0.000233395
6849.000000 0.000232091
6850.000000 0.000230786
6851.000000 0.0002295
6852.000000 0.000228192
6853.000000 0.000226885
6854.000000 0.000225578
6855.000000 0.00022427
6856.000000 0.000222962
6857.000000 0.000221635
6858.000000 0.000220307
6859.000000 0.00021898
6860.000000 0.000217653
6861.000000 0.000216339
6862.000000 0.000215006
6863.000000 0.000213673
6864.000000 0.00021234
6865.000000 0.000211006
6866.000000 0.000209673
6867.000000 0.000208322
6868.000000 0.000206971
6869.000000 0.00020562
6870.000000 0.000204268
6871.000000 0.000202902
6872.000000 0.000201519
6873.000000 0.000200137
6874.000000 0.000198756
6875.000000 0.000197374
6876.000000 0.000195992
6877.000000 0.000194598
6878.000000 0.000193203
6879.000000 0.000191808
6880.000000 0.000190414
6881.000000 0.000189025
6882.000000 0.000187625
6883.000000 0.000186225
6884.000000 0.000184825
6885.000000 0.000183426
6886.000000 0.000182026
6887.000000 0.000180619
6888.000000 0.000179211
6889.000000 0.000177803
6890.000000 0.000176396
6891.000000 0.000174979
6892.000000 0.000173557
6893.000000 0.000172135
6894.000000 0.000170714
6895.000000 0.000169292
6896.000000 0.000167871
6897.000000 0.000166449
6898.000000 0.000165026
6899.000000 0.000163604
6900.000000 0.000162182
6901.000000 0.000160764
6902.000000 0.000159348
6903.000000 0.000157932
6904.000000 0.000156516
6905.000000 0.0001551
6906.000000 0.000153684
6907.000000 0.000152274
6908.000000 0.000150864
6909.000000 0.000149454
6910.000000 0.000148043
6911.000000 0.000146655
6912.000000 0.000145275
6913.000000 0.000143894
6914.000000 0.000142514
6915.000000 0.000141132
6916.000000 0.000139751
6917.000000 0.000138381
6918.000000 0.000137011
6919.000000 0.00013564
6920.000000 0.000134269
6921.000000 0.000132877
6922.000000 0.0001315
6923.000000 0.000130123
6924.000000 0.000128746
6925.000000 0.000127369
6926.000000 0.000125993
6927.000000 0.000124635
6928.000000 0.000123277
6929.000000 0.00012192
6930.000000 0.000120563
6931.000000 0.000119201
6932.000000 0.000117862
6933.000000 0.000116523
6934.000000 0.000115184
6935.000000 0.000113846
6936.000000 0.000112508
6937.000000 0.000111195
6938.000000 0.000109882
6939.000000 0.00010857
6940.000000 0.000107258
6941.000000 0.000105959
6942.000000 0.000104689
6943.000000 0.000103418
6944.000000 0.000102148
6945.000000 0.000100877
6946.000000 9.9606e-05
6947.000000 9.83667e-05
6948.000000 9.7127e-05
6949.000000 9.58877e-05
6950.000000 9.46478e-05
6951.000000 9.33927e-05
6952.000000 9.2172e-05
6953.000000 9.09517e-05
6954.000000 8.97317e-05
6955.000000 8.85121e-05
6956.000000 8.72927e-05
6957.000000 8.61106e-05
6958.000000 8.4929e-05
6959.000000 8.37475e-05
6960.000000 8.25662e-05
6961.000000 8.13874e-05
6962.000000 8.02479e-05
6963.000000 7.91089e-05
6964.000000 7.797e-05
6965.000000 7.68313e-05
6966.000000 7.5693e-05
