3797.000000 7.86814e-05
3798.000000 8.83984e-05
3799.000000 9.81664e-05
3800.000000 0.000107984
3801.000000 0.000117739
3802.000000 0.000127525
3803.000000 0.000137344
3804.000000 0.000147194
3805.000000 0.000157077
3806.000000 0.000166992
3807.000000 0.000176939
3808.000000 0.000186919
3809.000000 0.000196931
3810.000000 0.000206974
3811.000000 0.000217089
3812.000000 0.00022724
3813.000000 0.000237427
3814.000000 0.00024765
3815.000000 0.000257909
3816.000000 0.000268205
3817.000000 0.000278537
3818.000000 0.000288904
3819.000000 0.000299308
3820.000000 0.000309749
3821.000000 0.000320248
3822.000000 0.000330785
3823.000000 0.000341359
3824.000000 0.000351972
3825.000000 0.000362624
3826.000000 0.000373312
3827.000000 0.00038404
3828.000000 0.000394805
3829.000000 0.00040561
3830.000000 0.000416453
3831.000000 0.000496832
3832.000000 0.000577546
3833.000000 0.000658594
3834.000000 0.000739976
3835.000000 0.000821698
3836.000000 0.000903754
3837.000000 0.000986148
3838.000000 0.00106888
3839.000000 0.00115195
3840.000000 0.00123536
3841.000000 0.00131903
3842.000000 0.00140303
3843.000000 0.00148736
3844.000000 0.00157202
3845.000000 0.00165702
3846.000000 0.00174235
3847.000000 0.00182801
3848.000000 0.00191401
3849.000000 0.00200035
3850.000000 0.00208702
3851.000000 0.0022573
3852.000000 0.00242832
3853.000000 0.00260007
3854.000000 0.00277256
3855.000000 0.0029458
3856.000000 0.00311978
3857.000000 0.0032945
3858.000000 0.00346998
3859.000000 0.00364619
3860.000000 0.00382315
3861.000000 0.00410168
3862.000000 0.0043813
3863.000000 0.00466204
3864.000000 0.0049439
3865.000000 0.00522688
3866.000000 0.00551099
3867.000000 0.00579621
3868.000000 0.00608256
3869.000000 0.00637006
3870.000000 0.00665867
3871.000000 0.0071008
3872.000000 0.00754482
3873.000000 0.00799076
3874.000000 0.00843859
3875.000000 0.00888834
3876.000000 0.00934
3877.000000 0.00979358
3878.000000 0.0102491
3879.000000 0.0107065
3880.000000 0.0111659
3881.000000 0.0118014
3882.000000 0.0124398
3883.000000 0.013081
3884.000000 0.013725
3885.000000 0.0143718
3886.000000 0.0150214
3887.000000 0.015674
3888.000000 0.0163293
3889.000000 0.0169875
3890.000000 0.0176485
3891.000000 0.0184764
3892.000000 0.0193076
3893.000000 0.0201423
3894.000000 0.0209803
3895.000000 0.0218218
3896.000000 0.0226668
3897.000000 0.0235152
3898.000000 0.0243671
3899.000000 0.0252224
3900.000000 0.0260812
3901.000000 0.0269787
3902.000000 0.0278803
3903.000000 0.0287857
3904.000000 0.0296951
3905.000000 0.0306084
3906.000000 0.0315257
3907.000000 0.0324469
3908.000000 0.0333721
3909.000000 0.0343013
3910.000000 0.0352344
3911.000000 0.0362199
3912.000000 0.0372095
3913.000000 0.0382029
3914.000000 0.0392003
3915.000000 0.0402016
3916.000000 0.0412069
3917.000000 0.0422162
3918.000000 0.0432295
3919.000000 0.0442469
3920.000000 0.0452681
3921.000000 0.0462392
3922.000000 0.0472142
3923.000000 0.0481933
3924.000000 0.0491761
3925.000000 0.050163
3926.000000 0.0511538
3927.000000 0.0521486
3928.000000 0.0531474
3929.000000 0.0541502
3930.000000 0.0551571
3931.000000 0.0562155
3932.000000 0.0572777
3933.000000 0.0583439
3934.000000 0.0594139
3935.000000 0.0604877
3936.000000 0.0615656
3937.000000 0.062647
3938.000000 0.0637326
3939.000000 0.064822
3940.000000 0.0659153
3941.000000 0.066903
3942.000000 0.0678949
3943.000000 0.0688901
3944.000000 0.0698893
3945.000000 0.0708923
3946.000000 0.0718991
3947.000000 0.0729098
3948.000000 0.0739243
3949.000000 0.0749427
3950.000000 0.0759647
3951.000000 0.0771327
3952.000000 0.0783048
3953.000000 0.079481
3954.000000 0.0806615
3955.000000 0.0818459
3956.000000 0.0830348
3957.000000 0.0842277
3958.000000 0.0854247
3959.000000 0.0866259
3960.000000 0.0878316
3961.000000 0.0889839
3962.000000 0.0901405
3963.000000 0.0913014
3964.000000 0.0924661
3965.000000 0.0936351
3966.000000 0.0948085
3967.000000 0.0959856
3968.000000 0.0971673
3969.000000 0.098353
3970.000000 0.0995428
3971.000000 0.100851
3972.000000 0.102163
3973.000000 0.10348
3974.000000 0.104801
3975.000000 0.106126
3976.000000 0.107456
3977.000000 0.10879
3978.000000 0.110129
3979.000000 0.111472
3980.000000 0.112819
3981.000000 0.114027
3982.000000 0.115238
3983.000000 0.116454
3984.000000 0.117674
3985.000000 0.118897
3986.000000 0.120126
3987.000000 0.121359
3988.000000 0.122595
3989.000000 0.123837
3990.000000 0.125082
3991.000000 0.126272
3992.000000 0.127465
3993.000000 0.128662
3994.000000 0.129862
3995.000000 0.131067
3996.000000 0.132275
3997.000000 0.133487
3998.000000 0.134702
3999.000000 0.135922
4000.000000 0.137144
4001.000000 0.138103
4002.000000 0.139063
4003.000000 0.140026
4004.000000 0.14099
4005.000000 0.141956
4006.000000 0.142923
4007.000000 0.143893
4008.000000 0.144864
4009.000000 0.145838
4010.000000 0.146813
4011.000000 0.147778
4012.000000 0.148745
4013.000000 0.149713
4014.000000 0.150684
4015.000000 0.151656
4016.000000 0.15263
4017.000000 0.153605
4018.000000 0.154582
4019.000000 0.155561
4020.000000 0.156541
4021.000000 0.157475
4022.000000 0.158411
4023.000000 0.159349
4024.000000 0.160289
4025.000000 0.16123
4026.000000 0.162173
4027.000000 0.163118
4028.000000 0.164064
4029.000000 0.165013
4030.000000 0.165963
4031.000000 0.167207
4032.000000 0.168454
4033.000000 0.169703
4034.000000 0.170953
4035.000000 0.172206
4036.000000 0.173461
4037.000000 0.174719
4038.000000 0.175978
4039.000000 0.17724
4040.000000 0.178504
4041.000000 0.179714
4042.000000 0.180926
4043.000000 0.18214
4044.000000 0.183356
4045.000000 0.184574
4046.000000 0.185793
4047.000000 0.187014
4048.000000 0.188238
4049.000000 0.189463
4050.000000 0.19069
4051.000000 0.19215
4052.000000 0.193613
4053.000000 0.195077
4054.000000 0.196544
4055.000000 0.198012
4056.000000 0.199483
4057.000000 0.200956
4058.000000 0.202431
4059.000000 0.203907
4060.000000 0.205385
4061.000000 0.206458
4062.000000 0.207531
4063.000000 0.208607
4064.000000 0.209684
4065.000000 0.210763
4066.000000 0.211843
4067.000000 0.212925
4068.000000 0.214008
4069.000000 0.215094
4070.000000 0.216181
4071.000000 0.21721
4072.000000 0.218241
4073.000000 0.219273
4074.000000 0.220307
4075.000000 0.221343
4076.000000 0.222382
4077.000000 0.22342
4078.000000 0.224461
4079.000000 0.225503
4080.000000 0.226547
4081.000000 0.227012
4082.000000 0.227477
4083.000000 0.227943
4084.000000 0.22841
4085.000000 0.228877
4086.000000 0.229344
4087.000000 0.229812
4088.000000 0.230281
4089.000000 0.23075
4090.000000 0.23122
4091.000000 0.231803
4092.000000 0.232387
4093.000000 0.232971
4094.000000 0.233557
4095.000000 0.234143
4096.000000 0.234729
4097.000000 0.235318
4098.000000 0.235906
4099.000000 0.236494
4100.000000 0.237084
4101.000000 0.2376
4102.000000 0.238117
4103.000000 0.238635
4104.000000 0.239152
4105.000000 0.239671
4106.000000 0.240189
4107.000000 0.240709
4108.000000 0.241229
4109.000000 0.24175
4110.000000 0.242271
4111.000000 0.243007
4112.000000 0.243746
4113.000000 0.244485
4114.000000 0.245225
4115.000000 0.245966
4116.000000 0.246707
4117.000000 0.24745
4118.000000 0.248193
4119.000000 0.248938
4120.000000 0.249683
4121.000000 0.250381
4122.000000 0.251079
4123.000000 0.251778
4124.000000 0.252478
4125.000000 0.253177
4126.000000 0.253878
4127.000000 0.254579
4128.000000 0.255282
4129.000000 0.255985
4130.000000 0.256688
4131.000000 0.257588
4132.000000 0.25849
4133.000000 0.259392
4134.000000 0.260296
4135.000000 0.2612
4136.000000 0.262105
4137.000000 0.263011
4138.000000 0.263918
4139.000000 0.264825
4140.000000 0.265734
4141.000000 0.266195
4142.000000 0.266657
4143.000000 0.267118
4144.000000 0.26758
4145.000000 0.268044
4146.000000 0.268507
4147.000000 0.268971
4148.000000 0.269436
4149.000000 0.269901
4150.000000 0.270366
4151.000000 0.270754
4152.000000 0.271142
4153.000000 0.27153
4154.000000 0.271917
4155.000000 0.272306
4156.000000 0.272695
4157.000000 0.273084
4158.000000 0.273473
4159.000000 0.273862
4160.000000 0.274252
4161.000000 0.274163
4162.000000 0.274074
4163.000000 0.273985
4164.000000 0.273896
4165.000000 0.273806
4166.000000 0.273716
4167.000000 0.273627
4168.000000 0.273537
4169.000000 0.273446
4170.000000 0.273356
4171.000000 0.273518
4172.000000 0.273681
4173.000000 0.273843
4174.000000 0.274006
4175.000000 0.274168
4176.000000 0.274331
4177.000000 0.274494
4178.000000 0.274657
4179.000000 0.27482
4180.000000 0.274983
4181.000000 0.274909
4182.000000 0.274835
4183.000000 0.274761
4184.000000 0.274687
4185.000000 0.274612
4186.000000 0.274537
4187.000000 0.274463
4188.000000 0.274387
4189.000000 0.274312
4190.000000 0.274236
4191.000000 0.274748
4192.000000 0.275261
4193.000000 0.275775
4194.000000 0.276288
4195.000000 0.276801
4196.000000 0.277316
4197.000000 0.277829
4198.000000 0.278344
4199.000000 0.278859
4200.000000 0.279374
4201.000000 0.279708
4202.000000 0.280041
4203.000000 0.280376
4204.000000 0.280709
4205.000000 0.281044
4206.000000 0.281378
4207.000000 0.281714
4208.000000 0.282049
4209.000000 0.282384
4210.000000 0.282719
4211.000000 0.283562
4212.000000 0.284406
4213.000000 0.285251
4214.000000 0.286096
4215.000000 0.286942
4216.000000 0.287788
4217.000000 0.288635
4218.000000 0.289482
4219.000000 0.29033
4220.000000 0.291178
4221.000000 0.291579
4222.000000 0.29198
4223.000000 0.292383
4224.000000 0.292784
4225.000000 0.293187
4226.000000 0.293588
4227.000000 0.29399
4228.000000 0.294393
4229.000000 0.294797
4230.000000 0.295199
4231.000000 0.29601
4232.000000 0.296823
4233.000000 0.297634
4234.000000 0.298447
4235.000000 0.299259
4236.000000 0.300072
4237.000000 0.300885
4238.000000 0.301699
4239.000000 0.302513
4240.000000 0.303327
4241.000000 0.30373
4242.000000 0.304133
4243.000000 0.304538
4244.000000 0.304942
4245.000000 0.305345
4246.000000 0.305749
4247.000000 0.306153
4248.000000 0.306557
4249.000000 0.306962
4250.000000 0.307366
4251.000000 0.308028
4252.000000 0.30869
4253.000000 0.309352
4254.000000 0.310014
4255.000000 0.310677
4256.000000 0.311339
4257.000000 0.312003
4258.000000 0.312666
4259.000000 0.31333
4260.000000 0.313993
4261.000000 0.314158
4262.000000 0.314322
4263.000000 0.314487
4264.000000 0.31465
4265.000000 0.314815
4266.000000 0.314979
4267.000000 0.315144
4268.000000 0.315309
4269.000000 0.315473
4270.000000 0.315638
4271.000000 0.316176
4272.000000 0.316714
4273.000000 0.317253
4274.000000 0.31779
4275.000000 0.318329
4276.000000 0.318867
4277.000000 0.319406
4278.000000 0.319945
4279.000000 0.320485
4280.000000 0.321023
4281.000000 0.321173
4282.000000 0.321323
4283.000000 0.321472
4284.000000 0.321622
4285.000000 0.321771
4286.000000 0.321921
4287.000000 0.322071
4288.000000 0.32222
4289.000000 0.32237
4290.000000 0.32252
4291.000000 0.322941
4292.000000 0.323362
4293.000000 0.323783
4294.000000 0.324204
4295.000000 0.324626
4296.000000 0.325048
4297.000000 0.325469
4298.000000 0.325892
4299.000000 0.326314
4300.000000 0.326736
4301.000000 0.326729
4302.000000 0.326721
4303.000000 0.326713
4304.000000 0.326706
4305.000000 0.326698
4306.000000 0.326691
4307.000000 0.326683
4308.000000 0.326676
4309.000000 0.326669
4310.000000 0.326662
4311.000000 0.327028
4312.000000 0.327395
4313.000000 0.327763
4314.000000 0.32813
4315.000000 0.328498
4316.000000 0.328866
4317.000000 0.329234
4318.000000 0.329602
4319.000000 0.329971
4320.000000 0.330339
4321.000000 0.330372
4322.000000 0.330403
4323.000000 0.330436
4324.000000 0.330469
4325.000000 0.330501
4326.000000 0.330533
4327.000000 0.330565
4328.000000 0.330597
4329.000000 0.33063
4330.000000 0.330662
4331.000000 0.330876
4332.000000 0.33109
4333.000000 0.331304
4334.000000 0.331518
4335.000000 0.331732
4336.000000 0.331946
4337.000000 0.33216
4338.000000 0.332374
4339.000000 0.332588
4340.000000 0.332802
4341.000000 0.332855
4342.000000 0.332909
4343.000000 0.332962
4344.000000 0.333015
4345.000000 0.333069
4346.000000 0.333122
4347.000000 0.333176
4348.000000 0.333229
4349.000000 0.333283
4350.000000 0.333337
4351.000000 0.333587
4352.000000 0.333838
4353.000000 0.334089
4354.000000 0.33434
4355.000000 0.334591
4356.000000 0.334842
4357.000000 0.335093
4358.000000 0.335345
4359.000000 0.335596
4360.000000 0.335846
4361.000000 0.336
4362.000000 0.336152
4363.000000 0.336305
4364.000000 0.336458
4365.000000 0.336611
4366.000000 0.336764
4367.000000 0.336917
4368.000000 0.33707
4369.000000 0.337223
4370.000000 0.337376
4371.000000 0.337536
4372.000000 0.337694
4373.000000 0.337854
4374.000000 0.338014
4375.000000 0.338174
4376.000000 0.338334
4377.000000 0.338493
4378.000000 0.338653
4379.000000 0.338813
4380.000000 0.338972
4381.000000 0.339053
4382.000000 0.339134
4383.000000 0.339215
4384.000000 0.339296
4385.000000 0.339377
4386.000000 0.339458
4387.000000 0.339539
4388.000000 0.339619
4389.000000 0.339701
4390.000000 0.339781
4391.000000 0.339648
4392.000000 0.339516
4393.000000 0.339383
4394.000000 0.33925
4395.000000 0.339118
4396.000000 0.338986
4397.000000 0.338853
4398.000000 0.338721
4399.000000 0.338588
4400.000000 0.338456
4401.000000 0.338283
4402.000000 0.338109
4403.000000 0.337935
4404.000000 0.337762
4405.000000 0.337588
4406.000000 0.337414
4407.000000 0.33724
4408.000000 0.337067
4409.000000 0.336893
4410.000000 0.33672
4411.000000 0.336783
4412.000000 0.336846
4413.000000 0.336909
4414.000000 0.336973
4415.000000 0.337036
4416.000000 0.337099
4417.000000 0.337162
4418.000000 0.337225
4419.000000 0.337289
4420.000000 0.337352
4421.000000 0.337179
4422.000000 0.337006
4423.000000 0.336832
4424.000000 0.336659
4425.000000 0.336486
4426.000000 0.336312
4427.000000 0.336139
4428.000000 0.335966
4429.000000 0.335792
4430.000000 0.335619
4431.000000 0.335778
4432.000000 0.335938
4433.000000 0.336097
4434.000000 0.336257
4435.000000 0.336416
4436.000000 0.336575
4437.000000 0.336734
4438.000000 0.336894
4439.000000 0.337053
4440.000000 0.337211
4441.000000 0.337318
4442.000000 0.337426
4443.000000 0.337532
4444.000000 0.337638
4445.000000 0.337745
4446.000000 0.337852
4447.000000 0.337958
4448.000000 0.338065
4449.000000 0.338171
4450.000000 0.338278
4451.000000 0.338538
4452.000000 0.338798
4453.000000 0.339058
4454.000000 0.339317
4455.000000 0.339577
4456.000000 0.339837
4457.000000 0.340096
4458.000000 0.340355
4459.000000 0.340615
4460.000000 0.340873
4461.000000 0.341099
4462.000000 0.341322
4463.000000 0.341546
4464.000000 0.34177
4465.000000 0.341994
4466.000000 0.342218
4467.000000 0.342442
4468.000000 0.342665
4469.000000 0.342889
4470.000000 0.343113
4471.000000 0.343383
4472.000000 0.343651
4473.000000 0.34392
4474.000000 0.344189
4475.000000 0.344459
4476.000000 0.344727
4477.000000 0.344996
4478.000000 0.345265
4479.000000 0.345533
4480.000000 0.345802
4481.000000 0.346008
4482.000000 0.346215
4483.000000 0.346421
4484.000000 0.346626
4485.000000 0.346832
4486.000000 0.347038
4487.000000 0.347243
4488.000000 0.347449
4489.000000 0.347654
4490.000000 0.347859
4491.000000 0.348095
4492.000000 0.348332
4493.000000 0.348568
4494.000000 0.348804
4495.000000 0.349039
4496.000000 0.349276
4497.000000 0.349511
4498.000000 0.349747
4499.000000 0.349983
4500.000000 0.350218
4501.000000 0.350262
4502.000000 0.350306
4503.000000 0.35035
4504.000000 0.350393
4505.000000 0.350437
4506.000000 0.35048
4507.000000 0.350523
4508.000000 0.350566
4509.000000 0.35061
4510.000000 0.350653
4511.000000 0.350788
4512.000000 0.350922
4513.000000 0.351057
4514.000000 0.351191
4515.000000 0.351325
4516.000000 0.35146
4517.000000 0.351595
4518.000000 0.351728
4519.000000 0.351862
4520.000000 0.351996
4521.000000 0.351963
4522.000000 0.351931
4523.000000 0.351898
4524.000000 0.351865
4525.000000 0.351833
4526.000000 0.3518
4527.000000 0.351767
4528.000000 0.351735
4529.000000 0.351702
4530.000000 0.351669
4531.000000 0.351593
4532.000000 0.351518
4533.000000 0.351441
4534.000000 0.351365
4535.000000 0.351289
4536.000000 0.351213
4537.000000 0.351137
4538.000000 0.35106
4539.000000 0.350985
4540.000000 0.350909
4541.000000 0.350809
4542.000000 0.350711
4543.000000 0.350613
4544.000000 0.350514
4545.000000 0.350416
4546.000000 0.350316
4547.000000 0.350218
4548.000000 0.350119
4549.000000 0.350021
4550.000000 0.349921
4551.000000 0.349661
4552.000000 0.3494
4553.000000 0.34914
4554.000000 0.348879
4555.000000 0.348618
4556.000000 0.348358
4557.000000 0.348098
4558.000000 0.347837
4559.000000 0.347577
4560.000000 0.347316
4561.000000 0.347195
4562.000000 0.347073
4563.000000 0.346951
4564.000000 0.34683
4565.000000 0.346708
4566.000000 0.346585
4567.000000 0.346464
4568.000000 0.346341
4569.000000 0.346219
4570.000000 0.346097
4571.000000 0.345817
4572.000000 0.345537
4573.000000 0.345256
4574.000000 0.344976
4575.000000 0.344695
4576.000000 0.344415
4577.000000 0.344134
4578.000000 0.343854
4579.000000 0.343574
4580.000000 0.343293
4581.000000 0.343289
4582.000000 0.343284
4583.000000 0.34328
4584.000000 0.343275
4585.000000 0.343271
4586.000000 0.343266
4587.000000 0.343261
4588.000000 0.343256
4589.000000 0.343251
4590.000000 0.343246
4591.000000 0.343164
4592.000000 0.343083
4593.000000 0.343002
4594.000000 0.342919
4595.000000 0.342838
4596.000000 0.342757
4597.000000 0.342675
4598.000000 0.342593
4599.000000 0.342511
4600.000000 0.342429
4601.000000 0.342768
4602.000000 0.343106
4603.000000 0.343444
4604.000000 0.343782
4605.000000 0.34412
4606.000000 0.344458
4607.000000 0.344795
4608.000000 0.345133
4609.000000 0.34547
4610.000000 0.345809
4611.000000 0.345762
4612.000000 0.345714
4613.000000 0.345667
4614.000000 0.34562
4615.000000 0.345573
4616.000000 0.345526
4617.000000 0.345478
4618.000000 0.345432
4619.000000 0.345384
4620.000000 0.345337
4621.000000 0.34574
4622.000000 0.346142
4623.000000 0.346545
4624.000000 0.346948
4625.000000 0.34735
4626.000000 0.347753
4627.000000 0.348155
4628.000000 0.348557
4629.000000 0.34896
4630.000000 0.349362
4631.000000 0.349644
4632.000000 0.349926
4633.000000 0.350207
4634.000000 0.35049
4635.000000 0.350772
4636.000000 0.351052
4637.000000 0.351334
4638.000000 0.351615
4639.000000 0.351896
4640.000000 0.352178
4641.000000 0.352355
4642.000000 0.352531
4643.000000 0.352708
4644.000000 0.352884
4645.000000 0.353062
4646.000000 0.353238
4647.000000 0.353414
4648.000000 0.353591
4649.000000 0.353768
4650.000000 0.353944
4651.000000 0.354086
4652.000000 0.354229
4653.000000 0.354371
4654.000000 0.354513
4655.000000 0.354656
4656.000000 0.354797
4657.000000 0.354939
4658.000000 0.355081
4659.000000 0.355224
4660.000000 0.355365
4661.000000 0.355717
4662.000000 0.356068
4663.000000 0.35642
4664.000000 0.356771
4665.000000 0.357122
4666.000000 0.357474
4667.000000 0.357825
4668.000000 0.358176
4669.000000 0.358527
4670.000000 0.358879
4671.000000 0.358898
4672.000000 0.358918
4673.000000 0.358938
4674.000000 0.358958
4675.000000 0.358978
4676.000000 0.358998
4677.000000 0.359017
4678.000000 0.359038
4679.000000 0.359057
4680.000000 0.359076
4681.000000 0.3589
4682.000000 0.358726
4683.000000 0.35855
4684.000000 0.358374
4685.000000 0.358199
4686.000000 0.358023
4687.000000 0.357847
4688.000000 0.357671
4689.000000 0.357495
4690.000000 0.35732
4691.000000 0.357226
4692.000000 0.357131
4693.000000 0.357037
4694.000000 0.356943
4695.000000 0.356849
4696.000000 0.356754
4697.000000 0.35666
4698.000000 0.356566
4699.000000 0.356472
4700.000000 0.356377
4701.000000 0.356341
4702.000000 0.356303
4703.000000 0.356266
4704.000000 0.35623
4705.000000 0.356193
4706.000000 0.356156
4707.000000 0.356119
4708.000000 0.356082
4709.000000 0.356044
4710.000000 0.356007
4711.000000 0.356195
4712.000000 0.356384
4713.000000 0.356573
4714.000000 0.356762
4715.000000 0.356951
4716.000000 0.357138
4717.000000 0.357327
4718.000000 0.357514
4719.000000 0.357701
4720.000000 0.357889
4721.000000 0.357566
4722.000000 0.357244
4723.000000 0.356921
4724.000000 0.356599
4725.000000 0.356277
4726.000000 0.355953
4727.000000 0.35563
4728.000000 0.355307
4729.000000 0.354984
4730.000000 0.354662
4731.000000 0.354686
4732.000000 0.354711
4733.000000 0.354736
4734.000000 0.354762
4735.000000 0.354786
4736.000000 0.354811
4737.000000 0.354836
4738.000000 0.354861
4739.000000 0.354885
4740.000000 0.35491
4741.000000 0.354792
4742.000000 0.354674
4743.000000 0.354555
4744.000000 0.354438
4745.000000 0.354319
4746.000000 0.354201
4747.000000 0.354083
4748.000000 0.353964
4749.000000 0.353846
4750.000000 0.353728
4751.000000 0.354101
4752.000000 0.354474
4753.000000 0.354846
4754.000000 0.355219
4755.000000 0.355592
4756.000000 0.355965
4757.000000 0.356339
4758.000000 0.356711
4759.000000 0.357084
4760.000000 0.357456
4761.000000 0.357399
4762.000000 0.357342
4763.000000 0.357285
4764.000000 0.357228
4765.000000 0.35717
4766.000000 0.357113
4767.000000 0.357056
4768.000000 0.356998
4769.000000 0.356941
4770.000000 0.356883
4771.000000 0.357292
4772.000000 0.357701
4773.000000 0.358109
4774.000000 0.358518
4775.000000 0.358927
4776.000000 0.359336
4777.000000 0.359745
4778.000000 0.360154
4779.000000 0.360562
4780.000000 0.360971
4781.000000 0.360871
4782.000000 0.36077
4783.000000 0.36067
4784.000000 0.36057
4785.000000 0.360469
4786.000000 0.360369
4787.000000 0.360268
4788.000000 0.360168
4789.000000 0.360068
4790.000000 0.359968
4791.000000 0.360036
4792.000000 0.360105
4793.000000 0.360174
4794.000000 0.360243
4795.000000 0.360311
4796.000000 0.36038
4797.000000 0.360449
4798.000000 0.360517
4799.000000 0.360586
4800.000000 0.360655
4801.000000 0.360622
4802.000000 0.360587
4803.000000 0.360553
4804.000000 0.36052
4805.000000 0.360485
4806.000000 0.360451
4807.000000 0.360418
4808.000000 0.360384
4809.000000 0.360351
4810.000000 0.360317
4811.000000 0.360366
4812.000000 0.360415
4813.000000 0.360465
4814.000000 0.360514
4815.000000 0.360564
4816.000000 0.360613
4817.000000 0.360663
4818.000000 0.360712
4819.000000 0.360762
4820.000000 0.360811
4821.000000 0.360553
4822.000000 0.360295
4823.000000 0.360036
4824.000000 0.359778
4825.000000 0.359519
4826.000000 0.35926
4827.000000 0.359002
4828.000000 0.358743
4829.000000 0.358484
4830.000000 0.358226
4831.000000 0.358216
4832.000000 0.358204
4833.000000 0.358194
4834.000000 0.358182
4835.000000 0.358171
4836.000000 0.35816
4837.000000 0.358149
4838.000000 0.358137
4839.000000 0.358126
4840.000000 0.358116
4841.000000 0.35794
4842.000000 0.357764
4843.000000 0.357589
4844.000000 0.357414
4845.000000 0.357238
4846.000000 0.357063
4847.000000 0.356888
4848.000000 0.356712
4849.000000 0.356537
4850.000000 0.356362
4851.000000 0.356421
4852.000000 0.35648
4853.000000 0.35654
4854.000000 0.3566
4855.000000 0.356658
4856.000000 0.356718
4857.000000 0.356778
4858.000000 0.356837
4859.000000 0.356896
4860.000000 0.356956
4861.000000 0.35676
4862.000000 0.356565
4863.000000 0.356369
4864.000000 0.356174
4865.000000 0.355978
4866.000000 0.355782
4867.000000 0.355586
4868.000000 0.355391
4869.000000 0.355195
4870.000000 0.354999
4871.000000 0.354988
4872.000000 0.354978
4873.000000 0.354968
4874.000000 0.354957
4875.000000 0.354948
4876.000000 0.354937
4877.000000 0.354927
4878.000000 0.354916
4879.000000 0.354906
4880.000000 0.354896
4881.000000 0.3549
4882.000000 0.354903
4883.000000 0.354908
4884.000000 0.354912
4885.000000 0.354915
4886.000000 0.354919
4887.000000 0.354923
4888.000000 0.354927
4889.000000 0.35493
4890.000000 0.354935
4891.000000 0.355135
4892.000000 0.355336
4893.000000 0.355537
4894.000000 0.355737
4895.000000 0.355939
4896.000000 0.35614
4897.000000 0.35634
4898.000000 0.356542
4899.000000 0.356743
4900.000000 0.356944
4901.000000 0.357102
4902.000000 0.35726
4903.000000 0.357418
4904.000000 0.357576
4905.000000 0.357734
4906.000000 0.357893
4907.000000 0.358051
4908.000000 0.358208
4909.000000 0.358367
4910.000000 0.358525
4911.000000 0.358915
4912.000000 0.359305
4913.000000 0.359696
4914.000000 0.360086
4915.000000 0.360477
4916.000000 0.360867
4917.000000 0.361259
4918.000000 0.361649
4919.000000 0.362039
4920.000000 0.362431
4921.000000 0.3624
4922.000000 0.362369
4923.000000 0.362339
4924.000000 0.362308
4925.000000 0.362278
4926.000000 0.362247
4927.000000 0.362216
4928.000000 0.362185
4929.000000 0.362155
4930.000000 0.362124
4931.000000 0.362122
4932.000000 0.362119
4933.000000 0.362116
4934.000000 0.362113
4935.000000 0.362111
4936.000000 0.362108
4937.000000 0.362105
4938.000000 0.362102
4939.000000 0.3621
4940.000000 0.362096
4941.000000 0.36231
4942.000000 0.362524
4943.000000 0.362738
4944.000000 0.362952
4945.000000 0.363165
4946.000000 0.363381
4947.000000 0.363594
4948.000000 0.363808
4949.000000 0.364022
4950.000000 0.364236
4951.000000 0.364258
4952.000000 0.36428
4953.000000 0.364301
4954.000000 0.364322
4955.000000 0.364344
4956.000000 0.364365
4957.000000 0.364387
4958.000000 0.364408
4959.000000 0.36443
4960.000000 0.364451
4961.000000 0.36446
4962.000000 0.364467
4963.000000 0.364476
4964.000000 0.364484
4965.000000 0.364492
4966.000000 0.364501
4967.000000 0.364509
4968.000000 0.364517
4969.000000 0.364525
4970.000000 0.364533
4971.000000 0.364532
4972.000000 0.36453
4973.000000 0.364529
4974.000000 0.364527
4975.000000 0.364525
4976.000000 0.364523
4977.000000 0.364523
4978.000000 0.364521
4979.000000 0.364519
4980.000000 0.364517
4981.000000 0.364531
4982.000000 0.364545
4983.000000 0.364559
4984.000000 0.364573
4985.000000 0.364587
4986.000000 0.364601
4987.000000 0.364615
4988.000000 0.364629
4989.000000 0.364644
4990.000000 0.364657
4991.000000 0.364792
4992.000000 0.364929
4993.000000 0.365065
4994.000000 0.365201
4995.000000 0.365337
4996.000000 0.365473
4997.000000 0.365609
4998.000000 0.365745
4999.000000 0.36588
5000.000000 0.366017
5001.000000 0.365721
5002.000000 0.365424
5003.000000 0.365128
5004.000000 0.36483
5005.000000 0.364533
5006.000000 0.364236
5007.000000 0.363939
5008.000000 0.363643
5009.000000 0.363346
5010.000000 0.363048
5011.000000 0.363051
5012.000000 0.363052
5013.000000 0.363055
5014.000000 0.363057
5015.000000 0.36306
5016.000000 0.363063
5017.000000 0.363064
5018.000000 0.363066
5019.000000 0.363069
5020.000000 0.363071
5021.000000 0.36286
5022.000000 0.36265
5023.000000 0.362441
5024.000000 0.36223
5025.000000 0.36202
5026.000000 0.361809
5027.000000 0.361599
5028.000000 0.361388
5029.000000 0.361177
5030.000000 0.360967
5031.000000 0.360845
5032.000000 0.360724
5033.000000 0.360603
5034.000000 0.360481
5035.000000 0.36036
5036.000000 0.360238
5037.000000 0.360115
5038.000000 0.359995
5039.000000 0.359872
5040.000000 0.35975
5041.000000 0.359319
5042.000000 0.358887
5043.000000 0.358455
5044.000000 0.358023
5045.000000 0.357591
5046.000000 0.357158
5047.000000 0.356726
5048.000000 0.356293
5049.000000 0.35586
5050.000000 0.355427
5051.000000 0.355586
5052.000000 0.355743
5053.000000 0.355902
5054.000000 0.35606
5055.000000 0.356218
5056.000000 0.356375
5057.000000 0.356534
5058.000000 0.356692
5059.000000 0.35685
5060.000000 0.357009
5061.000000 0.356894
5062.000000 0.356779
5063.000000 0.356665
5064.000000 0.35655
5065.000000 0.356435
5066.000000 0.356319
5067.000000 0.356205
5068.000000 0.356089
5069.000000 0.355973
5070.000000 0.355858
5071.000000 0.356126
5072.000000 0.356393
5073.000000 0.35666
5074.000000 0.356927
5075.000000 0.357195
5076.000000 0.357462
5077.000000 0.357729
5078.000000 0.357998
5079.000000 0.358265
5080.000000 0.358532
5081.000000 0.358358
5082.000000 0.358185
5083.000000 0.358011
5084.000000 0.357837
5085.000000 0.357664
5086.000000 0.35749
5087.000000 0.357315
5088.000000 0.357141
5089.000000 0.356968
5090.000000 0.356794
5091.000000 0.356887
5092.000000 0.35698
5093.000000 0.357074
5094.000000 0.357167
5095.000000 0.35726
5096.000000 0.357354
5097.000000 0.357448
5098.000000 0.357541
5099.000000 0.357635
5100.000000 0.357727
5101.000000 0.357976
5102.000000 0.358225
5103.000000 0.358474
5104.000000 0.358723
5105.000000 0.358972
5106.000000 0.359221
5107.000000 0.35947
5108.000000 0.359719
5109.000000 0.359968
5110.000000 0.360217
5111.000000 0.36034
5112.000000 0.360463
5113.000000 0.360586
5114.000000 0.360709
5115.000000 0.360832
5116.000000 0.360955
5117.000000 0.361078
5118.000000 0.361201
5119.000000 0.361324
5120.000000 0.361446
5121.000000 0.361393
5122.000000 0.361339
5123.000000 0.361285
5124.000000 0.36123
5125.000000 0.361176
5126.000000 0.361122
5127.000000 0.361067
5128.000000 0.361013
5129.000000 0.360958
5130.000000 0.360904
5131.000000 0.361079
5132.000000 0.361255
5133.000000 0.361431
5134.000000 0.361607
5135.000000 0.361783
5136.000000 0.361959
5137.000000 0.362134
5138.000000 0.362311
5139.000000 0.362487
5140.000000 0.362663
5141.000000 0.362462
5142.000000 0.362261
5143.000000 0.362061
5144.000000 0.36186
5145.000000 0.361659
5146.000000 0.361459
5147.000000 0.361257
5148.000000 0.361055
5149.000000 0.360854
5150.000000 0.360653
5151.000000 0.360662
5152.000000 0.36067
5153.000000 0.360679
5154.000000 0.360688
5155.000000 0.360697
5156.000000 0.360705
5157.000000 0.360714
5158.000000 0.360722
5159.000000 0.36073
5160.000000 0.360738
5161.000000 0.360587
5162.000000 0.360435
5163.000000 0.360283
5164.000000 0.360131
5165.000000 0.359979
5166.000000 0.359827
5167.000000 0.359675
5168.000000 0.359523
5169.000000 0.359371
5170.000000 0.359218
5171.000000 0.358962
5172.000000 0.358705
5173.000000 0.358448
5174.000000 0.35819
5175.000000 0.357933
5176.000000 0.357675
5177.000000 0.357418
5178.000000 0.35716
5179.000000 0.356901
5180.000000 0.356643
5181.000000 0.356322
5182.000000 0.356002
5183.000000 0.355681
5184.000000 0.355361
5185.000000 0.355039
5186.000000 0.354718
5187.000000 0.354396
5188.000000 0.354075
5189.000000 0.353754
5190.000000 0.353432
5191.000000 0.353251
5192.000000 0.35307
5193.000000 0.352888
5194.000000 0.352707
5195.000000 0.352526
5196.000000 0.352346
5197.000000 0.352164
5198.000000 0.351983
5199.000000 0.351802
5200.000000 0.351621
5201.000000 0.351498
5202.000000 0.351374
5203.000000 0.35125
5204.000000 0.351126
5205.000000 0.351002
5206.000000 0.350878
5207.000000 0.350753
5208.000000 0.350629
5209.000000 0.350505
5210.000000 0.350381
5211.000000 0.350377
5212.000000 0.350372
5213.000000 0.350368
5214.000000 0.350364
5215.000000 0.35036
5216.000000 0.350356
5217.000000 0.350351
5218.000000 0.350347
5219.000000 0.350343
5220.000000 0.350339
5221.000000 0.350071
5222.000000 0.349803
5223.000000 0.349535
5224.000000 0.349267
5225.000000 0.348999
5226.000000 0.348731
5227.000000 0.348463
5228.000000 0.348195
5229.000000 0.347927
5230.000000 0.347658
5231.000000 0.347875
5232.000000 0.348092
5233.000000 0.348309
5234.000000 0.348526
5235.000000 0.348743
5236.000000 0.34896
5237.000000 0.349177
5238.000000 0.349394
5239.000000 0.349611
5240.000000 0.349829
5241.000000 0.349655
5242.000000 0.349481
5243.000000 0.349308
5244.000000 0.349134
5245.000000 0.34896
5246.000000 0.348786
5247.000000 0.348612
5248.000000 0.348438
5249.000000 0.348264
5250.000000 0.348089
5251.000000 0.348392
5252.000000 0.348695
5253.000000 0.348998
5254.000000 0.349301
5255.000000 0.349605
5256.000000 0.349907
5257.000000 0.350211
5258.000000 0.350514
5259.000000 0.350818
5260.000000 0.351121
5261.000000 0.350717
5262.000000 0.350313
5263.000000 0.349908
5264.000000 0.349503
5265.000000 0.349099
5266.000000 0.348694
5267.000000 0.348288
5268.000000 0.347882
5269.000000 0.347477
5270.000000 0.347071
5271.000000 0.346978
5272.000000 0.346885
5273.000000 0.346791
5274.000000 0.346697
5275.000000 0.346603
5276.000000 0.34651
5277.000000 0.346416
5278.000000 0.346322
5279.000000 0.346228
5280.000000 0.346134
5281.000000 0.345897
5282.000000 0.34566
5283.000000 0.345423
5284.000000 0.345186
5285.000000 0.344949
5286.000000 0.344712
5287.000000 0.344474
5288.000000 0.344237
5289.000000 0.344
5290.000000 0.343762
5291.000000 0.343497
5292.000000 0.343231
5293.000000 0.342965
5294.000000 0.342699
5295.000000 0.342432
5296.000000 0.342166
5297.000000 0.341899
5298.000000 0.341632
5299.000000 0.341365
5300.000000 0.341097
5301.000000 0.340626
5302.000000 0.340154
5303.000000 0.339681
5304.000000 0.339209
5305.000000 0.338737
5306.000000 0.338264
5307.000000 0.337792
5308.000000 0.337318
5309.000000 0.336845
5310.000000 0.336372
5311.000000 0.335816
5312.000000 0.335259
5313.000000 0.334701
5314.000000 0.334144
5315.000000 0.333586
5316.000000 0.333028
5317.000000 0.332469
5318.000000 0.331911
5319.000000 0.331351
5320.000000 0.330793
5321.000000 0.330064
5322.000000 0.329337
5323.000000 0.328609
5324.000000 0.327881
5325.000000 0.327153
5326.000000 0.326424
5327.000000 0.325696
5328.000000 0.324968
5329.000000 0.324239
5330.000000 0.32351
5331.000000 0.323133
5332.000000 0.322756
5333.000000 0.322378
5334.000000 0.322
5335.000000 0.321622
5336.000000 0.321243
5337.000000 0.320866
5338.000000 0.320488
5339.000000 0.320109
5340.000000 0.31973
5341.000000 0.319323
5342.000000 0.318916
5343.000000 0.318508
5344.000000 0.3181
5345.000000 0.317692
5346.000000 0.317284
5347.000000 0.316876
5348.000000 0.316466
5349.000000 0.316058
5350.000000 0.315648
5351.000000 0.315641
5352.000000 0.315635
5353.000000 0.315627
5354.000000 0.31562
5355.000000 0.315612
5356.000000 0.315606
5357.000000 0.315598
5358.000000 0.315591
5359.000000 0.315583
5360.000000 0.315575
5361.000000 0.315378
5362.000000 0.315181
5363.000000 0.314983
5364.000000 0.314785
5365.000000 0.314588
5366.000000 0.314389
5367.000000 0.314192
5368.000000 0.313994
5369.000000 0.313795
5370.000000 0.313596
5371.000000 0.31414
5372.000000 0.314685
5373.000000 0.31523
5374.000000 0.315774
5375.000000 0.316319
5376.000000 0.316864
5377.000000 0.317409
5378.000000 0.317953
5379.000000 0.318498
5380.000000 0.319043
5381.000000 0.319602
5382.000000 0.320163
5383.000000 0.320722
5384.000000 0.321282
5385.000000 0.321843
5386.000000 0.322403
5387.000000 0.322963
5388.000000 0.323525
5389.000000 0.324085
5390.000000 0.324646
5391.000000 0.325701
5392.000000 0.326756
5393.000000 0.327811
5394.000000 0.328866
5395.000000 0.329922
5396.000000 0.330978
5397.000000 0.332033
5398.000000 0.333089
5399.000000 0.334145
5400.000000 0.335202
5401.000000 0.335648
5402.000000 0.336095
5403.000000 0.336542
5404.000000 0.336989
5405.000000 0.337435
5406.000000 0.337883
5407.000000 0.33833
5408.000000 0.338776
5409.000000 0.339224
5410.000000 0.339672
5411.000000 0.340069
5412.000000 0.340466
5413.000000 0.340864
5414.000000 0.341261
5415.000000 0.341659
5416.000000 0.342057
5417.000000 0.342454
5418.000000 0.342853
5419.000000 0.343249
5420.000000 0.343647
5421.000000 0.343127
5422.000000 0.342609
5423.000000 0.342089
5424.000000 0.341569
5425.000000 0.341048
5426.000000 0.340528
5427.000000 0.340008
5428.000000 0.339487
5429.000000 0.338966
5430.000000 0.338445
5431.000000 0.337815
5432.000000 0.337185
5433.000000 0.336554
5434.000000 0.335923
5435.000000 0.335292
5436.000000 0.33466
5437.000000 0.334029
5438.000000 0.333397
5439.000000 0.332765
5440.000000 0.332132
5441.000000 0.330157
5442.000000 0.32818
5443.000000 0.326204
5444.000000 0.324226
5445.000000 0.322249
5446.000000 0.320271
5447.000000 0.318293
5448.000000 0.316313
5449.000000 0.314333
5450.000000 0.312353
5451.000000 0.309572
5452.000000 0.306789
5453.000000 0.304006
5454.000000 0.301221
5455.000000 0.298436
5456.000000 0.295649
5457.000000 0.292863
5458.000000 0.290075
5459.000000 0.287286
5460.000000 0.284496
5461.000000 0.279886
5462.000000 0.275276
5463.000000 0.270665
5464.000000 0.266053
5465.000000 0.261439
5466.000000 0.256825
5467.000000 0.252211
5468.000000 0.247595
5469.000000 0.242978
5470.000000 0.238361
5471.000000 0.232989
5472.000000 0.227614
5473.000000 0.222239
5474.000000 0.21686
5475.000000 0.211481
5476.000000 0.206099
5477.000000 0.200715
5478.000000 0.19533
5479.000000 0.189943
5480.000000 0.184554
5481.000000 0.178713
5482.000000 0.172872
5483.000000 0.167031
5484.000000 0.161189
5485.000000 0.155345
5486.000000 0.149502
5487.000000 0.143657
5488.000000 0.137812
5489.000000 0.131966
5490.000000 0.126119
5491.000000 0.121391
5492.000000 0.116662
5493.000000 0.111933
5494.000000 0.107203
5495.000000 0.102473
5496.000000 0.0977417
5497.000000 0.0930102
5498.000000 0.0882783
5499.000000 0.0835458
5500.000000 0.0788129
5501.000000 0.0755543
5502.000000 0.0722943
5503.000000 0.0690333
5504.000000 0.0657708
5505.000000 0.0625072
5506.000000 0.0592422
5507.000000 0.0559761
5508.000000 0.0527086
5509.000000 0.0494399
5510.000000 0.04617
5511.000000 0.0441902
5512.000000 0.0422102
5513.000000 0.0402303
5514.000000 0.0382502
5515.000000 0.0362701
5516.000000 0.0342899
5517.000000 0.0323097
5518.000000 0.0303295
5519.000000 0.028349
5520.000000 0.0263686
5521.000000 0.025266
5522.000000 0.0241632
5523.000000 0.0230603
5524.000000 0.0219571
5525.000000 0.0208538
5526.000000 0.0197502
5527.000000 0.0186465
5528.000000 0.0175425
5529.000000 0.0164383
5530.000000 0.015334
5531.000000 0.0147175
5532.000000 0.0141009
5533.000000 0.0134842
5534.000000 0.0128674
5535.000000 0.0122505
5536.000000 0.0116335
5537.000000 0.0110164
5538.000000 0.0103992
5539.000000 0.00978186
5540.000000 0.00916446
5541.000000 0.00881013
5542.000000 0.00845579
5543.000000 0.00810143
5544.000000 0.00774706
5545.000000 0.00739268
5546.000000 0.00703827
5547.000000 0.00668387
5548.000000 0.00632945
5549.000000 0.00597501
5550.000000 0.00562058
5551.000000 0.00542732
5552.000000 0.00523399
5553.000000 0.00504061
5554.000000 0.00484715
5555.000000 0.00465364
5556.000000 0.00446008
5557.000000 0.00426645
5558.000000 0.00407274
5559.000000 0.00387899
5560.000000 0.00368516
5561.000000 0.00356582
5562.000000 0.00344646
5563.000000 0.00332709
5564.000000 0.0032077
5565.000000 0.00308831
5566.000000 0.0029689
5567.000000 0.00284949
5568.000000 0.00273005
5569.000000 0.00261061
5570.000000 0.00249116
5571.000000 0.00246617
5572.000000 0.00244118
5573.000000 0.0024162
5574.000000 0.00239121
5575.000000 0.00236623
5576.000000 0.00234125
5577.000000 0.00231627
5578.000000 0.00229129
5579.000000 0.00226631
5580.000000 0.00224133
5581.000000 0.00221655
5582.000000 0.00219177
5583.000000 0.00216698
5584.000000 0.0021422
5585.000000 0.0021174
5586.000000 0.0020926
5587.000000 0.0020678
5588.000000 0.002043
5589.000000 0.00201819
5590.000000 0.00199339
5591.000000 0.00195984
5592.000000 0.00192629
5593.000000 0.00189272
5594.000000 0.00185916
5595.000000 0.00182557
5596.000000 0.00179198
5597.000000 0.00175839
5598.000000 0.00172478
5599.000000 0.00169116
5600.000000 0.00165753
5601.000000 0.00162387
5602.000000 0.0015902
5603.000000 0.00155652
5604.000000 0.00152283
5605.000000 0.00148914
5606.000000 0.00145543
5607.000000 0.00142173
5608.000000 0.00138801
5609.000000 0.00135428
5610.000000 0.00132055
5611.000000 0.00128686
5612.000000 0.00125316
5613.000000 0.00121945
5614.000000 0.00118572
5615.000000 0.00115199
5616.000000 0.00111825
5617.000000 0.0010845
5618.000000 0.00105074
5619.000000 0.00101697
5620.000000 0.000983184
5621.000000 0.000949286
5622.000000 0.000915388
5623.000000 0.000881485
5624.000000 0.000847582
5625.000000 0.000813674
5626.000000 0.000779766
5627.000000 0.000745854
5628.000000 0.000711939
5629.000000 0.000678022
5630.000000 0.000644102
5631.000000 0.000636277
5632.000000 0.000628453
5633.000000 0.000620626
5634.000000 0.000612798
5635.000000 0.00060497
5636.000000 0.00059714
5637.000000 0.000589308
5638.000000 0.000581475
5639.000000 0.00057364
5640.000000 0.000565804
5641.000000 0.000557983
5642.000000 0.00055016
5643.000000 0.000542336
5644.000000 0.000534509
5645.000000 0.000526681
5646.000000 0.000518852
5647.000000 0.000511019
5648.000000 0.000503186
5649.000000 0.000495351
5650.000000 0.000487514
5651.000000 0.00047966
5652.000000 0.000471804
5653.000000 0.000463946
5654.000000 0.000456089
5655.000000 0.000448229
5656.000000 0.000440368
5657.000000 0.000432507
5658.000000 0.000424643
5659.000000 0.000416779
5660.000000 0.000408914
5661.000000 0.000401058
5662.000000 0.0003932
5663.000000 0.000385341
5664.000000 0.000377479
5665.000000 0.000369617
5666.000000 0.000361753
5667.000000 0.000353887
5668.000000 0.000346019
5669.000000 0.00033815
5670.000000 0.000330279
5671.000000 0.000328056
5672.000000 0.000325833
5673.000000 0.00032361
5674.000000 0.000321385
5675.000000 0.00031916
5676.000000 0.000316934
5677.000000 0.000314708
5678.000000 0.000312481
5679.000000 0.000310254
5680.000000 0.000308025
5681.000000 0.000305805
5682.000000 0.000303583
5683.000000 0.000301361
5684.000000 0.000299138
5685.000000 0.000296914
5686.000000 0.000294689
5687.000000 0.000292465
5688.000000 0.000290238
5689.000000 0.000288011
5690.000000 0.000285783
5691.000000 0.000283532
5692.000000 0.00028128
5693.000000 0.000279029
5694.000000 0.000276776
5695.000000 0.000274524
5696.000000 0.000272271
5697.000000 0.000270017
5698.000000 0.000267763
5699.000000 0.000265508
5700.000000 0.000263254
5701.000000 0.00026102
5702.000000 0.000258786
5703.000000 0.000256551
5704.000000 0.000254314
5705.000000 0.000252078
5706.000000 0.00024984
5707.000000 0.000247602
5708.000000 0.000245362
5709.000000 0.000243122
5710.000000 0.000240882
5711.000000 0.000238107
5712.000000 0.000235332
5713.000000 0.000232557
5714.000000 0.000229781
5715.000000 0.000227005
5716.000000 0.000224228
5717.000000 0.00022145
5718.000000 0.000218672
5719.000000 0.000215893
5720.000000 0.000213113
5721.000000 0.0002103
5722.000000 0.000207487
5723.000000 0.000204675
5724.000000 0.000201862
5725.000000 0.00019905
5726.000000 0.000196238
5727.000000 0.000193426
5728.000000 0.000190615
5729.000000 0.000187804
5730.000000 0.000184993
5731.000000 0.000182221
5732.000000 0.000179448
5733.000000 0.000176674
5734.000000 0.000173899
5735.000000 0.000171123
5736.000000 0.000168347
5737.000000 0.000165568
5738.000000 0.00016279
5739.000000 0.00016001
5740.000000 0.00015723
5741.000000 0.000154419
5742.000000 0.000151609
5743.000000 0.000148798
5744.000000 0.000145987
5745.000000 0.000143177
5746.000000 0.000140367
5747.000000 0.000137557
5748.000000 0.000134747
5749.000000 0.000131936
5750.000000 0.000129127
5751.000000 0.000126945
5752.000000 0.000124763
5753.000000 0.000122579
5754.000000 0.000120394
5755.000000 0.000118208
5756.000000 0.000116021
5757.000000 0.000113834
5758.000000 0.000111644
5759.000000 0.000109454
5760.000000 0.000107263
5761.000000 0.000105046
5762.000000 0.000102829
5763.000000 0.000100612
5764.000000 9.83942e-05
5765.000000 9.61768e-05
5766.000000 9.39594e-05
5767.000000 9.1742e-05
5768.000000 8.95245e-05
5769.000000 8.7307e-05
5770.000000 8.50891e-05
5771.000000 8.28875e-05
5772.000000 8.06848e-05
5773.000000 7.84812e-05
5774.000000 7.62767e-05
5775.000000 7.40711e-05
