5145.000000 7.53314e-05
5146.000000 7.81787e-05
5147.000000 8.10264e-05
5148.000000 8.38748e-05
5149.000000 8.6724e-05
5150.000000 8.95739e-05
5151.000000 9.24259e-05
5152.000000 9.52786e-05
5153.000000 9.81322e-05
5154.000000 0.000100986
5155.000000 0.000103842
5156.000000 0.000106697
5157.000000 0.000109554
5158.000000 0.000112411
5159.000000 0.000115269
5160.000000 0.000118128
5161.000000 0.000120989
5162.000000 0.000123851
5163.000000 0.000126714
5164.000000 0.000129578
5165.000000 0.000132442
5166.000000 0.000135307
5167.000000 0.000138173
5168.000000 0.000141041
5169.000000 0.000143908
5170.000000 0.000146777
5171.000000 0.000149654
5172.000000 0.000152533
5173.000000 0.000155412
5174.000000 0.000158293
5175.000000 0.000161175
5176.000000 0.000164058
5177.000000 0.000166942
5178.000000 0.000169827
5179.000000 0.000172713
5180.000000 0.000175601
5181.000000 0.000194677
5182.000000 0.000213759
5183.000000 0.000232847
5184.000000 0.000251939
5185.000000 0.000271037
5186.000000 0.00029014
5187.000000 0.000309248
5188.000000 0.000328362
5189.000000 0.000347481
5190.000000 0.000366606
5191.000000 0.000385709
5192.000000 0.000404815
5193.000000 0.000423923
5194.000000 0.000443035
5195.000000 0.000462149
5196.000000 0.000481267
5197.000000 0.000500386
5198.000000 0.000519508
5199.000000 0.000538634
5200.000000 0.000557762
5201.000000 0.000576988
5202.000000 0.000596222
5203.000000 0.000615465
5204.000000 0.000634717
5205.000000 0.000653978
5206.000000 0.000673248
5207.000000 0.000692527
5208.000000 0.000711815
5209.000000 0.000731113
5210.000000 0.00075042
5211.000000 0.000769727
5212.000000 0.000789042
5213.000000 0.000808366
5214.000000 0.000827699
5215.000000 0.000847042
5216.000000 0.000866392
5217.000000 0.00088575
5218.000000 0.000905117
5219.000000 0.000924494
5220.000000 0.00094388
5221.000000 0.00101454
5222.000000 0.00108521
5223.000000 0.00115589
5224.000000 0.00122658
5225.000000 0.00129728
5226.000000 0.00136799
5227.000000 0.00143871
5228.000000 0.00150943
5229.000000 0.00158017
5230.000000 0.00165091
5231.000000 0.0017218
5232.000000 0.00179272
5233.000000 0.00186365
5234.000000 0.00193461
5235.000000 0.00200559
5236.000000 0.00207659
5237.000000 0.00214761
5238.000000 0.00221864
5239.000000 0.0022897
5240.000000 0.00236078
5241.000000 0.00254856
5242.000000 0.00273644
5243.000000 0.00292438
5244.000000 0.00311241
5245.000000 0.00330053
5246.000000 0.00348872
5247.000000 0.00367699
5248.000000 0.00386536
5249.000000 0.00405379
5250.000000 0.00424231
5251.000000 0.00461479
5252.000000 0.00498739
5253.000000 0.00536011
5254.000000 0.00573294
5255.000000 0.00610589
5256.000000 0.00647893
5257.000000 0.00685209
5258.000000 0.00722538
5259.000000 0.00759878
5260.000000 0.00797227
5261.000000 0.00872144
5262.000000 0.00947085
5263.000000 0.0102205
5264.000000 0.0109703
5265.000000 0.0117204
5266.000000 0.0124708
5267.000000 0.0132213
5268.000000 0.0139721
5269.000000 0.0147231
5270.000000 0.0154743
5271.000000 0.0170909
5272.000000 0.0187081
5273.000000 0.020326
5274.000000 0.0219446
5275.000000 0.0235639
5276.000000 0.0251838
5277.000000 0.0268044
5278.000000 0.0284258
5279.000000 0.0300478
5280.000000 0.0316705
5281.000000 0.0346726
5282.000000 0.037675
5283.000000 0.0406775
5284.000000 0.0436804
5285.000000 0.0466835
5286.000000 0.0496868
5287.000000 0.0526903
5288.000000 0.0556942
5289.000000 0.0586982
5290.000000 0.0617025
5291.000000 0.0670386
5292.000000 0.0723767
5293.000000 0.077717
5294.000000 0.0830593
5295.000000 0.0884039
5296.000000 0.0937507
5297.000000 0.0990994
5298.000000 0.10445
5299.000000 0.109803
5300.000000 0.115159
5301.000000 0.122611
5302.000000 0.130065
5303.000000 0.13752
5304.000000 0.144977
5305.000000 0.152435
5306.000000 0.159894
5307.000000 0.167355
5308.000000 0.174817
5309.000000 0.18228
5310.000000 0.189745
5311.000000 0.196599
5312.000000 0.203455
5313.000000 0.210314
5314.000000 0.217177
5315.000000 0.224042
5316.000000 0.23091
5317.000000 0.237781
5318.000000 0.244655
5319.000000 0.251532
5320.000000 0.258413
5321.000000 0.262724
5322.000000 0.267037
5323.000000 0.27135
5324.000000 0.275664
5325.000000 0.279979
5326.000000 0.284295
5327.000000 0.288612
5328.000000 0.292929
5329.000000 0.297246
5330.000000 0.301566
5331.000000 0.303101
5332.000000 0.304638
5333.000000 0.306174
5334.000000 0.307711
5335.000000 0.309249
5336.000000 0.310785
5337.000000 0.312324
5338.000000 0.313863
5339.000000 0.315402
5340.000000 0.316941
5341.000000 0.317323
5342.000000 0.317706
5343.000000 0.318088
5344.000000 0.31847
5345.000000 0.318853
5346.000000 0.319236
5347.000000 0.319619
5348.000000 0.320001
5349.000000 0.320384
5350.000000 0.320767
5351.000000 0.321062
5352.000000 0.321358
5353.000000 0.321654
5354.000000 0.321949
5355.000000 0.322245
5356.000000 0.322541
5357.000000 0.322836
5358.000000 0.323132
5359.000000 0.323428
5360.000000 0.323723
5361.000000 0.324531
5362.000000 0.325339
5363.000000 0.326147
5364.000000 0.326955
5365.000000 0.327764
5366.000000 0.328572
5367.000000 0.329382
5368.000000 0.330191
5369.000000 0.331001
5370.000000 0.33181
5371.000000 0.332483
5372.000000 0.333157
5373.000000 0.333831
5374.000000 0.334504
5375.000000 0.335178
5376.000000 0.335852
5377.000000 0.336526
5378.000000 0.337199
5379.000000 0.337874
5380.000000 0.338548
5381.000000 0.339462
5382.000000 0.340377
5383.000000 0.341292
5384.000000 0.342207
5385.000000 0.343123
5386.000000 0.344039
5387.000000 0.344955
5388.000000 0.345872
5389.000000 0.346789
5390.000000 0.347705
5391.000000 0.348292
5392.000000 0.348877
5393.000000 0.349463
5394.000000 0.350049
5395.000000 0.350635
5396.000000 0.351221
5397.000000 0.351807
5398.000000 0.352393
5399.000000 0.352979
5400.000000 0.353566
5401.000000 0.354057
5402.000000 0.354548
5403.000000 0.35504
5404.000000 0.355531
5405.000000 0.356022
5406.000000 0.356514
5407.000000 0.357006
5408.000000 0.357497
5409.000000 0.35799
5410.000000 0.358481
5411.000000 0.358645
5412.000000 0.35881
5413.000000 0.358975
5414.000000 0.359139
5415.000000 0.359304
5416.000000 0.359468
5417.000000 0.359632
5418.000000 0.359797
5419.000000 0.35996
5420.000000 0.360125
5421.000000 0.360028
5422.000000 0.359933
5423.000000 0.359837
5424.000000 0.35974
5425.000000 0.359643
5426.000000 0.359546
5427.000000 0.35945
5428.000000 0.359353
5429.000000 0.359256
5430.000000 0.359159
5431.000000 0.359057
5432.000000 0.358955
5433.000000 0.358852
5434.000000 0.35875
5435.000000 0.358647
5436.000000 0.358545
5437.000000 0.358443
5438.000000 0.358339
5439.000000 0.358237
5440.000000 0.358134
5441.000000 0.357982
5442.000000 0.35783
5443.000000 0.357679
5444.000000 0.357527
5445.000000 0.357375
5446.000000 0.357223
5447.000000 0.357071
5448.000000 0.356919
5449.000000 0.356766
5450.000000 0.356614
5451.000000 0.356564
5452.000000 0.356512
5453.000000 0.356462
5454.000000 0.35641
5455.000000 0.356359
5456.000000 0.356308
5457.000000 0.356257
5458.000000 0.356205
5459.000000 0.356154
5460.000000 0.356102
5461.000000 0.356102
5462.000000 0.356102
5463.000000 0.356103
5464.000000 0.356103
5465.000000 0.356102
5466.000000 0.356102
5467.000000 0.356102
5468.000000 0.356102
5469.000000 0.356101
5470.000000 0.356101
5471.000000 0.356313
5472.000000 0.356524
5473.000000 0.356736
5474.000000 0.356947
5475.000000 0.357159
5476.000000 0.35737
5477.000000 0.357582
5478.000000 0.357793
5479.000000 0.358004
5480.000000 0.358216
5481.000000 0.358221
5482.000000 0.358227
5483.000000 0.358233
5484.000000 0.358238
5485.000000 0.358243
5486.000000 0.358248
5487.000000 0.358254
5488.000000 0.358259
5489.000000 0.358263
5490.000000 0.358268
5491.000000 0.357981
5492.000000 0.357694
5493.000000 0.357406
5494.000000 0.357118
5495.000000 0.35683
5496.000000 0.356542
5497.000000 0.356254
5498.000000 0.355966
5499.000000 0.355678
5500.000000 0.35539
5501.000000 0.355558
5502.000000 0.355725
5503.000000 0.355893
5504.000000 0.356061
5505.000000 0.356229
5506.000000 0.356397
5507.000000 0.356565
5508.000000 0.356732
5509.000000 0.3569
5510.000000 0.357068
5511.000000 0.357204
5512.000000 0.357339
5513.000000 0.357474
5514.000000 0.35761
5515.000000 0.357745
5516.000000 0.35788
5517.000000 0.358016
5518.000000 0.358152
5519.000000 0.358286
5520.000000 0.358422
5521.000000 0.358852
5522.000000 0.359282
5523.000000 0.359713
5524.000000 0.360143
5525.000000 0.360574
5526.000000 0.361004
5527.000000 0.361435
5528.000000 0.361865
5529.000000 0.362296
5530.000000 0.362726
5531.000000 0.362536
5532.000000 0.362344
5533.000000 0.362154
5534.000000 0.361962
5535.000000 0.36177
5536.000000 0.361579
5537.000000 0.361387
5538.000000 0.361196
5539.000000 0.361004
5540.000000 0.360812
5541.000000 0.361283
5542.000000 0.361754
5543.000000 0.362225
5544.000000 0.362695
5545.000000 0.363166
5546.000000 0.363636
5547.000000 0.364107
5548.000000 0.364577
5549.000000 0.365047
5550.000000 0.365519
5551.000000 0.365204
5552.000000 0.364889
5553.000000 0.364574
5554.000000 0.364259
5555.000000 0.363943
5556.000000 0.363629
5557.000000 0.363314
5558.000000 0.362998
5559.000000 0.362682
5560.000000 0.362365
5561.000000 0.36239
5562.000000 0.362415
5563.000000 0.36244
5564.000000 0.362464
5565.000000 0.362489
5566.000000 0.362513
5567.000000 0.362538
5568.000000 0.362562
5569.000000 0.362586
5570.000000 0.362611
5571.000000 0.362469
5572.000000 0.362327
5573.000000 0.362185
5574.000000 0.362043
5575.000000 0.361901
5576.000000 0.36176
5577.000000 0.361618
5578.000000 0.361476
5579.000000 0.361333
5580.000000 0.36119
5581.000000 0.36084
5582.000000 0.360488
5583.000000 0.360138
5584.000000 0.359787
5585.000000 0.359435
5586.000000 0.359084
5587.000000 0.358732
5588.000000 0.35838
5589.000000 0.358028
5590.000000 0.357677
5591.000000 0.357553
5592.000000 0.35743
5593.000000 0.357307
5594.000000 0.357184
5595.000000 0.357061
5596.000000 0.356937
5597.000000 0.356814
5598.000000 0.35669
5599.000000 0.356566
5600.000000 0.356442
5601.000000 0.356416
5602.000000 0.356389
5603.000000 0.356362
5604.000000 0.356335
5605.000000 0.356309
5606.000000 0.356281
5607.000000 0.356255
5608.000000 0.356227
5609.000000 0.3562
5610.000000 0.356172
5611.000000 0.356201
5612.000000 0.356231
5613.000000 0.356259
5614.000000 0.356288
5615.000000 0.356317
5616.000000 0.356346
5617.000000 0.356373
5618.000000 0.356403
5619.000000 0.356431
5620.000000 0.35646
5621.000000 0.356686
5622.000000 0.356914
5623.000000 0.35714
5624.000000 0.357368
5625.000000 0.357595
5626.000000 0.357823
5627.000000 0.35805
5628.000000 0.358277
5629.000000 0.358505
5630.000000 0.358732
5631.000000 0.358964
5632.000000 0.359197
5633.000000 0.359429
5634.000000 0.359661
5635.000000 0.359894
5636.000000 0.360127
5637.000000 0.360359
5638.000000 0.360592
5639.000000 0.360824
5640.000000 0.361057
5641.000000 0.361119
5642.000000 0.361182
5643.000000 0.361246
5644.000000 0.361309
5645.000000 0.361372
5646.000000 0.361435
5647.000000 0.361497
5648.000000 0.36156
5649.000000 0.361623
5650.000000 0.361687
5651.000000 0.361997
5652.000000 0.362308
5653.000000 0.362619
5654.000000 0.36293
5655.000000 0.363241
5656.000000 0.363552
5657.000000 0.363863
5658.000000 0.364174
5659.000000 0.364486
5660.000000 0.364798
5661.000000 0.364882
5662.000000 0.364967
5663.000000 0.365053
5664.000000 0.365138
5665.000000 0.365224
5666.000000 0.365309
5667.000000 0.365394
5668.000000 0.365479
5669.000000 0.365565
5670.000000 0.36565
5671.000000 0.36556
5672.000000 0.36547
5673.000000 0.365381
5674.000000 0.365291
5675.000000 0.365202
5676.000000 0.365111
5677.000000 0.365022
5678.000000 0.364932
5679.000000 0.364843
5680.000000 0.364753
5681.000000 0.364365
5682.000000 0.363976
5683.000000 0.363588
5684.000000 0.3632
5685.000000 0.362811
5686.000000 0.362421
5687.000000 0.362033
5688.000000 0.361644
5689.000000 0.361254
5690.000000 0.360865
5691.000000 0.360584
5692.000000 0.360302
5693.000000 0.360021
5694.000000 0.359739
5695.000000 0.359458
5696.000000 0.359176
5697.000000 0.358894
5698.000000 0.358613
5699.000000 0.35833
5700.000000 0.358049
5701.000000 0.357702
5702.000000 0.357354
5703.000000 0.357007
5704.000000 0.356659
5705.000000 0.356311
5706.000000 0.355963
5707.000000 0.355616
5708.000000 0.355267
5709.000000 0.354919
5710.000000 0.354571
5711.000000 0.354733
5712.000000 0.354894
5713.000000 0.355056
5714.000000 0.355217
5715.000000 0.35538
5716.000000 0.355543
5717.000000 0.355705
5718.000000 0.355867
5719.000000 0.35603
5720.000000 0.356193
5721.000000 0.356139
5722.000000 0.356088
5723.000000 0.356034
5724.000000 0.355981
5725.000000 0.355928
5726.000000 0.355876
5727.000000 0.355823
5728.000000 0.355772
5729.000000 0.355719
5730.000000 0.355667
5731.000000 0.355999
5732.000000 0.356331
5733.000000 0.356664
5734.000000 0.356996
5735.000000 0.357329
5736.000000 0.357662
5737.000000 0.357995
5738.000000 0.358329
5739.000000 0.358662
5740.000000 0.358996
5741.000000 0.359091
5742.000000 0.359188
5743.000000 0.359283
5744.000000 0.359379
5745.000000 0.359475
5746.000000 0.359571
5747.000000 0.359667
5748.000000 0.359764
5749.000000 0.35986
5750.000000 0.359956
5751.000000 0.359501
5752.000000 0.359047
5753.000000 0.35859
5754.000000 0.358134
5755.000000 0.357679
5756.000000 0.357223
5757.000000 0.356767
5758.000000 0.35631
5759.000000 0.355854
5760.000000 0.355398
5761.000000 0.35437
5762.000000 0.353343
5763.000000 0.352316
5764.000000 0.351288
5765.000000 0.350261
5766.000000 0.349233
5767.000000 0.348207
5768.000000 0.34718
5769.000000 0.346153
5770.000000 0.345126
5771.000000 0.344158
5772.000000 0.343189
5773.000000 0.34222
5774.000000 0.341251
5775.000000 0.340281
5776.000000 0.339311
5777.000000 0.33834
5778.000000 0.33737
5779.000000 0.336399
5780.000000 0.335427
5781.000000 0.33484
5782.000000 0.334252
5783.000000 0.333665
5784.000000 0.333077
5785.000000 0.33249
5786.000000 0.331903
5787.000000 0.331315
5788.000000 0.330727
5789.000000 0.33014
5790.000000 0.329552
5791.000000 0.329425
5792.000000 0.329299
5793.000000 0.329172
5794.000000 0.329046
5795.000000 0.328919
5796.000000 0.328792
5797.000000 0.328666
5798.000000 0.32854
5799.000000 0.328413
5800.000000 0.328287
5801.000000 0.328677
5802.000000 0.329067
5803.000000 0.329457
5804.000000 0.329847
5805.000000 0.330238
5806.000000 0.330628
5807.000000 0.331019
5808.000000 0.33141
5809.000000 0.331801
5810.000000 0.332192
5811.000000 0.332664
5812.000000 0.333137
5813.000000 0.33361
5814.000000 0.334082
5815.000000 0.334556
5816.000000 0.33503
5817.000000 0.335504
5818.000000 0.335978
5819.000000 0.336452
5820.000000 0.336928
5821.000000 0.336644
5822.000000 0.336361
5823.000000 0.336077
5824.000000 0.335794
5825.000000 0.335511
5826.000000 0.335227
5827.000000 0.334944
5828.000000 0.33466
5829.000000 0.334377
5830.000000 0.334094
5831.000000 0.330595
5832.000000 0.327096
5833.000000 0.323596
5834.000000 0.320097
5835.000000 0.316596
5836.000000 0.313096
5837.000000 0.309594
5838.000000 0.306093
5839.000000 0.302591
5840.000000 0.299089
5841.000000 0.29213
5842.000000 0.28517
5843.000000 0.278209
5844.000000 0.271245
5845.000000 0.264281
5846.000000 0.257314
5847.000000 0.250346
5848.000000 0.243376
5849.000000 0.236405
5850.000000 0.229431
5851.000000 0.221275
5852.000000 0.213118
5853.000000 0.20496
5854.000000 0.196802
5855.000000 0.188641
5856.000000 0.180481
5857.000000 0.172319
5858.000000 0.164157
5859.000000 0.155993
5860.000000 0.147829
5861.000000 0.141674
5862.000000 0.135517
5863.000000 0.129357
5864.000000 0.123195
5865.000000 0.11703
5866.000000 0.110863
5867.000000 0.104693
5868.000000 0.098521
5869.000000 0.0923462
5870.000000 0.086169
5871.000000 0.0823979
5872.000000 0.0786263
5873.000000 0.0748544
5874.000000 0.0710821
5875.000000 0.0673093
5876.000000 0.0635363
5877.000000 0.0597627
5878.000000 0.0559887
5879.000000 0.0522143
5880.000000 0.0484394
5881.000000 0.0463162
5882.000000 0.0441923
5883.000000 0.0420676
5884.000000 0.0399422
5885.000000 0.0378161
5886.000000 0.0356893
5887.000000 0.0335617
5888.000000 0.0314334
5889.000000 0.0293043
5890.000000 0.0271745
5891.000000 0.0260394
5892.000000 0.0249038
5893.000000 0.0237677
5894.000000 0.0226311
5895.000000 0.0214941
5896.000000 0.0203565
5897.000000 0.0192185
5898.000000 0.0180799
5899.000000 0.0169409
5900.000000 0.0158014
5901.000000 0.0151765
5902.000000 0.0145513
5903.000000 0.0139262
5904.000000 0.0133008
5905.000000 0.0126753
5906.000000 0.0120497
5907.000000 0.011424
5908.000000 0.0107981
5909.000000 0.0101721
5910.000000 0.00954595
5911.000000 0.00919493
5912.000000 0.00884388
5913.000000 0.00849275
5914.000000 0.00814159
5915.000000 0.0077904
5916.000000 0.00743914
5917.000000 0.00708784
5918.000000 0.00673649
5919.000000 0.00638509
5920.000000 0.00603364
5921.000000 0.00579697
5922.000000 0.00556019
5923.000000 0.00532332
5924.000000 0.00508632
5925.000000 0.00484924
5926.000000 0.00461203
5927.000000 0.00437473
5928.000000 0.00413731
5929.000000 0.00389979
5930.000000 0.00366217
5931.000000 0.00354011
5932.000000 0.00341802
5933.000000 0.00329589
5934.000000 0.00317372
5935.000000 0.00305152
5936.000000 0.00292927
5937.000000 0.00280698
5938.000000 0.00268466
5939.000000 0.00256228
5940.000000 0.00243988
5941.000000 0.00238111
5942.000000 0.00232234
5943.000000 0.00226354
5944.000000 0.00220474
5945.000000 0.00214591
5946.000000 0.00208707
5947.000000 0.00202821
5948.000000 0.00196933
5949.000000 0.00191044
5950.000000 0.00185154
5951.000000 0.00179269
5952.000000 0.00173382
5953.000000 0.00167492
5954.000000 0.00161601
5955.000000 0.00155708
5956.000000 0.00149812
5957.000000 0.00143914
5958.000000 0.00138014
5959.000000 0.00132112
5960.000000 0.00126208
5961.000000 0.0012399
5962.000000 0.00121772
5963.000000 0.00119552
5964.000000 0.00117331
5965.000000 0.00115109
5966.000000 0.00112886
5967.000000 0.00110662
5968.000000 0.00108437
5969.000000 0.0010621
5970.000000 0.00103983
5971.000000 0.00101744
5972.000000 0.000995048
5973.000000 0.000972646
5974.000000 0.00095024
5975.000000 0.000927825
5976.000000 0.000905403
5977.000000 0.000882974
5978.000000 0.000860538
5979.000000 0.000838097
5980.000000 0.000815647
5981.000000 0.000793155
5982.000000 0.00077066
5983.000000 0.000748158
5984.000000 0.000725652
5985.000000 0.000703139
5986.000000 0.000680621
5987.000000 0.000658099
5988.000000 0.000635573
5989.000000 0.000613039
5990.000000 0.000590502
5991.000000 0.000567991
5992.000000 0.000545472
5993.000000 0.000522946
5994.000000 0.000500411
5995.000000 0.000477871
5996.000000 0.000455321
5997.000000 0.000432764
5998.000000 0.0004102
5999.000000 0.000387627
6000.000000 0.000365048
6001.000000 0.00035939
6002.000000 0.00035373
6003.000000 0.000348069
6004.000000 0.000342406
6005.000000 0.00033674
6006.000000 0.000331073
6007.000000 0.000325405
6008.000000 0.000319734
6009.000000 0.000314061
6010.000000 0.000308388
6011.000000 0.000302692
6012.000000 0.000296994
6013.000000 0.000291297
6014.000000 0.000285598
6015.000000 0.000279898
6016.000000 0.000274197
6017.000000 0.000268495
6018.000000 0.000262792
6019.000000 0.000257087
6020.000000 0.000251382
6021.000000 0.0002457
6022.000000 0.000240016
6023.000000 0.000234329
6024.000000 0.00022864
6025.000000 0.000222949
6026.000000 0.000217256
6027.000000 0.000211561
6028.000000 0.000205864
6029.000000 0.000200164
6030.000000 0.000194463
6031.000000 0.00018877
6032.000000 0.000183076
6033.000000 0.000177378
6034.000000 0.000171678
6035.000000 0.000165974
6036.000000 0.000160268
6037.000000 0.000154559
6038.000000 0.000148846
6039.000000 0.000143131
6040.000000 0.000137413
6041.000000 0.000135622
6042.000000 0.000133831
6043.000000 0.00013204
6044.000000 0.000130248
6045.000000 0.000128455
6046.000000 0.000126663
6047.000000 0.00012487
6048.000000 0.000123077
6049.000000 0.000121283
6050.000000 0.000119489
6051.000000 0.000117701
6052.000000 0.000115913
6053.000000 0.000114124
6054.000000 0.000112335
6055.000000 0.000110545
6056.000000 0.000108754
6057.000000 0.000106963
6058.000000 0.000105172
6059.000000 0.00010338
6060.000000 0.000101587
6061.000000 9.97959e-05
6062.000000 9.80039e-05
6063.000000 9.62119e-05
6064.000000 9.44188e-05
6065.000000 9.26253e-05
6066.000000 9.08312e-05
6067.000000 8.90363e-05
6068.000000 8.72412e-05
6069.000000 8.54451e-05
6070.000000 8.36486e-05
6071.000000 8.18466e-05
6072.000000 8.00442e-05
6073.000000 7.82415e-05
6074.000000 7.64382e-05
6075.000000 7.46349e-05
