4466.000000 7.46731e-05
4467.000000 7.64087e-05
4468.000000 7.81444e-05
4469.000000 7.98804e-05
4470.000000 8.16166e-05
4471.000000 8.33444e-05
4472.000000 8.50718e-05
4473.000000 8.67991e-05
4474.000000 8.85264e-05
4475.000000 9.02535e-05
4476.000000 9.19804e-05
4477.000000 9.37071e-05
4478.000000 9.54337e-05
4479.000000 9.716e-05
4480.000000 9.88863e-05
4481.000000 0.00010608
4482.000000 0.000113273
4483.000000 0.000120464
4484.000000 0.000127653
4485.000000 0.000134841
4486.000000 0.000142027
4487.000000 0.000149212
4488.000000 0.000156395
4489.000000 0.000163576
4490.000000 0.000170757
4491.000000 0.000177951
4492.000000 0.000185145
4493.000000 0.000192338
4494.000000 0.000199532
4495.000000 0.000206724
4496.000000 0.000213917
4497.000000 0.000221109
4498.000000 0.000228301
4499.000000 0.000235493
4500.000000 0.000242684
4501.000000 0.000249854
4502.000000 0.000257022
4503.000000 0.000264189
4504.000000 0.000271353
4505.000000 0.000278517
4506.000000 0.000285678
4507.000000 0.000292839
4508.000000 0.000299997
4509.000000 0.000307154
4510.000000 0.00031431
4511.000000 0.000321474
4512.000000 0.000328636
4513.000000 0.000335797
4514.000000 0.000342958
4515.000000 0.000350117
4516.000000 0.000357275
4517.000000 0.000364432
4518.000000 0.000371587
4519.000000 0.000378741
4520.000000 0.000385894
4521.000000 0.000410617
4522.000000 0.000435342
4523.000000 0.000460068
4524.000000 0.000484795
4525.000000 0.000509523
4526.000000 0.000534252
4527.000000 0.000558982
4528.000000 0.000583713
4529.000000 0.000608444
4530.000000 0.000633178
4531.000000 0.000657832
4532.000000 0.00068248
4533.000000 0.000707123
4534.000000 0.000731761
4535.000000 0.000756394
4536.000000 0.000781023
4537.000000 0.000805646
4538.000000 0.000830262
4539.000000 0.000854875
4540.000000 0.000879484
4541.000000 0.00090413
4542.000000 0.000928779
4543.000000 0.000953424
4544.000000 0.000978064
4545.000000 0.0010027
4546.000000 0.00102734
4547.000000 0.00105197
4548.000000 0.0010766
4549.000000 0.00110123
4550.000000 0.00112585
4551.000000 0.00115034
4552.000000 0.00117482
4553.000000 0.00119929
4554.000000 0.00122376
4555.000000 0.00124821
4556.000000 0.00127266
4557.000000 0.0012971
4558.000000 0.00132153
4559.000000 0.00134595
4560.000000 0.00137036
4561.000000 0.00149321
4562.000000 0.00161606
4563.000000 0.00173891
4564.000000 0.00186175
4565.000000 0.0019846
4566.000000 0.00210744
4567.000000 0.00223029
4568.000000 0.00235313
4569.000000 0.00247597
4570.000000 0.00259881
4571.000000 0.00272136
4572.000000 0.00284387
4573.000000 0.00296636
4574.000000 0.00308883
4575.000000 0.00321125
4576.000000 0.00333366
4577.000000 0.00345604
4578.000000 0.00357839
4579.000000 0.00370071
4580.000000 0.003823
4581.000000 0.00395497
4582.000000 0.00408691
4583.000000 0.00421881
4584.000000 0.00435068
4585.000000 0.00448251
4586.000000 0.00461431
4587.000000 0.00474607
4588.000000 0.00487779
4589.000000 0.00500949
4590.000000 0.00514114
4591.000000 0.00530851
4592.000000 0.00547587
4593.000000 0.00564325
4594.000000 0.0058106
4595.000000 0.00597798
4596.000000 0.00614533
4597.000000 0.00631268
4598.000000 0.00648004
4599.000000 0.00664739
4600.000000 0.00681474
4601.000000 0.00704541
4602.000000 0.00727605
4603.000000 0.00750665
4604.000000 0.0077372
4605.000000 0.00796774
4606.000000 0.00819823
4607.000000 0.00842868
4608.000000 0.00865913
4609.000000 0.00888952
4610.000000 0.00911991
4611.000000 0.00940935
4612.000000 0.00969871
4613.000000 0.00998798
4614.000000 0.0102772
4615.000000 0.0105663
4616.000000 0.0108554
4617.000000 0.0111443
4618.000000 0.0114332
4619.000000 0.011722
4620.000000 0.0120107
4621.000000 0.0123926
4622.000000 0.0127744
4623.000000 0.0131563
4624.000000 0.0135382
4625.000000 0.01392
4626.000000 0.0143019
4627.000000 0.0146837
4628.000000 0.0150656
4629.000000 0.0154475
4630.000000 0.0158294
4631.000000 0.0163008
4632.000000 0.0167722
4633.000000 0.0172434
4634.000000 0.0177146
4635.000000 0.0181857
4636.000000 0.0186566
4637.000000 0.0191274
4638.000000 0.0195982
4639.000000 0.0200688
4640.000000 0.0205393
4641.000000 0.0211378
4642.000000 0.0217362
4643.000000 0.0223345
4644.000000 0.0229327
4645.000000 0.0235309
4646.000000 0.024129
4647.000000 0.024727
4648.000000 0.0253249
4649.000000 0.0259227
4650.000000 0.0265205
4651.000000 0.0272575
4652.000000 0.0279946
4653.000000 0.0287315
4654.000000 0.0294683
4655.000000 0.0302051
4656.000000 0.0309417
4657.000000 0.0316784
4658.000000 0.0324149
4659.000000 0.0331514
4660.000000 0.0338877
4661.000000 0.034744
4662.000000 0.0356002
4663.000000 0.0364564
4664.000000 0.0373125
4665.000000 0.0381686
4666.000000 0.0390247
4667.000000 0.0398807
4668.000000 0.0407366
4669.000000 0.0415925
4670.000000 0.0424484
4671.000000 0.0433981
4672.000000 0.0443476
4673.000000 0.0452971
4674.000000 0.0462464
4675.000000 0.0471957
4676.000000 0.0481449
4677.000000 0.0490938
4678.000000 0.0500428
4679.000000 0.0509915
4680.000000 0.0519403
4681.000000 0.0530481
4682.000000 0.0541559
4683.000000 0.0552637
4684.000000 0.0563711
4685.000000 0.0574786
4686.000000 0.0585859
4687.000000 0.0596932
4688.000000 0.0608003
4689.000000 0.0619073
4690.000000 0.0630143
4691.000000 0.0645573
4692.000000 0.0661002
4693.000000 0.0676431
4694.000000 0.0691857
4695.000000 0.0707284
4696.000000 0.0722707
4697.000000 0.073813
4698.000000 0.0753552
4699.000000 0.0768972
4700.000000 0.0784391
4701.000000 0.0797076
4702.000000 0.0809759
4703.000000 0.0822443
4704.000000 0.0835128
4705.000000 0.0847813
4706.000000 0.0860498
4707.000000 0.0873183
4708.000000 0.0885867
4709.000000 0.0898552
4710.000000 0.0911236
4711.000000 0.0924178
4712.000000 0.0937116
4713.000000 0.0950051
4714.000000 0.0962984
4715.000000 0.097591
4716.000000 0.0988832
4717.000000 0.100175
4718.000000 0.101466
4719.000000 0.102757
4720.000000 0.104048
4721.000000 0.105432
4722.000000 0.106815
4723.000000 0.108199
4724.000000 0.109583
4725.000000 0.110966
4726.000000 0.11235
4727.000000 0.113733
4728.000000 0.115116
4729.000000 0.1165
4730.000000 0.117883
4731.000000 0.119144
4732.000000 0.120404
4733.000000 0.121665
4734.000000 0.122926
4735.000000 0.124186
4736.000000 0.125446
4737.000000 0.126706
4738.000000 0.127966
4739.000000 0.129226
4740.000000 0.130486
4741.000000 0.131856
4742.000000 0.133225
4743.000000 0.134594
4744.000000 0.135963
4745.000000 0.137331
4746.000000 0.138699
4747.000000 0.140067
4748.000000 0.141435
4749.000000 0.142802
4750.000000 0.144169
4751.000000 0.145676
4752.000000 0.147183
4753.000000 0.14869
4754.000000 0.150197
4755.000000 0.151704
4756.000000 0.153212
4757.000000 0.154719
4758.000000 0.156227
4759.000000 0.157734
4760.000000 0.159242
4761.000000 0.160499
4762.000000 0.161755
4763.000000 0.163012
4764.000000 0.164268
4765.000000 0.165524
4766.000000 0.16678
4767.000000 0.168036
4768.000000 0.169292
4769.000000 0.170547
4770.000000 0.171803
4771.000000 0.173308
4772.000000 0.174814
4773.000000 0.17632
4774.000000 0.177826
4775.000000 0.179333
4776.000000 0.180839
4777.000000 0.182345
4778.000000 0.183852
4779.000000 0.185358
4780.000000 0.186865
4781.000000 0.188355
4782.000000 0.189846
4783.000000 0.191336
4784.000000 0.192826
4785.000000 0.194315
4786.000000 0.195805
4787.000000 0.197294
4788.000000 0.198783
4789.000000 0.200273
4790.000000 0.201761
4791.000000 0.203256
4792.000000 0.20475
4793.000000 0.206244
4794.000000 0.207738
4795.000000 0.209232
4796.000000 0.210725
4797.000000 0.212219
4798.000000 0.213713
4799.000000 0.215206
4800.000000 0.2167
4801.000000 0.217888
4802.000000 0.219075
4803.000000 0.220263
4804.000000 0.221451
4805.000000 0.222639
4806.000000 0.223827
4807.000000 0.225015
4808.000000 0.226203
4809.000000 0.227391
4810.000000 0.228579
4811.000000 0.229967
4812.000000 0.231355
4813.000000 0.232743
4814.000000 0.234131
4815.000000 0.23552
4816.000000 0.236908
4817.000000 0.238296
4818.000000 0.239684
4819.000000 0.241073
4820.000000 0.242462
4821.000000 0.24366
4822.000000 0.244859
4823.000000 0.246057
4824.000000 0.247256
4825.000000 0.248455
4826.000000 0.249654
4827.000000 0.250854
4828.000000 0.252053
4829.000000 0.253252
4830.000000 0.254452
4831.000000 0.255619
4832.000000 0.256785
4833.000000 0.257952
4834.000000 0.259119
4835.000000 0.260286
4836.000000 0.261453
4837.000000 0.26262
4838.000000 0.263787
4839.000000 0.264956
4840.000000 0.266124
4841.000000 0.266942
4842.000000 0.267761
4843.000000 0.268579
4844.000000 0.269398
4845.000000 0.270216
4846.000000 0.271034
4847.000000 0.271852
4848.000000 0.27267
4849.000000 0.273488
4850.000000 0.274306
4851.000000 0.275397
4852.000000 0.276488
4853.000000 0.277579
4854.000000 0.27867
4855.000000 0.27976
4856.000000 0.28085
4857.000000 0.281941
4858.000000 0.283031
4859.000000 0.284121
4860.000000 0.285211
4861.000000 0.28568
4862.000000 0.28615
4863.000000 0.286619
4864.000000 0.287089
4865.000000 0.287559
4866.000000 0.288029
4867.000000 0.288499
4868.000000 0.288969
4869.000000 0.28944
4870.000000 0.28991
4871.000000 0.290495
4872.000000 0.291079
4873.000000 0.291664
4874.000000 0.292249
4875.000000 0.292834
4876.000000 0.293419
4877.000000 0.294003
4878.000000 0.294588
4879.000000 0.295173
4880.000000 0.295757
4881.000000 0.296314
4882.000000 0.29687
4883.000000 0.297428
4884.000000 0.297984
4885.000000 0.298541
4886.000000 0.299098
4887.000000 0.299655
4888.000000 0.300212
4889.000000 0.300768
4890.000000 0.301325
4891.000000 0.301716
4892.000000 0.302107
4893.000000 0.302498
4894.000000 0.302889
4895.000000 0.303281
4896.000000 0.303672
4897.000000 0.304063
4898.000000 0.304455
4899.000000 0.304847
4900.000000 0.305238
4901.000000 0.305554
4902.000000 0.305869
4903.000000 0.306184
4904.000000 0.3065
4905.000000 0.306815
4906.000000 0.307131
4907.000000 0.307446
4908.000000 0.307761
4909.000000 0.308077
4910.000000 0.308392
4911.000000 0.308775
4912.000000 0.309157
4913.000000 0.309541
4914.000000 0.309924
4915.000000 0.310307
4916.000000 0.31069
4917.000000 0.311074
4918.000000 0.311457
4919.000000 0.31184
4920.000000 0.312224
4921.000000 0.31247
4922.000000 0.312716
4923.000000 0.312961
4924.000000 0.313207
4925.000000 0.313453
4926.000000 0.313699
4927.000000 0.313944
4928.000000 0.31419
4929.000000 0.314437
4930.000000 0.314682
4931.000000 0.314992
4932.000000 0.315302
4933.000000 0.315612
4934.000000 0.315922
4935.000000 0.316232
4936.000000 0.316542
4937.000000 0.316852
4938.000000 0.317163
4939.000000 0.317473
4940.000000 0.317783
4941.000000 0.317552
4942.000000 0.317322
4943.000000 0.317091
4944.000000 0.31686
4945.000000 0.316629
4946.000000 0.316399
4947.000000 0.316167
4948.000000 0.315935
4949.000000 0.315704
4950.000000 0.315473
4951.000000 0.31645
4952.000000 0.317428
4953.000000 0.318404
4954.000000 0.319381
4955.000000 0.320358
4956.000000 0.321334
4957.000000 0.322311
4958.000000 0.323287
4959.000000 0.324264
4960.000000 0.32524
4961.000000 0.325482
4962.000000 0.325723
4963.000000 0.325965
4964.000000 0.326207
4965.000000 0.326449
4966.000000 0.326691
4967.000000 0.326933
4968.000000 0.327175
4969.000000 0.327417
4970.000000 0.327659
4971.000000 0.32853
4972.000000 0.329399
4973.000000 0.33027
4974.000000 0.33114
4975.000000 0.33201
4976.000000 0.332881
4977.000000 0.333752
4978.000000 0.334623
4979.000000 0.335494
4980.000000 0.336365
4981.000000 0.336418
4982.000000 0.336471
4983.000000 0.336523
4984.000000 0.336576
4985.000000 0.336629
4986.000000 0.336681
4987.000000 0.336734
4988.000000 0.336787
4989.000000 0.33684
4990.000000 0.336893
4991.000000 0.337382
4992.000000 0.337871
4993.000000 0.338362
4994.000000 0.338851
4995.000000 0.339341
4996.000000 0.339832
4997.000000 0.340322
4998.000000 0.340812
4999.000000 0.341302
5000.000000 0.341793
5001.000000 0.342256
5002.000000 0.342718
5003.000000 0.34318
5004.000000 0.343642
5005.000000 0.344104
5006.000000 0.344567
5007.000000 0.345029
5008.000000 0.345493
5009.000000 0.345955
5010.000000 0.346418
5011.000000 0.346698
5012.000000 0.346977
5013.000000 0.347257
5014.000000 0.347538
5015.000000 0.347819
5016.000000 0.3481
5017.000000 0.34838
5018.000000 0.348659
5019.000000 0.348941
5020.000000 0.349221
5021.000000 0.349251
5022.000000 0.349281
5023.000000 0.349313
5024.000000 0.349343
5025.000000 0.349374
5026.000000 0.349404
5027.000000 0.349434
5028.000000 0.349465
5029.000000 0.349494
5030.000000 0.349525
5031.000000 0.349883
5032.000000 0.350242
5033.000000 0.350601
5034.000000 0.35096
5035.000000 0.351319
5036.000000 0.351678
5037.000000 0.352036
5038.000000 0.352396
5039.000000 0.352754
5040.000000 0.353113
5041.000000 0.352926
5042.000000 0.352737
5043.000000 0.352548
5044.000000 0.35236
5045.000000 0.352172
5046.000000 0.351983
5047.000000 0.351794
5048.000000 0.351605
5049.000000 0.351416
5050.000000 0.351227
5051.000000 0.351625
5052.000000 0.352022
5053.000000 0.352419
5054.000000 0.352817
5055.000000 0.353214
5056.000000 0.353611
5057.000000 0.354009
5058.000000 0.354406
5059.000000 0.354804
5060.000000 0.355202
5061.000000 0.354687
5062.000000 0.354172
5063.000000 0.353657
5064.000000 0.353141
5065.000000 0.352626
5066.000000 0.35211
5067.000000 0.351594
5068.000000 0.351077
5069.000000 0.350561
5070.000000 0.350044
5071.000000 0.350229
5072.000000 0.350413
5073.000000 0.350597
5074.000000 0.350782
5075.000000 0.350966
5076.000000 0.351151
5077.000000 0.351335
5078.000000 0.351521
5079.000000 0.351705
5080.000000 0.351889
5081.000000 0.351435
5082.000000 0.350981
5083.000000 0.350527
5084.000000 0.350073
5085.000000 0.349619
5086.000000 0.349164
5087.000000 0.348709
5088.000000 0.348254
5089.000000 0.3478
5090.000000 0.347345
5091.000000 0.347195
5092.000000 0.347045
5093.000000 0.346895
5094.000000 0.346745
5095.000000 0.346595
5096.000000 0.346445
5097.000000 0.346295
5098.000000 0.346145
5099.000000 0.345994
5100.000000 0.345843
5101.000000 0.345685
5102.000000 0.345526
5103.000000 0.345367
5104.000000 0.345208
5105.000000 0.345048
5106.000000 0.344889
5107.000000 0.34473
5108.000000 0.34457
5109.000000 0.34441
5110.000000 0.34425
5111.000000 0.344209
5112.000000 0.344168
5113.000000 0.344126
5114.000000 0.344085
5115.000000 0.344044
5116.000000 0.344003
5117.000000 0.343961
5118.000000 0.34392
5119.000000 0.343878
5120.000000 0.343836
5121.000000 0.34382
5122.000000 0.343805
5123.000000 0.343789
5124.000000 0.343773
5125.000000 0.343756
5126.000000 0.343741
5127.000000 0.343725
5128.000000 0.343708
5129.000000 0.343692
5130.000000 0.343676
5131.000000 0.343564
5132.000000 0.343452
5133.000000 0.343341
5134.000000 0.343229
5135.000000 0.343117
5136.000000 0.343005
5137.000000 0.342894
5138.000000 0.342782
5139.000000 0.34267
5140.000000 0.342558
5141.000000 0.342479
5142.000000 0.342399
5143.000000 0.342321
5144.000000 0.342241
5145.000000 0.342162
5146.000000 0.342083
5147.000000 0.342003
5148.000000 0.341922
5149.000000 0.341843
5150.000000 0.341763
5151.000000 0.34181
5152.000000 0.341857
5153.000000 0.341905
5154.000000 0.341951
5155.000000 0.341999
5156.000000 0.342045
5157.000000 0.342093
5158.000000 0.342139
5159.000000 0.342186
5160.000000 0.342233
5161.000000 0.342488
5162.000000 0.342742
5163.000000 0.342996
5164.000000 0.343251
5165.000000 0.343505
5166.000000 0.34376
5167.000000 0.344014
5168.000000 0.344269
5169.000000 0.344524
5170.000000 0.344778
5171.000000 0.345133
5172.000000 0.345488
5173.000000 0.345842
5174.000000 0.346197
5175.000000 0.346552
5176.000000 0.346907
5177.000000 0.347262
5178.000000 0.347617
5179.000000 0.347971
5180.000000 0.348327
5181.000000 0.348253
5182.000000 0.34818
5183.000000 0.348107
5184.000000 0.348033
5185.000000 0.347959
5186.000000 0.347885
5187.000000 0.347811
5188.000000 0.347737
5189.000000 0.347663
5190.000000 0.347589
5191.000000 0.347941
5192.000000 0.348293
5193.000000 0.348645
5194.000000 0.348997
5195.000000 0.349349
5196.000000 0.349702
5197.000000 0.350054
5198.000000 0.350406
5199.000000 0.350759
5200.000000 0.351111
5201.000000 0.351113
5202.000000 0.351113
5203.000000 0.351114
5204.000000 0.351115
5205.000000 0.351115
5206.000000 0.351115
5207.000000 0.351116
5208.000000 0.351116
5209.000000 0.351117
5210.000000 0.351118
5211.000000 0.351443
5212.000000 0.351768
5213.000000 0.352093
5214.000000 0.352418
5215.000000 0.352744
5216.000000 0.35307
5217.000000 0.353395
5218.000000 0.353721
5219.000000 0.354047
5220.000000 0.354373
5221.000000 0.354396
5222.000000 0.354418
5223.000000 0.354441
5224.000000 0.354464
5225.000000 0.354487
5226.000000 0.354509
5227.000000 0.354532
5228.000000 0.354554
5229.000000 0.354577
5230.000000 0.354599
5231.000000 0.354857
5232.000000 0.355115
5233.000000 0.355373
5234.000000 0.35563
5235.000000 0.355888
5236.000000 0.356146
5237.000000 0.356404
5238.000000 0.356662
5239.000000 0.35692
5240.000000 0.357178
5241.000000 0.356966
5242.000000 0.356756
5243.000000 0.356544
5244.000000 0.356333
5245.000000 0.356122
5246.000000 0.35591
5247.000000 0.355698
5248.000000 0.355487
5249.000000 0.355275
5250.000000 0.355063
5251.000000 0.355034
5252.000000 0.355005
5253.000000 0.354977
5254.000000 0.354949
5255.000000 0.35492
5256.000000 0.354891
5257.000000 0.354862
5258.000000 0.354834
5259.000000 0.354806
5260.000000 0.354776
5261.000000 0.354873
5262.000000 0.354969
5263.000000 0.355066
5264.000000 0.355162
5265.000000 0.355259
5266.000000 0.355356
5267.000000 0.355451
5268.000000 0.355547
5269.000000 0.355644
5270.000000 0.35574
5271.000000 0.355609
5272.000000 0.355477
5273.000000 0.355346
5274.000000 0.355214
5275.000000 0.355082
5276.000000 0.354949
5277.000000 0.354817
5278.000000 0.354686
5279.000000 0.354553
5280.000000 0.35442
5281.000000 0.353895
5282.000000 0.353371
5283.000000 0.352845
5284.000000 0.35232
5285.000000 0.351795
5286.000000 0.35127
5287.000000 0.350744
5288.000000 0.350219
5289.000000 0.349693
5290.000000 0.349167
5291.000000 0.349322
5292.000000 0.349474
5293.000000 0.349628
5294.000000 0.349781
5295.000000 0.349935
5296.000000 0.350088
5297.000000 0.350241
5298.000000 0.350395
5299.000000 0.350548
5300.000000 0.350702
5301.000000 0.350277
5302.000000 0.349852
5303.000000 0.349425
5304.000000 0.349
5305.000000 0.348575
5306.000000 0.348149
5307.000000 0.347723
5308.000000 0.347296
5309.000000 0.34687
5310.000000 0.346444
5311.000000 0.346478
5312.000000 0.346512
5313.000000 0.346546
5314.000000 0.34658
5315.000000 0.346614
5316.000000 0.346647
5317.000000 0.346681
5318.000000 0.346715
5319.000000 0.346748
5320.000000 0.346782
5321.000000 0.346395
5322.000000 0.34601
5323.000000 0.345624
5324.000000 0.345238
5325.000000 0.344851
5326.000000 0.344465
5327.000000 0.344079
5328.000000 0.343693
5329.000000 0.343306
5330.000000 0.34292
5331.000000 0.343091
5332.000000 0.343264
5333.000000 0.343435
5334.000000 0.343607
5335.000000 0.343779
5336.000000 0.34395
5337.000000 0.344123
5338.000000 0.344295
5339.000000 0.344467
5340.000000 0.344639
5341.000000 0.344407
5342.000000 0.344176
5343.000000 0.343944
5344.000000 0.343711
5345.000000 0.343479
5346.000000 0.343248
5347.000000 0.343015
5348.000000 0.342782
5349.000000 0.34255
5350.000000 0.342316
5351.000000 0.342313
5352.000000 0.342309
5353.000000 0.342305
5354.000000 0.342301
5355.000000 0.342297
5356.000000 0.342293
5357.000000 0.342289
5358.000000 0.342285
5359.000000 0.342281
5360.000000 0.342276
5361.000000 0.342254
5362.000000 0.342231
5363.000000 0.342209
5364.000000 0.342185
5365.000000 0.342163
5366.000000 0.342139
5367.000000 0.342117
5368.000000 0.342094
5369.000000 0.342071
5370.000000 0.342047
5371.000000 0.342464
5372.000000 0.342882
5373.000000 0.343299
5374.000000 0.343717
5375.000000 0.344134
5376.000000 0.344551
5377.000000 0.344969
5378.000000 0.345386
5379.000000 0.345804
5380.000000 0.346221
5381.000000 0.346276
5382.000000 0.346331
5383.000000 0.346385
5384.000000 0.34644
5385.000000 0.346495
5386.000000 0.346549
5387.000000 0.346604
5388.000000 0.346659
5389.000000 0.346713
5390.000000 0.346768
5391.000000 0.346974
5392.000000 0.347179
5393.000000 0.347386
5394.000000 0.347591
5395.000000 0.347797
5396.000000 0.348003
5397.000000 0.348208
5398.000000 0.348414
5399.000000 0.34862
5400.000000 0.348825
5401.000000 0.348934
5402.000000 0.349043
5403.000000 0.349151
5404.000000 0.349259
5405.000000 0.349367
5406.000000 0.349476
5407.000000 0.349584
5408.000000 0.349691
5409.000000 0.3498
5410.000000 0.349908
5411.000000 0.35005
5412.000000 0.350193
5413.000000 0.350336
5414.000000 0.350478
5415.000000 0.350621
5416.000000 0.350763
5417.000000 0.350905
5418.000000 0.351048
5419.000000 0.351189
5420.000000 0.351332
5421.000000 0.351706
5422.000000 0.352082
5423.000000 0.352458
5424.000000 0.352833
5425.000000 0.353207
5426.000000 0.353582
5427.000000 0.353958
5428.000000 0.354333
5429.000000 0.354707
5430.000000 0.355083
5431.000000 0.355309
5432.000000 0.355535
5433.000000 0.35576
5434.000000 0.355986
5435.000000 0.356212
5436.000000 0.356438
5437.000000 0.356665
5438.000000 0.35689
5439.000000 0.357116
5440.000000 0.357342
5441.000000 0.357466
5442.000000 0.357589
5443.000000 0.357714
5444.000000 0.357836
5445.000000 0.35796
5446.000000 0.358084
5447.000000 0.358208
5448.000000 0.358331
5449.000000 0.358454
5450.000000 0.358578
5451.000000 0.358462
5452.000000 0.358344
5453.000000 0.358228
5454.000000 0.358111
5455.000000 0.357994
5456.000000 0.357877
5457.000000 0.35776
5458.000000 0.357643
5459.000000 0.357526
5460.000000 0.357408
5461.000000 0.357695
5462.000000 0.357982
5463.000000 0.358269
5464.000000 0.358556
5465.000000 0.358842
5466.000000 0.359129
5467.000000 0.359416
5468.000000 0.359702
5469.000000 0.359989
5470.000000 0.360275
5471.000000 0.360379
5472.000000 0.360481
5473.000000 0.360585
5474.000000 0.360688
5475.000000 0.360791
5476.000000 0.360893
5477.000000 0.360995
5478.000000 0.361098
5479.000000 0.3612
5480.000000 0.361303
5481.000000 0.361281
5482.000000 0.361259
5483.000000 0.361238
5484.000000 0.361216
5485.000000 0.361194
5486.000000 0.361172
5487.000000 0.36115
5488.000000 0.361128
5489.000000 0.361105
5490.000000 0.361083
5491.000000 0.361529
5492.000000 0.361976
5493.000000 0.362422
5494.000000 0.362868
5495.000000 0.363315
5496.000000 0.363761
5497.000000 0.364207
5498.000000 0.364653
5499.000000 0.3651
5500.000000 0.365546
5501.000000 0.365061
5502.000000 0.364575
5503.000000 0.36409
5504.000000 0.363604
5505.000000 0.363118
5506.000000 0.362631
5507.000000 0.362145
5508.000000 0.361658
5509.000000 0.36117
5510.000000 0.360683
5511.000000 0.360604
5512.000000 0.360524
5513.000000 0.360444
5514.000000 0.360364
5515.000000 0.360285
5516.000000 0.360205
5517.000000 0.360125
5518.000000 0.360046
5519.000000 0.359965
5520.000000 0.359885
5521.000000 0.359661
5522.000000 0.359435
5523.000000 0.35921
5524.000000 0.358985
5525.000000 0.35876
5526.000000 0.358534
5527.000000 0.358309
5528.000000 0.358083
5529.000000 0.357857
5530.000000 0.357631
5531.000000 0.357532
5532.000000 0.357432
5533.000000 0.357332
5534.000000 0.357232
5535.000000 0.357131
5536.000000 0.357031
5537.000000 0.356931
5538.000000 0.356831
5539.000000 0.35673
5540.000000 0.356629
5541.000000 0.356249
5542.000000 0.355869
5543.000000 0.355489
5544.000000 0.355109
5545.000000 0.354729
5546.000000 0.354348
5547.000000 0.353967
5548.000000 0.353587
5549.000000 0.353206
5550.000000 0.352826
5551.000000 0.352925
5552.000000 0.353024
5553.000000 0.353123
5554.000000 0.353221
5555.000000 0.35332
5556.000000 0.35342
5557.000000 0.353519
5558.000000 0.353618
5559.000000 0.353717
5560.000000 0.353815
5561.000000 0.353231
5562.000000 0.352647
5563.000000 0.352063
5564.000000 0.351478
5565.000000 0.350894
5566.000000 0.350309
5567.000000 0.349724
5568.000000 0.349139
5569.000000 0.348554
5570.000000 0.347969
5571.000000 0.348044
5572.000000 0.34812
5573.000000 0.348195
5574.000000 0.34827
5575.000000 0.348344
5576.000000 0.34842
5577.000000 0.348494
5578.000000 0.348569
5579.000000 0.348643
5580.000000 0.348718
5581.000000 0.348308
5582.000000 0.347897
5583.000000 0.347488
5584.000000 0.347078
5585.000000 0.346666
5586.000000 0.346256
5587.000000 0.345845
5588.000000 0.345434
5589.000000 0.345023
5590.000000 0.344612
5591.000000 0.344399
5592.000000 0.344186
5593.000000 0.343973
5594.000000 0.343761
5595.000000 0.343547
5596.000000 0.343334
5597.000000 0.343121
5598.000000 0.342907
5599.000000 0.342693
5600.000000 0.342479
5601.000000 0.341958
5602.000000 0.341437
5603.000000 0.340915
5604.000000 0.340394
5605.000000 0.339872
5606.000000 0.33935
5607.000000 0.338828
5608.000000 0.338305
5609.000000 0.337783
5610.000000 0.337259
5611.000000 0.337138
5612.000000 0.337016
5613.000000 0.336894
5614.000000 0.336771
5615.000000 0.336649
5616.000000 0.336527
5617.000000 0.336404
5618.000000 0.336282
5619.000000 0.336159
5620.000000 0.336036
5621.000000 0.335747
5622.000000 0.335458
5623.000000 0.335168
5624.000000 0.33488
5625.000000 0.33459
5626.000000 0.334301
5627.000000 0.334012
5628.000000 0.333723
5629.000000 0.333434
5630.000000 0.333145
5631.000000 0.333431
5632.000000 0.333718
5633.000000 0.334005
5634.000000 0.334292
5635.000000 0.334579
5636.000000 0.334867
5637.000000 0.335154
5638.000000 0.335441
5639.000000 0.335728
5640.000000 0.336015
5641.000000 0.335448
5642.000000 0.334881
5643.000000 0.334314
5644.000000 0.333747
5645.000000 0.333179
5646.000000 0.332612
5647.000000 0.332043
5648.000000 0.331476
5649.000000 0.330908
5650.000000 0.33034
5651.000000 0.329847
5652.000000 0.329354
5653.000000 0.328862
5654.000000 0.328369
5655.000000 0.327876
5656.000000 0.327383
5657.000000 0.32689
5658.000000 0.326397
5659.000000 0.325904
5660.000000 0.325411
5661.000000 0.325403
5662.000000 0.325394
5663.000000 0.325386
5664.000000 0.325377
5665.000000 0.325369
5666.000000 0.325361
5667.000000 0.325353
5668.000000 0.325344
5669.000000 0.325336
5670.000000 0.325328
5671.000000 0.325246
5672.000000 0.325165
5673.000000 0.325085
5674.000000 0.325004
5675.000000 0.324922
5676.000000 0.324841
5677.000000 0.324761
5678.000000 0.324679
5679.000000 0.324599
5680.000000 0.324517
5681.000000 0.323837
5682.000000 0.323157
5683.000000 0.322477
5684.000000 0.321797
5685.000000 0.321116
5686.000000 0.320434
5687.000000 0.319754
5688.000000 0.319072
5689.000000 0.31839
5690.000000 0.317709
5691.000000 0.317479
5692.000000 0.31725
5693.000000 0.317021
5694.000000 0.316791
5695.000000 0.316563
5696.000000 0.316333
5697.000000 0.316104
5698.000000 0.315875
5699.000000 0.315645
5700.000000 0.315416
5701.000000 0.315299
5702.000000 0.315183
5703.000000 0.315068
5704.000000 0.314951
5705.000000 0.314835
5706.000000 0.314718
5707.000000 0.314603
5708.000000 0.314486
5709.000000 0.31437
5710.000000 0.314254
5711.000000 0.313942
5712.000000 0.31363
5713.000000 0.313319
5714.000000 0.313007
5715.000000 0.312695
5716.000000 0.312384
5717.000000 0.312072
5718.000000 0.311761
5719.000000 0.311449
5720.000000 0.311138
5721.000000 0.310253
5722.000000 0.30937
5723.000000 0.308486
5724.000000 0.307603
5725.000000 0.306719
5726.000000 0.305836
5727.000000 0.304953
5728.000000 0.304071
5729.000000 0.303188
5730.000000 0.302305
5731.000000 0.302447
5732.000000 0.302587
5733.000000 0.302729
5734.000000 0.302871
5735.000000 0.303012
5736.000000 0.303154
5737.000000 0.303296
5738.000000 0.303438
5739.000000 0.303581
5740.000000 0.303723
5741.000000 0.303108
5742.000000 0.302496
5743.000000 0.301882
5744.000000 0.301268
5745.000000 0.300655
5746.000000 0.300041
5747.000000 0.299428
5748.000000 0.298815
5749.000000 0.298202
5750.000000 0.297589
5751.000000 0.297315
5752.000000 0.29704
5753.000000 0.296765
5754.000000 0.296489
5755.000000 0.296215
5756.000000 0.295939
5757.000000 0.295665
5758.000000 0.295389
5759.000000 0.295113
5760.000000 0.294839
5761.000000 0.294361
5762.000000 0.293885
5763.000000 0.293409
5764.000000 0.292932
5765.000000 0.292456
5766.000000 0.29198
5767.000000 0.291504
5768.000000 0.291028
5769.000000 0.290552
5770.000000 0.290075
5771.000000 0.289831
5772.000000 0.289586
5773.000000 0.289341
5774.000000 0.289097
5775.000000 0.288851
5776.000000 0.288606
5777.000000 0.288361
5778.000000 0.288116
5779.000000 0.287871
5780.000000 0.287626
5781.000000 0.287257
5782.000000 0.286886
5783.000000 0.286517
5784.000000 0.286146
5785.000000 0.285777
5786.000000 0.285407
5787.000000 0.285037
5788.000000 0.284667
5789.000000 0.284297
5790.000000 0.283927
5791.000000 0.283798
5792.000000 0.283668
5793.000000 0.283538
5794.000000 0.283409
5795.000000 0.283279
5796.000000 0.28315
5797.000000 0.283021
5798.000000 0.282891
5799.000000 0.282762
5800.000000 0.282632
5801.000000 0.281933
5802.000000 0.281233
5803.000000 0.280533
5804.000000 0.279833
5805.000000 0.279133
5806.000000 0.278433
5807.000000 0.277734
5808.000000 0.277034
5809.000000 0.276335
5810.000000 0.275635
5811.000000 0.275427
5812.000000 0.275218
5813.000000 0.27501
5814.000000 0.274801
5815.000000 0.274592
5816.000000 0.274384
5817.000000 0.274175
5818.000000 0.273966
5819.000000 0.273757
5820.000000 0.273549
5821.000000 0.272845
5822.000000 0.272141
5823.000000 0.271437
5824.000000 0.270733
5825.000000 0.270028
5826.000000 0.269323
5827.000000 0.268619
5828.000000 0.267913
5829.000000 0.267209
5830.000000 0.266503
5831.000000 0.266168
5832.000000 0.265834
5833.000000 0.265499
5834.000000 0.265164
5835.000000 0.26483
5836.000000 0.264495
5837.000000 0.26416
5838.000000 0.263826
5839.000000 0.263491
5840.000000 0.263157
5841.000000 0.26257
5842.000000 0.261983
5843.000000 0.261396
5844.000000 0.26081
5845.000000 0.260223
5846.000000 0.259636
5847.000000 0.259049
5848.000000 0.258462
5849.000000 0.257875
5850.000000 0.257288
5851.000000 0.256949
5852.000000 0.25661
5853.000000 0.256271
5854.000000 0.255933
5855.000000 0.255593
5856.000000 0.255254
5857.000000 0.254916
5858.000000 0.254577
5859.000000 0.254239
5860.000000 0.2539
5861.000000 0.253243
5862.000000 0.252586
5863.000000 0.251929
5864.000000 0.251271
5865.000000 0.250613
5866.000000 0.249955
5867.000000 0.249297
5868.000000 0.248638
5869.000000 0.247979
5870.000000 0.247321
5871.000000 0.246935
5872.000000 0.246549
5873.000000 0.246164
5874.000000 0.245778
5875.000000 0.245392
5876.000000 0.245007
5877.000000 0.244621
5878.000000 0.244235
5879.000000 0.24385
5880.000000 0.243464
5881.000000 0.242662
5882.000000 0.24186
5883.000000 0.241057
5884.000000 0.240254
5885.000000 0.239451
5886.000000 0.238648
5887.000000 0.237844
5888.000000 0.237041
5889.000000 0.236237
5890.000000 0.235433
5891.000000 0.235038
5892.000000 0.234644
5893.000000 0.23425
5894.000000 0.233855
5895.000000 0.233461
5896.000000 0.233066
5897.000000 0.232671
5898.000000 0.232276
5899.000000 0.231881
5900.000000 0.231486
5901.000000 0.230709
5902.000000 0.22993
5903.000000 0.229153
5904.000000 0.228375
5905.000000 0.227597
5906.000000 0.226818
5907.000000 0.22604
5908.000000 0.225262
5909.000000 0.224484
5910.000000 0.223705
5911.000000 0.22323
5912.000000 0.222755
5913.000000 0.222279
5914.000000 0.221804
5915.000000 0.221329
5916.000000 0.220853
5917.000000 0.220378
5918.000000 0.219903
5919.000000 0.219428
5920.000000 0.218953
5921.000000 0.218332
5922.000000 0.217711
5923.000000 0.21709
5924.000000 0.216468
5925.000000 0.215847
5926.000000 0.215224
5927.000000 0.214602
5928.000000 0.21398
5929.000000 0.213357
5930.000000 0.212735
5931.000000 0.212501
5932.000000 0.212267
5933.000000 0.212034
5934.000000 0.2118
5935.000000 0.211566
5936.000000 0.211332
5937.000000 0.211099
5938.000000 0.210865
5939.000000 0.210631
5940.000000 0.210397
5941.000000 0.209978
5942.000000 0.209559
5943.000000 0.20914
5944.000000 0.208721
5945.000000 0.208302
5946.000000 0.207882
5947.000000 0.207463
5948.000000 0.207043
5949.000000 0.206624
5950.000000 0.206204
5951.000000 0.205614
5952.000000 0.205022
5953.000000 0.204431
5954.000000 0.20384
5955.000000 0.203249
5956.000000 0.202657
5957.000000 0.202065
5958.000000 0.201473
5959.000000 0.200881
5960.000000 0.200289
5961.000000 0.200024
5962.000000 0.19976
5963.000000 0.199495
5964.000000 0.19923
5965.000000 0.198965
5966.000000 0.1987
5967.000000 0.198435
5968.000000 0.19817
5969.000000 0.197905
5970.000000 0.19764
5971.000000 0.197535
5972.000000 0.197431
5973.000000 0.197326
5974.000000 0.197222
5975.000000 0.197117
5976.000000 0.197012
5977.000000 0.196908
5978.000000 0.196803
5979.000000 0.196699
5980.000000 0.196594
5981.000000 0.19639
5982.000000 0.196187
5983.000000 0.195983
5984.000000 0.195779
5985.000000 0.195575
5986.000000 0.195371
5987.000000 0.195167
5988.000000 0.194963
5989.000000 0.194758
5990.000000 0.194554
5991.000000 0.194451
5992.000000 0.194348
5993.000000 0.194245
5994.000000 0.194142
5995.000000 0.194039
5996.000000 0.193935
5997.000000 0.193832
5998.000000 0.193729
5999.000000 0.193625
6000.000000 0.193522
6001.000000 0.192873
6002.000000 0.192223
6003.000000 0.191573
6004.000000 0.190923
6005.000000 0.190273
6006.000000 0.189622
6007.000000 0.188972
6008.000000 0.188321
6009.000000 0.187669
6010.000000 0.187018
6011.000000 0.186445
6012.000000 0.185872
6013.000000 0.185299
6014.000000 0.184725
6015.000000 0.184152
6016.000000 0.183579
6017.000000 0.183005
6018.000000 0.182431
6019.000000 0.181857
6020.000000 0.181283
6021.000000 0.18
6022.000000 0.178716
6023.000000 0.177431
6024.000000 0.176146
6025.000000 0.17486
6026.000000 0.173575
6027.000000 0.172288
6028.000000 0.171001
6029.000000 0.169714
6030.000000 0.168426
6031.000000 0.167148
6032.000000 0.16587
6033.000000 0.164591
6034.000000 0.163311
6035.000000 0.16203
6036.000000 0.160749
6037.000000 0.159467
6038.000000 0.158185
6039.000000 0.156902
6040.000000 0.155618
6041.000000 0.153761
6042.000000 0.151905
6043.000000 0.150047
6044.000000 0.148189
6045.000000 0.146331
6046.000000 0.144473
6047.000000 0.142614
6048.000000 0.140755
6049.000000 0.138895
6050.000000 0.137035
6051.000000 0.134817
6052.000000 0.132598
6053.000000 0.130379
6054.000000 0.128158
6055.000000 0.125937
6056.000000 0.123716
6057.000000 0.121493
6058.000000 0.11927
6059.000000 0.117047
6060.000000 0.114822
6061.000000 0.112554
6062.000000 0.110285
6063.000000 0.108015
6064.000000 0.105744
6065.000000 0.103473
6066.000000 0.101201
6067.000000 0.0989277
6068.000000 0.0966542
6069.000000 0.0943796
6070.000000 0.0921043
6071.000000 0.090098
6072.000000 0.0880912
6073.000000 0.0860841
6074.000000 0.0840762
6075.000000 0.0820684
6076.000000 0.0800598
6077.000000 0.0780507
6078.000000 0.0760413
6079.000000 0.0740315
6080.000000 0.0720211
6081.000000 0.0702451
6082.000000 0.0684683
6083.000000 0.0666909
6084.000000 0.0649128
6085.000000 0.0631342
6086.000000 0.0613548
6087.000000 0.0595746
6088.000000 0.0577941
6089.000000 0.0560127
6090.000000 0.0542306
6091.000000 0.0528868
6092.000000 0.0515427
6093.000000 0.0501981
6094.000000 0.0488533
6095.000000 0.0475079
6096.000000 0.0461623
6097.000000 0.0448163
6098.000000 0.0434698
6099.000000 0.042123
6100.000000 0.0407758
6101.000000 0.0397221
6102.000000 0.0386684
6103.000000 0.0376142
6104.000000 0.0365599
6105.000000 0.0355052
6106.000000 0.0344502
6107.000000 0.0333951
6108.000000 0.0323396
6109.000000 0.0312839
6110.000000 0.0302279
6111.000000 0.0294788
6112.000000 0.0287293
6113.000000 0.0279795
6114.000000 0.0272294
6115.000000 0.0264789
6116.000000 0.0257281
6117.000000 0.0249769
6118.000000 0.0242254
6119.000000 0.0234736
6120.000000 0.0227214
6121.000000 0.0221475
6122.000000 0.0215734
6123.000000 0.0209991
6124.000000 0.0204247
6125.000000 0.0198501
6126.000000 0.0192753
6127.000000 0.0187003
6128.000000 0.0181252
6129.000000 0.0175498
6130.000000 0.0169743
6131.000000 0.0165516
6132.000000 0.0161287
6133.000000 0.0157056
6134.000000 0.0152825
6135.000000 0.0148591
6136.000000 0.0144356
6137.000000 0.014012
6138.000000 0.0135883
6139.000000 0.0131644
6140.000000 0.0127404
6141.000000 0.0124183
6142.000000 0.0120961
6143.000000 0.0117738
6144.000000 0.0114514
6145.000000 0.0111288
6146.000000 0.0108062
6147.000000 0.0104834
6148.000000 0.0101605
6149.000000 0.00983749
6150.000000 0.00951436
6151.000000 0.00928794
6152.000000 0.00906146
6153.000000 0.00883493
6154.000000 0.00860836
6155.000000 0.00838173
6156.000000 0.00815505
6157.000000 0.00792833
6158.000000 0.00770156
6159.000000 0.00747475
6160.000000 0.00724789
6161.000000 0.00708204
6162.000000 0.00691615
6163.000000 0.00675019
6164.000000 0.00658416
6165.000000 0.00641806
6166.000000 0.0062519
6167.000000 0.00608565
6168.000000 0.00591935
6169.000000 0.00575298
6170.000000 0.00558655
6171.000000 0.00546278
6172.000000 0.00533897
6173.000000 0.00521512
6174.000000 0.00509121
6175.000000 0.00496727
6176.000000 0.00484327
6177.000000 0.00471923
6178.000000 0.00459515
6179.000000 0.00447101
6180.000000 0.00434684
6181.000000 0.00431629
6182.000000 0.00428575
6183.000000 0.00425519
6184.000000 0.00422462
6185.000000 0.00419404
6186.000000 0.00416346
6187.000000 0.00413285
6188.000000 0.00410224
6189.000000 0.00407162
6190.000000 0.00404099
6191.000000 0.00401045
6192.000000 0.0039799
6193.000000 0.00394935
6194.000000 0.00391877
6195.000000 0.00388819
6196.000000 0.00385759
6197.000000 0.00382699
6198.000000 0.00379637
6199.000000 0.00376574
6200.000000 0.00373509
6201.000000 0.00367813
6202.000000 0.00362115
6203.000000 0.00356417
6204.000000 0.00350718
6205.000000 0.00345018
6206.000000 0.00339317
6207.000000 0.00333615
6208.000000 0.00327913
6209.000000 0.00322209
6210.000000 0.00316505
6211.000000 0.00310803
6212.000000 0.00305098
6213.000000 0.00299394
6214.000000 0.00293687
6215.000000 0.00287981
6216.000000 0.00282273
6217.000000 0.00276564
6218.000000 0.00270855
6219.000000 0.00265145
6220.000000 0.00259434
6221.000000 0.00253748
6222.000000 0.0024806
6223.000000 0.00242371
6224.000000 0.00236678
6225.000000 0.00230984
6226.000000 0.00225289
6227.000000 0.00219591
6228.000000 0.00213891
6229.000000 0.00208188
6230.000000 0.00202484
6231.000000 0.00196759
6232.000000 0.00191032
6233.000000 0.00185305
6234.000000 0.00179576
6235.000000 0.00173847
6236.000000 0.00168117
6237.000000 0.00162387
6238.000000 0.00156655
6239.000000 0.00150923
6240.000000 0.00145189
6241.000000 0.00143128
6242.000000 0.00141066
6243.000000 0.00139003
6244.000000 0.0013694
6245.000000 0.00134876
6246.000000 0.00132812
6247.000000 0.00130747
6248.000000 0.00128682
6249.000000 0.00126616
6250.000000 0.0012455
6251.000000 0.0012248
6252.000000 0.0012041
6253.000000 0.0011834
6254.000000 0.00116268
6255.000000 0.00114197
6256.000000 0.00112125
6257.000000 0.00110053
6258.000000 0.0010798
6259.000000 0.00105907
6260.000000 0.00103833
6261.000000 0.00101763
6262.000000 0.00099691
6263.000000 0.000976188
6264.000000 0.000955463
6265.000000 0.000934729
6266.000000 0.000913994
6267.000000 0.000893253
6268.000000 0.000872505
6269.000000 0.000851755
6270.000000 0.000830997
6271.000000 0.000810293
6272.000000 0.000789581
6273.000000 0.000768862
6274.000000 0.000748134
6275.000000 0.000727397
6276.000000 0.000706652
6277.000000 0.0006859
6278.000000 0.000665139
6279.000000 0.000644369
6280.000000 0.000623592
6281.000000 0.000614962
6282.000000 0.000606331
6283.000000 0.000597699
6284.000000 0.000589066
6285.000000 0.000580431
6286.000000 0.000571795
6287.000000 0.00056316
6288.000000 0.000554521
6289.000000 0.000545883
6290.000000 0.000537243
6291.000000 0.000528617
6292.000000 0.000519991
6293.000000 0.000511362
6294.000000 0.000502732
6295.000000 0.000494101
6296.000000 0.000485467
6297.000000 0.000476831
6298.000000 0.000468195
6299.000000 0.000459557
6300.000000 0.000450918
6301.000000 0.00044227
6302.000000 0.000433623
6303.000000 0.000424974
6304.000000 0.000416323
6305.000000 0.000407672
6306.000000 0.000399018
6307.000000 0.000390363
6308.000000 0.000381707
6309.000000 0.000373049
6310.000000 0.000364391
6311.000000 0.000355755
6312.000000 0.000347116
6313.000000 0.000338475
6314.000000 0.000329831
6315.000000 0.000321185
6316.000000 0.000312537
6317.000000 0.000303885
6318.000000 0.000295231
6319.000000 0.000286574
6320.000000 0.000277915
6321.000000 0.000274434
6322.000000 0.000270952
6323.000000 0.00026747
6324.000000 0.000263986
6325.000000 0.000260502
6326.000000 0.000257016
6327.000000 0.000253529
6328.000000 0.000250041
6329.000000 0.000246553
6330.000000 0.000243062
6331.000000 0.000239576
6332.000000 0.000236088
6333.000000 0.000232599
6334.000000 0.000229109
6335.000000 0.000225617
6336.000000 0.000222125
6337.000000 0.000218631
6338.000000 0.000215136
6339.000000 0.00021164
6340.000000 0.000208142
6341.000000 0.000204614
6342.000000 0.000201086
6343.000000 0.000197557
6344.000000 0.000194029
6345.000000 0.0001905
6346.000000 0.000186971
6347.000000 0.000183442
6348.000000 0.000179913
6349.000000 0.000176384
6350.000000 0.000172854
6351.000000 0.000169344
6352.000000 0.000165833
6353.000000 0.000162321
6354.000000 0.000158808
6355.000000 0.000155294
6356.000000 0.000151779
6357.000000 0.000148264
6358.000000 0.000144746
6359.000000 0.000141229
6360.000000 0.00013771
6361.000000 0.000136101
6362.000000 0.000134491
6363.000000 0.000132881
6364.000000 0.000131271
6365.000000 0.00012966
6366.000000 0.00012805
6367.000000 0.000126439
6368.000000 0.000124828
6369.000000 0.000123216
6370.000000 0.000121604
6371.000000 0.000120007
6372.000000 0.00011841
6373.000000 0.000116811
6374.000000 0.000115212
6375.000000 0.000113613
6376.000000 0.000112012
6377.000000 0.000110411
6378.000000 0.00010881
6379.000000 0.000107207
6380.000000 0.000105604
6381.000000 0.000103995
6382.000000 0.000102384
6383.000000 0.000100774
6384.000000 9.91627e-05
6385.000000 9.7551e-05
6386.000000 9.59388e-05
6387.000000 9.43264e-05
6388.000000 9.27134e-05
6389.000000 9.11e-05
6390.000000 8.94858e-05
6391.000000 8.78655e-05
6392.000000 8.62447e-05
6393.000000 8.4624e-05
6394.000000 8.30026e-05
6395.000000 8.13811e-05
6396.000000 7.97594e-05
6397.000000 7.81375e-05
6398.000000 7.65154e-05
6399.000000 7.48928e-05
6400.000000 7.32704e-05
