# Detector-averaged total system transmission from column 1 of tables 2 and 3 from https://jwst-docs.stsci.edu/jwst-near-infrared-camera/nircam-instrumentation/nircam-filters
3.980000000000000000e+03 0.000000000000000000e+00
3.990000000000000000e+03 0.000000000000000000e+00
4.000000000000000000e+03 0.000000000000000000e+00
4.010000000000000455e+03 0.000000000000000000e+00
4.020000000000000455e+03 0.000000000000000000e+00
4.030000000000000455e+03 0.000000000000000000e+00
4.040000000000000455e+03 0.000000000000000000e+00
4.050000000000000455e+03 0.000000000000000000e+00
4.060000000000000455e+03 0.000000000000000000e+00
4.069999999999999545e+03 0.000000000000000000e+00
4.079999999999999545e+03 0.000000000000000000e+00
4.089999999999999545e+03 0.000000000000000000e+00
4.100000000000000000e+03 0.000000000000000000e+00
4.110000000000000000e+03 0.000000000000000000e+00
4.120000000000000000e+03 0.000000000000000000e+00
4.130000000000000000e+03 0.000000000000000000e+00
4.140000000000000000e+03 0.000000000000000000e+00
4.150000000000000000e+03 0.000000000000000000e+00
4.160000000000000000e+03 0.000000000000000000e+00
4.170000000000000000e+03 0.000000000000000000e+00
4.180000000000000000e+03 0.000000000000000000e+00
4.190000000000000000e+03 0.000000000000000000e+00
4.200000000000000000e+03 0.000000000000000000e+00
4.210000000000000000e+03 0.000000000000000000e+00
4.220000000000000000e+03 0.000000000000000000e+00
4.230000000000000000e+03 0.000000000000000000e+00
4.240000000000000000e+03 0.000000000000000000e+00
4.250000000000000000e+03 0.000000000000000000e+00
4.260000000000000000e+03 0.000000000000000000e+00
4.270000000000000000e+03 0.000000000000000000e+00
4.280000000000000000e+03 0.000000000000000000e+00
4.290000000000000000e+03 0.000000000000000000e+00
4.300000000000000000e+03 0.000000000000000000e+00
4.310000000000000000e+03 0.000000000000000000e+00
4.320000000000000000e+03 0.000000000000000000e+00
4.330000000000000000e+03 0.000000000000000000e+00
4.340000000000000000e+03 0.000000000000000000e+00
4.350000000000000000e+03 0.000000000000000000e+00
4.360000000000000000e+03 0.000000000000000000e+00
4.370000000000000000e+03 0.000000000000000000e+00
4.380000000000000000e+03 0.000000000000000000e+00
4.390000000000000000e+03 0.000000000000000000e+00
4.400000000000000000e+03 0.000000000000000000e+00
4.410000000000000000e+03 0.000000000000000000e+00
4.420000000000000000e+03 0.000000000000000000e+00
4.430000000000000000e+03 0.000000000000000000e+00
4.440000000000000000e+03 0.000000000000000000e+00
4.450000000000000000e+03 0.000000000000000000e+00
4.460000000000000000e+03 0.000000000000000000e+00
4.470000000000000000e+03 0.000000000000000000e+00
4.480000000000000000e+03 0.000000000000000000e+00
4.490000000000000000e+03 0.000000000000000000e+00
4.500000000000000000e+03 0.000000000000000000e+00
4.510000000000000000e+03 0.000000000000000000e+00
4.520000000000000000e+03 0.000000000000000000e+00
4.530000000000000000e+03 0.000000000000000000e+00
4.540000000000000000e+03 0.000000000000000000e+00
4.550000000000000000e+03 0.000000000000000000e+00
4.560000000000000000e+03 0.000000000000000000e+00
4.570000000000000000e+03 0.000000000000000000e+00
4.580000000000000000e+03 0.000000000000000000e+00
4.590000000000000000e+03 0.000000000000000000e+00
4.600000000000000000e+03 0.000000000000000000e+00
4.610000000000000000e+03 0.000000000000000000e+00
4.620000000000000000e+03 0.000000000000000000e+00
4.630000000000000000e+03 0.000000000000000000e+00
4.640000000000000000e+03 0.000000000000000000e+00
4.650000000000000000e+03 0.000000000000000000e+00
4.660000000000000000e+03 0.000000000000000000e+00
4.670000000000000000e+03 0.000000000000000000e+00
4.680000000000000000e+03 0.000000000000000000e+00
4.690000000000000000e+03 0.000000000000000000e+00
4.700000000000000000e+03 0.000000000000000000e+00
4.710000000000000000e+03 0.000000000000000000e+00
4.720000000000000000e+03 0.000000000000000000e+00
4.730000000000000000e+03 0.000000000000000000e+00
4.740000000000000000e+03 0.000000000000000000e+00
4.750000000000000000e+03 0.000000000000000000e+00
4.760000000000000000e+03 0.000000000000000000e+00
4.770000000000000000e+03 0.000000000000000000e+00
4.780000000000000000e+03 0.000000000000000000e+00
4.790000000000000000e+03 0.000000000000000000e+00
4.800000000000000000e+03 0.000000000000000000e+00
4.810000000000000000e+03 0.000000000000000000e+00
4.820000000000000000e+03 0.000000000000000000e+00
4.830000000000000000e+03 0.000000000000000000e+00
4.840000000000000000e+03 0.000000000000000000e+00
4.850000000000000000e+03 0.000000000000000000e+00
4.860000000000000000e+03 0.000000000000000000e+00
4.870000000000000000e+03 0.000000000000000000e+00
4.880000000000000000e+03 0.000000000000000000e+00
4.890000000000000000e+03 0.000000000000000000e+00
4.900000000000000000e+03 0.000000000000000000e+00
4.910000000000000000e+03 0.000000000000000000e+00
4.920000000000000000e+03 0.000000000000000000e+00
4.930000000000000000e+03 0.000000000000000000e+00
4.940000000000000000e+03 0.000000000000000000e+00
4.950000000000000000e+03 0.000000000000000000e+00
4.960000000000000000e+03 0.000000000000000000e+00
4.970000000000000000e+03 0.000000000000000000e+00
4.980000000000000000e+03 0.000000000000000000e+00
4.990000000000000000e+03 0.000000000000000000e+00
5.000000000000000000e+03 0.000000000000000000e+00
5.010000000000000000e+03 0.000000000000000000e+00
5.020000000000000000e+03 0.000000000000000000e+00
5.030000000000000000e+03 0.000000000000000000e+00
5.040000000000000000e+03 0.000000000000000000e+00
5.050000000000000000e+03 0.000000000000000000e+00
5.060000000000000000e+03 0.000000000000000000e+00
5.070000000000000000e+03 0.000000000000000000e+00
5.080000000000000000e+03 0.000000000000000000e+00
5.090000000000000000e+03 0.000000000000000000e+00
5.100000000000000000e+03 0.000000000000000000e+00
5.110000000000000000e+03 0.000000000000000000e+00
5.120000000000000000e+03 0.000000000000000000e+00
5.130000000000000000e+03 0.000000000000000000e+00
5.140000000000000000e+03 0.000000000000000000e+00
5.150000000000000000e+03 0.000000000000000000e+00
5.160000000000000000e+03 0.000000000000000000e+00
5.170000000000000000e+03 0.000000000000000000e+00
5.180000000000000000e+03 0.000000000000000000e+00
5.190000000000000000e+03 0.000000000000000000e+00
5.200000000000000000e+03 0.000000000000000000e+00
5.210000000000000000e+03 0.000000000000000000e+00
5.220000000000000000e+03 0.000000000000000000e+00
5.230000000000000000e+03 0.000000000000000000e+00
5.240000000000000000e+03 0.000000000000000000e+00
5.250000000000000000e+03 2.273534906888185897e-07
5.260000000000000000e+03 9.620616157369648891e-07
5.270000000000000000e+03 1.669546023659366489e-06
5.280000000000000000e+03 2.113036058433121054e-06
5.290000000000000000e+03 2.171560613134218986e-06
5.300000000000000000e+03 2.002709313724062094e-06
5.310000000000000000e+03 1.868391319254295527e-06
5.320000000000000000e+03 1.828686323783146124e-06
5.330000000000000000e+03 1.874231605400033935e-06
5.340000000000000000e+03 1.957225836851214530e-06
5.350000000000000000e+03 2.244209125661482762e-06
5.360000000000000000e+03 2.765236732521131999e-06
5.370000000000000000e+03 3.663139326754513505e-06
5.380000000000000000e+03 5.052698261853732414e-06
5.390000000000000000e+03 7.681147152713918306e-06
5.400000000000000000e+03 1.195878178364656931e-05
5.410000000000000000e+03 1.699333913619744516e-05
5.420000000000000000e+03 1.980621478758372148e-05
5.430000000000000000e+03 1.890600479298091787e-05
5.440000000000000000e+03 1.507077127714565544e-05
5.450000000000000000e+03 1.093291628572054939e-05
5.460000000000000000e+03 7.739329088676009602e-06
5.470000000000000000e+03 5.913063366117716051e-06
5.480000000000000000e+03 4.924325243480207329e-06
5.490000000000000000e+03 4.430814063184383697e-06
5.500000000000000000e+03 4.381461754094045502e-06
5.510000000000000000e+03 4.717629501613458234e-06
5.520000000000000909e+03 5.202905515799430096e-06
5.530000000000000909e+03 5.852037771664714133e-06
5.540000000000000909e+03 6.612020492659031207e-06
5.550000000000000909e+03 7.330044468217874733e-06
5.560000000000000909e+03 7.548518496020080599e-06
5.570000000000000909e+03 7.635956816282307906e-06
5.580000000000000909e+03 6.516345275614278240e-06
5.590000000000000909e+03 4.583739458803725458e-06
5.600000000000000909e+03 4.535932703189122761e-06
5.610000000000000909e+03 5.133740087405590625e-06
5.620000000000000909e+03 4.885041589931273564e-06
5.629999999999999091e+03 4.540300930085687710e-06
5.639999999999999091e+03 5.019356787748141652e-06
5.649999999999999091e+03 5.709706268456039171e-06
5.659999999999999091e+03 6.308348271319807983e-06
5.669999999999999091e+03 6.395279818740749633e-06
5.679999999999999091e+03 6.704120035906264951e-06
5.689999999999999091e+03 7.031561444116965136e-06
5.699999999999999091e+03 6.921541196548350147e-06
5.709999999999999091e+03 7.299706557299732488e-06
5.719999999999999091e+03 8.633148454945595594e-06
5.729999999999999091e+03 1.026149095137217085e-05
5.740000000000000000e+03 1.114561966336027226e-05
5.750000000000000000e+03 1.242421727531592515e-05
5.760000000000000000e+03 1.495540526555267707e-05
5.770000000000000000e+03 1.713896003317167061e-05
5.780000000000000000e+03 1.801620210954515242e-05
5.790000000000000000e+03 1.884797109707095201e-05
5.800000000000000000e+03 2.089328620864352087e-05
5.810000000000000000e+03 2.569089602075359539e-05
5.820000000000000000e+03 3.462123838001216055e-05
5.830000000000000000e+03 5.197176673520433347e-05
5.840000000000000000e+03 9.263947198292395440e-05
5.850000000000000000e+03 1.903906318844252076e-04
5.860000000000000000e+03 3.530409983112119034e-04
5.870000000000000000e+03 4.754759005302128965e-04
5.880000000000000000e+03 4.465925433413167590e-04
5.890000000000000000e+03 2.934268541704553469e-04
5.900000000000000000e+03 1.556382639279124734e-04
5.910000000000000000e+03 8.778107208524287735e-05
5.920000000000000000e+03 6.119181999488955263e-05
5.930000000000000000e+03 4.696492199911555707e-05
5.940000000000000000e+03 3.913853721770103281e-05
5.950000000000000000e+03 3.828682054808736840e-05
5.960000000000000000e+03 3.585849304747321158e-05
5.970000000000000000e+03 3.683839594289635086e-05
5.980000000000000000e+03 3.999835499370947594e-05
5.990000000000000000e+03 4.158454450904108715e-05
6.000000000000000000e+03 4.513334528182963380e-05
6.010000000000000000e+03 5.037022572291625678e-05
6.020000000000000000e+03 5.848132877836911098e-05
6.030000000000000000e+03 7.136617496420663684e-05
6.040000000000000000e+03 8.696519049792646617e-05
6.050000000000000000e+03 1.009107052988997088e-04
6.060000000000000000e+03 1.161448846973906548e-04
6.070000000000000000e+03 1.297207635396194138e-04
6.080000000000000000e+03 1.334395687275538014e-04
6.090000000000000000e+03 1.289974038312119854e-04
6.100000000000000000e+03 1.189531717688809633e-04
6.110000000000000000e+03 1.053176943530205099e-04
6.120000000000000000e+03 8.922224887073815257e-05
6.130000000000000000e+03 7.592305899762437013e-05
6.140000000000000000e+03 6.501387316104780120e-05
6.150000000000000000e+03 5.848345148960429758e-05
6.160000000000000000e+03 5.298219191984048187e-05
6.170000000000000000e+03 4.997949726846979968e-05
6.180000000000000000e+03 4.941035934584893098e-05
6.190000000000000000e+03 4.606830102988535198e-05
6.200000000000000000e+03 4.287236975226838671e-05
6.210000000000000000e+03 4.091591971557027375e-05
6.220000000000000000e+03 4.578246585311291766e-05
6.230000000000000000e+03 4.924200192017623098e-05
6.240000000000000000e+03 5.484513575808011891e-05
6.250000000000000000e+03 6.528253632415728864e-05
6.260000000000000000e+03 8.073193417572547387e-05
6.270000000000000000e+03 1.054719590884210616e-04
6.280000000000000000e+03 1.479121379093209965e-04
6.290000000000000000e+03 2.178856369622433854e-04
6.300000000000000000e+03 3.251429053685669533e-04
6.310000000000000000e+03 4.591673853260475079e-04
6.320000000000000000e+03 5.591590851689513635e-04
6.330000000000000000e+03 5.650538407140841095e-04
6.340000000000000000e+03 4.809223268673530095e-04
6.350000000000000000e+03 3.741185632056522525e-04
6.360000000000000000e+03 2.904450483676637848e-04
6.370000000000000000e+03 2.423527162200026170e-04
6.380000000000000000e+03 2.184061996315301744e-04
6.390000000000000000e+03 2.111869106085047861e-04
6.400000000000000000e+03 2.232395663706836643e-04
6.410000000000000000e+03 2.467686955328843995e-04
6.420000000000000000e+03 2.804438512607951013e-04
6.430000000000000000e+03 3.159021429066945197e-04
6.440000000000000000e+03 3.446948582205151520e-04
6.450000000000000000e+03 3.489346055796566960e-04
6.460000000000000000e+03 3.182492504785117333e-04
6.470000000000000000e+03 2.654426509619228314e-04
6.480000000000000000e+03 2.079383134314767773e-04
6.490000000000000000e+03 1.653595790522858165e-04
6.500000000000000000e+03 1.342155539469679418e-04
6.510000000000000000e+03 1.106397354084742116e-04
6.520000000000000000e+03 9.571393986701388381e-05
6.530000000000000000e+03 9.218670657734340235e-05
6.540000000000000000e+03 9.118219617836929402e-05
6.550000000000000000e+03 9.400033509729283109e-05
6.560000000000000000e+03 1.015872213176175409e-04
6.570000000000000000e+03 1.194236248499712963e-04
6.580000000000000000e+03 1.408805334349576841e-04
6.590000000000000000e+03 1.697620020870324023e-04
6.600000000000000000e+03 2.044409625546109014e-04
6.610000000000000000e+03 2.404614206919496199e-04
6.620000000000000000e+03 2.540176781204134910e-04
6.630000000000000000e+03 2.423260471196985344e-04
6.640000000000000000e+03 2.169233873570711928e-04
6.650000000000000000e+03 1.908212694928213774e-04
6.660000000000000000e+03 1.643144267319851829e-04
6.670000000000000000e+03 1.418598285234507048e-04
6.680000000000000000e+03 1.312897146880413963e-04
6.690000000000000000e+03 1.255678393681917179e-04
6.700000000000000000e+03 1.243394499678566795e-04
6.710000000000000000e+03 1.254058178026101191e-04
6.720000000000000000e+03 1.390967323057894244e-04
6.730000000000000000e+03 1.611429154215610060e-04
6.740000000000000000e+03 1.913813649633047112e-04
6.750000000000000000e+03 2.200852340188561235e-04
6.760000000000000000e+03 2.477375897120336979e-04
6.770000000000000909e+03 2.644751944720091525e-04
6.780000000000000909e+03 2.710839409644061988e-04
6.790000000000000909e+03 2.593012836996721289e-04
6.800000000000000909e+03 2.314409663821675599e-04
6.810000000000000909e+03 1.923475306112290475e-04
6.820000000000000909e+03 1.624878690745313117e-04
6.830000000000000909e+03 1.519171189185633401e-04
6.840000000000000909e+03 1.467662266934066922e-04
6.850000000000000909e+03 1.409904083948872069e-04
6.860000000000000909e+03 1.365360984770400891e-04
6.870000000000000909e+03 1.406704157785275400e-04
6.879999999999999091e+03 1.483701714160135356e-04
6.889999999999999091e+03 1.539626728575543694e-04
6.899999999999999091e+03 1.655409410323174899e-04
6.909999999999999091e+03 1.766804541981554816e-04
6.919999999999999091e+03 1.780194672333558373e-04
6.929999999999999091e+03 1.695966528268898709e-04
6.939999999999999091e+03 1.571659296908564348e-04
6.949999999999999091e+03 1.415756677736917696e-04
6.959999999999999091e+03 1.213817863438835306e-04
6.969999999999999091e+03 1.073132424395658262e-04
6.979999999999999091e+03 9.812107567715359457e-05
6.990000000000000000e+03 9.109413054928221926e-05
7.000000000000000000e+03 8.456613984120242306e-05
7.010000000000000000e+03 7.680348438390630637e-05
7.020000000000000000e+03 7.300573408902232692e-05
7.030000000000000000e+03 7.704393932649436819e-05
7.040000000000000000e+03 8.908145208663933372e-05
7.050000000000000000e+03 1.041524679750679055e-04
7.060000000000000000e+03 1.229545077977785869e-04
7.070000000000000000e+03 1.446122518534783839e-04
7.080000000000000000e+03 1.719844311369277796e-04
7.090000000000000000e+03 2.172487018794918548e-04
7.100000000000000000e+03 3.025138390327634279e-04
7.110000000000000000e+03 4.432605300744269601e-04
7.120000000000000000e+03 6.556670070319167926e-04
7.130000000000000000e+03 9.448748434772148925e-04
7.140000000000000000e+03 1.335537735398263908e-03
7.150000000000000000e+03 1.734802010859141843e-03
7.160000000000000000e+03 1.974339153099490853e-03
7.170000000000000000e+03 1.862154176410063186e-03
7.180000000000000000e+03 1.498310627245123990e-03
7.190000000000000000e+03 1.090427678997620865e-03
7.200000000000000000e+03 7.690884464829130527e-04
7.210000000000000000e+03 5.311551883032304905e-04
7.220000000000000000e+03 3.668400926596948088e-04
7.230000000000000000e+03 2.720874479895210888e-04
7.240000000000000000e+03 1.990641170964194107e-04
7.250000000000000000e+03 1.514285739884075319e-04
7.260000000000000000e+03 1.210715280360368179e-04
7.270000000000000000e+03 1.019504983973528324e-04
7.280000000000000000e+03 8.233903108074858298e-05
7.290000000000000000e+03 6.365319608692215317e-05
7.300000000000000000e+03 5.820007174767091322e-05
7.310000000000000000e+03 5.545800936516129872e-05
7.320000000000000000e+03 5.240528880989706961e-05
7.330000000000000000e+03 4.789048819126210505e-05
7.340000000000000000e+03 5.272726343681402822e-05
7.350000000000000000e+03 5.479101681895835345e-05
7.360000000000000000e+03 4.943848574832713068e-05
7.370000000000000000e+03 5.198377286794732776e-05
7.380000000000000000e+03 6.376890196376217284e-05
7.390000000000000000e+03 8.031643033896965407e-05
7.400000000000000000e+03 8.831978502322375955e-05
7.410000000000000000e+03 1.102809012585294167e-04
7.420000000000000000e+03 1.455031629334267392e-04
7.430000000000000000e+03 2.097118312932196569e-04
7.440000000000000000e+03 3.127221076293537584e-04
7.450000000000000000e+03 4.749556362511579287e-04
7.460000000000000000e+03 7.102181731321546452e-04
7.470000000000000000e+03 1.018342857667206124e-03
7.480000000000000000e+03 1.338177804448893206e-03
7.490000000000000000e+03 1.568911072581416662e-03
7.500000000000000000e+03 1.666042888632542508e-03
7.510000000000000000e+03 1.730461944552593237e-03
7.520000000000000000e+03 2.026152586273087617e-03
7.530000000000000000e+03 2.740712240539148244e-03
7.540000000000000000e+03 3.532372914351772017e-03
7.550000000000000000e+03 3.527389508945268006e-03
7.560000000000000000e+03 2.500653529948929608e-03
7.570000000000000000e+03 1.233318819895675182e-03
7.580000000000000000e+03 5.060265150646827683e-04
7.590000000000000000e+03 2.489209329506578854e-04
7.600000000000000000e+03 1.418492261154493794e-04
7.610000000000000000e+03 8.014193530824410708e-05
7.620000000000000000e+03 4.801683674778466288e-05
7.630000000000000000e+03 3.895190701091876429e-05
7.640000000000000000e+03 2.704070056606036197e-05
7.650000000000000000e+03 1.524425359004218594e-05
7.660000000000000000e+03 1.466870937610284587e-05
7.670000000000000000e+03 1.566517672616405082e-05
7.680000000000000000e+03 1.537235526939674751e-05
7.690000000000000000e+03 1.054491050218627336e-05
7.700000000000000000e+03 1.094396350324800110e-05
7.710000000000000000e+03 9.149339174160308420e-06
7.720000000000000000e+03 1.153353569403316036e-05
7.730000000000000000e+03 1.115985738368375185e-05
7.740000000000000000e+03 5.020268550988030556e-06
7.750000000000000000e+03 6.568597147738696602e-06
7.760000000000000000e+03 9.506330674077760200e-06
7.770000000000000000e+03 1.731605724521816003e-05
7.780000000000000000e+03 6.737216883741700160e-06
7.790000000000000000e+03 7.822137139623408812e-06
7.800000000000000000e+03 1.094341535599556951e-05
7.810000000000000000e+03 1.616256957891994007e-05
7.820000000000000000e+03 9.207912225710858161e-06
7.830000000000000000e+03 1.780212550643478389e-05
7.840000000000000000e+03 1.782846725668256062e-05
7.850000000000000000e+03 1.376182082148529920e-05
7.860000000000000000e+03 1.187231311693971906e-05
7.870000000000000000e+03 1.850885948825025117e-05
7.880000000000000000e+03 2.877855197456108448e-05
7.890000000000000000e+03 5.331215152576633390e-05
7.900000000000000000e+03 1.045507145187362990e-04
7.910000000000000000e+03 1.592467862992194333e-04
7.920000000000000000e+03 1.848674754835925665e-04
7.930000000000000000e+03 1.520740754006339596e-04
7.940000000000000000e+03 1.010488647408586300e-04
7.950000000000000000e+03 6.767221622542115211e-05
7.960000000000000000e+03 4.977660233907653761e-05
7.970000000000000000e+03 -8.562228180158444222e-05
7.980000000000000000e+03 3.525655574495854577e-04
7.990000000000000000e+03 1.025260363423351369e-03
8.000000000000000000e+03 2.174740729938953992e-03
8.010000000000000000e+03 1.600455793952962162e-03
8.020000000000000909e+03 2.375067733525060808e-03
8.030000000000000909e+03 2.126206843847470909e-03
8.040000000000000909e+03 2.167040836474068682e-03
8.050000000000000909e+03 4.551952186769315243e-04
8.060000000000000909e+03 1.753229793228548792e-04
8.070000000000000909e+03 7.961926782396569653e-04
8.080000000000000909e+03 1.821537713209041547e-03
8.090000000000000909e+03 2.023416734194844781e-03
8.100000000000000909e+03 9.854418030009427440e-04
8.110000000000000909e+03 1.250938825386856785e-03
8.120000000000000909e+03 1.166959733912201810e-03
8.129999999999999091e+03 1.697971560644921923e-03
8.139999999999999091e+03 1.617799980860052745e-03
8.149999999999999091e+03 1.807791867792771234e-03
8.159999999999999091e+03 1.265952965431108414e-03
8.169999999999999091e+03 1.421473465012782541e-03
8.179999999999999091e+03 1.321346297937915810e-03
8.189999999999999091e+03 1.064652670231077151e-03
8.200000000000000000e+03 1.475442075616389438e-03
8.210000000000000000e+03 2.394591854862082765e-03
8.220000000000000000e+03 2.003360345184371574e-03
8.230000000000000000e+03 5.979037155416155403e-04
8.240000000000000000e+03 -3.762456937518813410e-04
8.250000000000000000e+03 2.529296193154543246e-04
8.260000000000000000e+03 1.588217389767942805e-03
8.270000000000000000e+03 1.961951064789360481e-03
8.280000000000000000e+03 8.751347741432182392e-04
8.290000000000000000e+03 5.447811424447120424e-06
8.300000000000000000e+03 5.686445486704817549e-04
8.310000000000000000e+03 1.093389655852577058e-03
8.320000000000000000e+03 1.407236691069722358e-03
8.330000000000000000e+03 1.236200618202066594e-03
8.340000000000000000e+03 1.205738542109176161e-03
8.350000000000000000e+03 1.097234393632295045e-03
8.360000000000000000e+03 1.167539752621358021e-03
8.370000000000000000e+03 1.085868703234127430e-03
8.380000000000000000e+03 1.358135833359903552e-03
8.390000000000000000e+03 1.402374543276395293e-03
8.400000000000000000e+03 1.130501484301300137e-03
8.410000000000000000e+03 9.218120273082467449e-04
8.420000000000000000e+03 1.106709945129570301e-03
8.430000000000000000e+03 9.699487683883477318e-04
8.440000000000000000e+03 8.356417706390402433e-04
8.450000000000000000e+03 7.545178587804852142e-04
8.460000000000000000e+03 9.414863968663278373e-04
8.470000000000000000e+03 1.299726992187695031e-03
8.480000000000000000e+03 1.435548992562152510e-03
8.490000000000000000e+03 1.061687294536427977e-03
8.500000000000000000e+03 9.244727685545649004e-04
8.510000000000000000e+03 1.187410705002393558e-03
8.520000000000000000e+03 1.375625790051558791e-03
8.530000000000000000e+03 1.401209370311699105e-03
8.540000000000000000e+03 1.629305123037647291e-03
8.550000000000000000e+03 1.091278494587668993e-03
8.560000000000000000e+03 6.128712611719909021e-04
8.570000000000000000e+03 3.817018616912639935e-04
8.580000000000000000e+03 9.856549602999921736e-04
8.590000000000000000e+03 1.234394002777769537e-03
8.600000000000000000e+03 1.662124433619378535e-03
8.610000000000000000e+03 1.093047946500424897e-03
8.620000000000000000e+03 8.730849990942722572e-04
8.630000000000000000e+03 6.107690731982150061e-04
8.640000000000000000e+03 1.123138259010946025e-03
8.650000000000000000e+03 1.189371409767738886e-03
8.660000000000000000e+03 1.325579285046672370e-03
8.670000000000000000e+03 7.548128703928269276e-04
8.680000000000000000e+03 9.223050129676032280e-04
8.690000000000000000e+03 1.239192415700988027e-03
8.700000000000000000e+03 1.485820955726930431e-03
8.710000000000000000e+03 1.173101748696337310e-03
8.720000000000000000e+03 1.323334833899167395e-03
8.730000000000000000e+03 1.328075998342115750e-03
8.740000000000000000e+03 1.151289437231034583e-03
8.750000000000000000e+03 1.137393843986807089e-03
8.760000000000000000e+03 1.266033602710859912e-03
8.770000000000000000e+03 1.296431615092870099e-03
8.780000000000000000e+03 1.216506207633954529e-03
8.790000000000000000e+03 1.166226775599531022e-03
8.800000000000000000e+03 1.056475711865043120e-03
8.810000000000000000e+03 9.141130707885550656e-04
8.820000000000000000e+03 8.861279005605809771e-04
8.830000000000000000e+03 9.361052529704870159e-04
8.840000000000000000e+03 8.366097452705466503e-04
8.850000000000000000e+03 6.853515997578264697e-04
8.860000000000000000e+03 7.659720405458915861e-04
8.870000000000000000e+03 9.565725954980972738e-04
8.880000000000000000e+03 8.309781186287833491e-04
8.890000000000000000e+03 6.844617651032287430e-04
8.900000000000000000e+03 8.764735433789421111e-04
8.910000000000000000e+03 1.014701126834025285e-03
8.920000000000000000e+03 9.886827849443374523e-04
8.930000000000000000e+03 1.037282949094965427e-03
8.940000000000000000e+03 1.153001949079432084e-03
8.950000000000000000e+03 1.184715109150690903e-03
8.960000000000000000e+03 1.173580178326633647e-03
8.970000000000000000e+03 1.109867084265802294e-03
8.980000000000000000e+03 1.086262587604002079e-03
8.990000000000000000e+03 1.088856706250077759e-03
9.000000000000000000e+03 1.153906133417250237e-03
9.010000000000000000e+03 1.277206340234835228e-03
9.020000000000000000e+03 1.318852047774030306e-03
9.030000000000000000e+03 1.277883798654603663e-03
9.040000000000000000e+03 1.221079001845919382e-03
9.050000000000000000e+03 1.212093063962138778e-03
9.060000000000000000e+03 1.073456287736285078e-03
9.070000000000000000e+03 9.290508804317700823e-04
9.080000000000000000e+03 9.567017547603498279e-04
9.090000000000000000e+03 1.021807008101832583e-03
9.100000000000000000e+03 9.380210771295171114e-04
9.110000000000000000e+03 7.919162412909073242e-04
9.120000000000000000e+03 8.216266110096005510e-04
9.130000000000000000e+03 9.755936634791121135e-04
9.140000000000000000e+03 9.363014272514049970e-04
9.150000000000000000e+03 8.166254976100244430e-04
9.160000000000000000e+03 6.551969105627039386e-04
9.170000000000000000e+03 5.209657596977162715e-04
9.180000000000000000e+03 5.388889001034593857e-04
9.190000000000000000e+03 6.870804770879691348e-04
9.200000000000000000e+03 7.781777181273653128e-04
9.210000000000000000e+03 7.327546731182174805e-04
9.220000000000000000e+03 6.943683815516011899e-04
9.230000000000000000e+03 7.874752201578112979e-04
9.240000000000000000e+03 9.333230669932652190e-04
9.250000000000000000e+03 1.041482585415679733e-03
9.260000000000000000e+03 1.053035688564154821e-03
9.270000000000000000e+03 1.208356033423533963e-03
9.280000000000000000e+03 1.373955049637291944e-03
9.290000000000000000e+03 1.516661193309081727e-03
9.300000000000000000e+03 1.552853797899398335e-03
9.310000000000000000e+03 1.658894322131592618e-03
9.320000000000000000e+03 1.869480912156425666e-03
9.330000000000000000e+03 2.070852204368418652e-03
9.340000000000000000e+03 2.170021454633213297e-03
9.350000000000000000e+03 2.224460319812658713e-03
9.360000000000000000e+03 2.343324911921157438e-03
9.370000000000000000e+03 2.494499908805312971e-03
9.380000000000000000e+03 2.614818922619867748e-03
9.390000000000000000e+03 2.710030212144904065e-03
9.400000000000000000e+03 2.740834704537305384e-03
9.410000000000000000e+03 2.736667726291542452e-03
9.420000000000000000e+03 2.736111098489664179e-03
9.430000000000000000e+03 2.785661643239283926e-03
9.440000000000000000e+03 2.746921062163013277e-03
9.450000000000000000e+03 2.699147812199333661e-03
9.460000000000000000e+03 2.637231795610256793e-03
9.470000000000000000e+03 2.561654095242526987e-03
9.480000000000000000e+03 2.452999307205375266e-03
9.490000000000000000e+03 2.361326247270662676e-03
9.500000000000000000e+03 2.256156191862437876e-03
9.510000000000000000e+03 2.143349074025429572e-03
9.520000000000000000e+03 2.080298101327150186e-03
9.530000000000000000e+03 1.999282051265960890e-03
9.540000000000000000e+03 1.876805556571866339e-03
9.550000000000000000e+03 1.800002144870832326e-03
9.560000000000000000e+03 1.751396024146790369e-03
9.570000000000000000e+03 1.691424049542625176e-03
9.580000000000000000e+03 1.631679474331905596e-03
9.590000000000000000e+03 1.620364196733310638e-03
9.600000000000000000e+03 1.615165542226289046e-03
9.610000000000000000e+03 1.659268895842567646e-03
9.620000000000000000e+03 1.766639358787170733e-03
9.630000000000000000e+03 1.898895756336169312e-03
9.640000000000000000e+03 1.977378309482805390e-03
9.650000000000000000e+03 2.119271109417306207e-03
9.660000000000000000e+03 2.332244701406791399e-03
9.670000000000000000e+03 2.587472462868034215e-03
9.680000000000000000e+03 2.858594550568798777e-03
9.690000000000000000e+03 3.221490990257252097e-03
9.700000000000000000e+03 3.730212827805935022e-03
9.710000000000000000e+03 4.304406093625989978e-03
9.720000000000000000e+03 4.983084242050271791e-03
9.730000000000000000e+03 5.827960804794422162e-03
9.740000000000000000e+03 6.875005336018663420e-03
9.750000000000000000e+03 8.058633371576820470e-03
9.760000000000000000e+03 9.576914645703510365e-03
9.770000000000000000e+03 1.138437986203866964e-02
9.780000000000000000e+03 1.352334407009601717e-02
9.790000000000000000e+03 1.599087728886405130e-02
9.800000000000000000e+03 1.911543480622596158e-02
9.810000000000000000e+03 2.254478750159689265e-02
9.820000000000000000e+03 2.660570482197198439e-02
9.830000000000000000e+03 3.118630149998501133e-02
9.840000000000000000e+03 3.639391205111430772e-02
9.850000000000000000e+03 4.258970643470236933e-02
9.860000000000000000e+03 4.909569101724694379e-02
9.870000000000000000e+03 5.614705022283190960e-02
9.880000000000000000e+03 6.364536964965357424e-02
9.890000000000000000e+03 7.256477105325394306e-02
9.900000000000000000e+03 8.187442711450924893e-02
9.910000000000000000e+03 9.147481286461817129e-02
9.920000000000000000e+03 1.028582411421434251e-01
9.930000000000000000e+03 1.138593552156815930e-01
9.940000000000000000e+03 1.248753315414889153e-01
9.950000000000000000e+03 1.359466477992997691e-01
9.960000000000000000e+03 1.492344537570995944e-01
9.970000000000000000e+03 1.623471587431197793e-01
9.980000000000000000e+03 1.756079501806790399e-01
9.990000000000000000e+03 1.886544665192818049e-01
1.000000000000000000e+04 2.007097563511084093e-01
1.000999999999999818e+04 2.124542025658815725e-01
1.002000000000000000e+04 2.243250309765588701e-01
1.002999999999999818e+04 2.363445758140165498e-01
1.004000000000000000e+04 2.483876138467599748e-01
1.004999999999999818e+04 2.591546178513727261e-01
1.006000000000000000e+04 2.691036242346441787e-01
1.006999999999999818e+04 2.774221588307666519e-01
1.008000000000000000e+04 2.860751091057988638e-01
1.008999999999999818e+04 2.939347211382216662e-01
1.010000000000000000e+04 3.014542321485792487e-01
1.010999999999999818e+04 3.091971584443314880e-01
1.012000000000000000e+04 3.158428942130860340e-01
1.012999999999999818e+04 3.220578935703061751e-01
1.014000000000000000e+04 3.274366578549796625e-01
1.014999999999999818e+04 3.326542779741692435e-01
1.016000000000000000e+04 3.360566685191178626e-01
1.016999999999999818e+04 3.395576477825175132e-01
1.018000000000000000e+04 3.437325511755217611e-01
1.018999999999999818e+04 3.475670232908631418e-01
1.020000000000000000e+04 3.514703944174654149e-01
1.020999999999999818e+04 3.550382699617140592e-01
1.022000000000000000e+04 3.579853618583644925e-01
1.023000000000000000e+04 3.594110976363510401e-01
1.024000000000000000e+04 3.608582444514721321e-01
1.025000000000000000e+04 3.617362349103516173e-01
1.026000000000000000e+04 3.623955572133016334e-01
1.027000000000000000e+04 3.636798483616173749e-01
1.028000000000000000e+04 3.657317508460210531e-01
1.029000000000000000e+04 3.675762173981352299e-01
1.030000000000000000e+04 3.689194021239937671e-01
1.031000000000000000e+04 3.703517336150013439e-01
1.032000000000000000e+04 3.713591566260195376e-01
1.033000000000000000e+04 3.717924350801765088e-01
1.034000000000000000e+04 3.731440481279073573e-01
1.035000000000000000e+04 3.742671598459226256e-01
1.036000000000000000e+04 3.755922289600283070e-01
1.037000000000000000e+04 3.769787688269523596e-01
1.038000000000000000e+04 3.778932868898610686e-01
1.039000000000000000e+04 3.777575566013953168e-01
1.040000000000000000e+04 3.772198256806144623e-01
1.041000000000000000e+04 3.774035780624022673e-01
1.042000000000000000e+04 3.778323909979268147e-01
1.043000000000000000e+04 3.795438252639515841e-01
1.044000000000000000e+04 3.811684473879369817e-01
1.045000000000000000e+04 3.815303002095635221e-01
1.046000000000000000e+04 3.816704566276502009e-01
1.047000000000000000e+04 3.820559897677323624e-01
1.048000000000000000e+04 3.830988896723752091e-01
1.049000000000000000e+04 3.831670915619987960e-01
1.050000000000000000e+04 3.829121526169090295e-01
1.051000000000000000e+04 3.828471282818351473e-01
1.052000000000000000e+04 3.837511716326285072e-01
1.053000000000000000e+04 3.851953272512062543e-01
1.054000000000000000e+04 3.854771438488956425e-01
1.055000000000000000e+04 3.849185788148229426e-01
1.056000000000000000e+04 3.837369728862357054e-01
1.057000000000000000e+04 3.833479722063337647e-01
1.058000000000000000e+04 3.834845693822910295e-01
1.059000000000000000e+04 3.837804082138447925e-01
1.060000000000000000e+04 3.844702835804086893e-01
1.061000000000000000e+04 3.847592481147620869e-01
1.062000000000000000e+04 3.851345157341414249e-01
1.063000000000000000e+04 3.853113281413903524e-01
1.064000000000000000e+04 3.852255586912940455e-01
1.065000000000000000e+04 3.848649610045526415e-01
1.066000000000000000e+04 3.850075835641788013e-01
1.067000000000000000e+04 3.860115691557841067e-01
1.068000000000000000e+04 3.867569043428755182e-01
1.069000000000000000e+04 3.873918702262582614e-01
1.070000000000000000e+04 3.866661509792063689e-01
1.071000000000000000e+04 3.861928099793166536e-01
1.072000000000000000e+04 3.858220248709970934e-01
1.073000000000000000e+04 3.864524323510297177e-01
1.074000000000000000e+04 3.874266664402057914e-01
1.075000000000000000e+04 3.889716335512657386e-01
1.076000000000000000e+04 3.910005827240330967e-01
1.077000000000000000e+04 3.926279840428814616e-01
1.078000000000000000e+04 3.940358310393956565e-01
1.079000000000000000e+04 3.949053134388010866e-01
1.080000000000000000e+04 3.964134568109849988e-01
1.081000000000000000e+04 3.977474032606654331e-01
1.082000000000000000e+04 3.985670718396431833e-01
1.083000000000000000e+04 3.990136115917134463e-01
1.084000000000000000e+04 3.998165487571465060e-01
1.085000000000000000e+04 4.012587811484639166e-01
1.086000000000000000e+04 4.026904700070024767e-01
1.087000000000000000e+04 4.041194765951670043e-01
1.088000000000000000e+04 4.045640459423244240e-01
1.089000000000000000e+04 4.042047167269983698e-01
1.090000000000000000e+04 4.038319753999520256e-01
1.091000000000000000e+04 4.051721066541686955e-01
1.092000000000000000e+04 4.075758947997492054e-01
1.093000000000000000e+04 4.090303053412763790e-01
1.094000000000000000e+04 4.095269951466672387e-01
1.095000000000000000e+04 4.091314980249257660e-01
1.096000000000000000e+04 4.091524626810187915e-01
1.097000000000000000e+04 4.092047145643836203e-01
1.098000000000000000e+04 4.099638863900256225e-01
1.099000000000000000e+04 4.108884549171402112e-01
1.100000000000000000e+04 4.116277231502410427e-01
1.101000000000000000e+04 4.124816985093118227e-01
1.102000000000000000e+04 4.130219005728965054e-01
1.103000000000000000e+04 4.132101506948376857e-01
1.104000000000000182e+04 4.131456481528579805e-01
1.105000000000000000e+04 4.130701518514485748e-01
1.106000000000000182e+04 4.133055722694604084e-01
1.107000000000000000e+04 4.139079326218100263e-01
1.108000000000000182e+04 4.152449654038604665e-01
1.109000000000000000e+04 4.153274181728991987e-01
1.110000000000000182e+04 4.152511254282881259e-01
1.111000000000000000e+04 4.151923335673903259e-01
1.112000000000000182e+04 4.154299956119235637e-01
1.113000000000000000e+04 4.152629792162886857e-01
1.114000000000000182e+04 4.153765558859141005e-01
1.115000000000000000e+04 4.162182453547050853e-01
1.116000000000000182e+04 4.165130803669429005e-01
1.117000000000000000e+04 4.168969309398763978e-01
1.118000000000000182e+04 4.172397157832984371e-01
1.119000000000000000e+04 4.172628767236089553e-01
1.120000000000000182e+04 4.162564423599752761e-01
1.121000000000000000e+04 4.152742096853691001e-01
1.122000000000000182e+04 4.150500735054417634e-01
1.123000000000000000e+04 4.145364705866964039e-01
1.124000000000000182e+04 4.145250568827333892e-01
1.125000000000000000e+04 4.154038596345328016e-01
1.125999999999999818e+04 4.161102296909233722e-01
1.127000000000000000e+04 4.155711655934306581e-01
1.127999999999999818e+04 4.146238084106210753e-01
1.129000000000000000e+04 4.141563801976377857e-01
1.129999999999999818e+04 4.146474377218913321e-01
1.131000000000000000e+04 4.160787796786653003e-01
1.131999999999999818e+04 4.167696301899449507e-01
1.133000000000000000e+04 4.164910985267328281e-01
1.133999999999999818e+04 4.161237258442895270e-01
1.135000000000000000e+04 4.160628799419934798e-01
1.135999999999999818e+04 4.166350831527952381e-01
1.137000000000000000e+04 4.172894065271030017e-01
1.137999999999999818e+04 4.180007525111232303e-01
1.139000000000000000e+04 4.182256171426741442e-01
1.139999999999999818e+04 4.194355601422570246e-01
1.141000000000000000e+04 4.213658289761392228e-01
1.141999999999999818e+04 4.233867539483676667e-01
1.143000000000000000e+04 4.246687350748035716e-01
1.143999999999999818e+04 4.247326434037733689e-01
1.145000000000000000e+04 4.248181919483462465e-01
1.145999999999999818e+04 4.256505775050713480e-01
1.147000000000000000e+04 4.271380548939835986e-01
1.148000000000000000e+04 4.290166921294431557e-01
1.149000000000000000e+04 4.294711250170250016e-01
1.150000000000000000e+04 4.298908850141741067e-01
1.151000000000000000e+04 4.303600841856749515e-01
1.152000000000000000e+04 4.315324182900839300e-01
1.153000000000000000e+04 4.321075860822982118e-01
1.154000000000000000e+04 4.325903978944022898e-01
1.155000000000000000e+04 4.333605490172908747e-01
1.156000000000000000e+04 4.339174484377004148e-01
1.157000000000000000e+04 4.351911782966896292e-01
1.158000000000000000e+04 4.363943015162715655e-01
1.159000000000000000e+04 4.374747549171446037e-01
1.160000000000000000e+04 4.370749016078028237e-01
1.161000000000000000e+04 4.367996773868740301e-01
1.162000000000000000e+04 4.371236864871996808e-01
1.163000000000000000e+04 4.383461988220900274e-01
1.164000000000000000e+04 4.392406068291443422e-01
1.165000000000000000e+04 4.399466897011166111e-01
1.166000000000000000e+04 4.401526107874268456e-01
1.167000000000000000e+04 4.400728646876219119e-01
1.168000000000000000e+04 4.395789164552235118e-01
1.169000000000000000e+04 4.397867844577701968e-01
1.170000000000000000e+04 4.395906121798796029e-01
1.171000000000000000e+04 4.393040654504465903e-01
1.172000000000000000e+04 4.385800986180443117e-01
1.173000000000000000e+04 4.387949428772325855e-01
1.174000000000000000e+04 4.383618385387088590e-01
1.175000000000000000e+04 4.372739927641157154e-01
1.176000000000000000e+04 4.350980462253972725e-01
1.177000000000000000e+04 4.325119125653953955e-01
1.178000000000000000e+04 4.301451758268719505e-01
1.179000000000000000e+04 4.270885988942849654e-01
1.180000000000000000e+04 4.235830177773921013e-01
1.181000000000000000e+04 4.195125879224096410e-01
1.182000000000000000e+04 4.140776707538734169e-01
1.183000000000000000e+04 4.068425443181544754e-01
1.184000000000000000e+04 3.974637904381451703e-01
1.185000000000000000e+04 3.882760280266929764e-01
1.186000000000000000e+04 3.778477532969830577e-01
1.187000000000000000e+04 3.661663597497553657e-01
1.188000000000000000e+04 3.530296954530279807e-01
1.189000000000000000e+04 3.406217308783207054e-01
1.190000000000000000e+04 3.287146320128943033e-01
1.191000000000000000e+04 3.154513132850162993e-01
1.192000000000000000e+04 3.022771455382386452e-01
1.193000000000000000e+04 2.896770819205392034e-01
1.194000000000000000e+04 2.784861188625811779e-01
1.195000000000000000e+04 2.688733829838026446e-01
1.196000000000000000e+04 2.610391547450021110e-01
1.197000000000000000e+04 2.553899708894188936e-01
1.198000000000000000e+04 2.533942612048588061e-01
1.199000000000000000e+04 2.541676691219700857e-01
1.200000000000000000e+04 2.559297387952342850e-01
1.201000000000000000e+04 2.588868529550831799e-01
1.202000000000000000e+04 2.644548344135155271e-01
1.203000000000000000e+04 2.726617710294684804e-01
1.204000000000000000e+04 2.823345838627057680e-01
1.205000000000000000e+04 2.929087972277787943e-01
1.206000000000000000e+04 3.051856119849011839e-01
1.207000000000000000e+04 3.178507181750795385e-01
1.208000000000000000e+04 3.306608664682211263e-01
1.209000000000000000e+04 3.439096869579189031e-01
1.210000000000000000e+04 3.587499123066471007e-01
1.211000000000000000e+04 3.724610717775413415e-01
1.212000000000000000e+04 3.846615244440985681e-01
1.213000000000000000e+04 3.966942033118369682e-01
1.214000000000000000e+04 4.073749873272606847e-01
1.215000000000000000e+04 4.164047085101528767e-01
1.216000000000000000e+04 4.239556532361496433e-01
1.217000000000000000e+04 4.312958321046060362e-01
1.218000000000000000e+04 4.381411454302163166e-01
1.219000000000000000e+04 4.434192167497827408e-01
1.220000000000000000e+04 4.466887868315301269e-01
1.221000000000000000e+04 4.485319285991343219e-01
1.222000000000000000e+04 4.503070317040925308e-01
1.223000000000000000e+04 4.522346190873440808e-01
1.224000000000000000e+04 4.527354847642288127e-01
1.225000000000000000e+04 4.531536428174038900e-01
1.226000000000000000e+04 4.535056707582282853e-01
1.227000000000000000e+04 4.545419750868636144e-01
1.228000000000000000e+04 4.549653270694165030e-01
1.229000000000000182e+04 4.549110561007698172e-01
1.230000000000000000e+04 4.542626861212759604e-01
1.231000000000000182e+04 4.535426681705175822e-01
1.232000000000000000e+04 4.539575328347256744e-01
1.233000000000000182e+04 4.548243030183826696e-01
1.234000000000000000e+04 4.554611997340050067e-01
1.235000000000000182e+04 4.554257834210579947e-01
1.236000000000000000e+04 4.553356912625908803e-01
1.237000000000000182e+04 4.556795948992165557e-01
1.238000000000000000e+04 4.555946698799095973e-01
1.239000000000000182e+04 4.554004880265004052e-01
1.240000000000000000e+04 4.553741061324410033e-01
1.241000000000000182e+04 4.560992270689959160e-01
1.242000000000000000e+04 4.570300390770262178e-01
1.243000000000000182e+04 4.574967834883969520e-01
1.244000000000000000e+04 4.577405612170085125e-01
1.245000000000000182e+04 4.570876895589848221e-01
1.246000000000000000e+04 4.571435481464290462e-01
1.247000000000000182e+04 4.568929448145763739e-01
1.248000000000000000e+04 4.571330813205318755e-01
1.249000000000000182e+04 4.576890347309907625e-01
1.250000000000000000e+04 4.584802799255304206e-01
1.250999999999999818e+04 4.587887615090308069e-01
1.252000000000000000e+04 4.588588011186890969e-01
1.252999999999999818e+04 4.592004242276903070e-01
1.254000000000000000e+04 4.588166558526408645e-01
1.254999999999999818e+04 4.588026543045309880e-01
1.256000000000000000e+04 4.586819161092146047e-01
1.256999999999999818e+04 4.587329601172666083e-01
1.258000000000000000e+04 4.589581672669424961e-01
1.258999999999999818e+04 4.596420840203825908e-01
1.260000000000000000e+04 4.603150027400173538e-01
1.260999999999999818e+04 4.605789962692221073e-01
1.262000000000000000e+04 4.605906953273534721e-01
1.262999999999999818e+04 4.603541681978104427e-01
1.264000000000000000e+04 4.604686941986286808e-01
1.264999999999999818e+04 4.612083449614420849e-01
1.266000000000000000e+04 4.619089821235549675e-01
1.266999999999999818e+04 4.625451152727386717e-01
1.268000000000000000e+04 4.623006454061455717e-01
1.268999999999999818e+04 4.617447812310975785e-01
1.270000000000000000e+04 4.612211711609690012e-01
1.270999999999999818e+04 4.615250775952440820e-01
1.272000000000000000e+04 4.616959572987647809e-01
1.273000000000000000e+04 4.617150945642763959e-01
1.274000000000000000e+04 4.618113724550644839e-01
1.275000000000000000e+04 4.620134415114935944e-01
1.276000000000000000e+04 4.621945944238647908e-01
1.277000000000000000e+04 4.625717037377907181e-01
1.278000000000000000e+04 4.625254570733463577e-01
1.279000000000000000e+04 4.617707237827405886e-01
1.280000000000000000e+04 4.610993297590548212e-01
1.281000000000000000e+04 4.615911014020545600e-01
1.282000000000000000e+04 4.621760624842216614e-01
1.283000000000000000e+04 4.628146744407443669e-01
1.284000000000000000e+04 4.630166140314180279e-01
1.285000000000000000e+04 4.632680539658671215e-01
1.286000000000000000e+04 4.627754289763208462e-01
1.287000000000000000e+04 4.621478833677116760e-01
1.288000000000000000e+04 4.618098706061417036e-01
1.289000000000000000e+04 4.617315841124706721e-01
1.290000000000000000e+04 4.614381393321165814e-01
1.291000000000000000e+04 4.611614914645996710e-01
1.292000000000000000e+04 4.615448850601782671e-01
1.293000000000000000e+04 4.618070401299037564e-01
1.294000000000000000e+04 4.614649674710543659e-01
1.295000000000000000e+04 4.602066076409253026e-01
1.296000000000000000e+04 4.591557369156710200e-01
1.297000000000000000e+04 4.600857059610147792e-01
1.298000000000000000e+04 4.622345893539820394e-01
1.299000000000000000e+04 4.644604140055687558e-01
1.300000000000000000e+04 4.647722089182161342e-01
1.301000000000000000e+04 4.643901258115354924e-01
1.302000000000000000e+04 4.630720491920423676e-01
1.303000000000000000e+04 4.625966374212048260e-01
1.304000000000000000e+04 4.623264998291604644e-01
1.305000000000000000e+04 4.628608352060115116e-01
1.306000000000000000e+04 4.630060142641143073e-01
1.307000000000000000e+04 4.632868817828176833e-01
1.308000000000000000e+04 4.632713118016739129e-01
1.309000000000000000e+04 4.639571527757686553e-01
1.310000000000000000e+04 4.642465885580491225e-01
1.311000000000000000e+04 4.651120431470851524e-01
1.312000000000000000e+04 4.656382386892744529e-01
1.313000000000000000e+04 4.661428464556442441e-01
1.314000000000000000e+04 4.666787624698994774e-01
1.315000000000000000e+04 4.682209411093877782e-01
1.316000000000000000e+04 4.693713012122990857e-01
1.317000000000000000e+04 4.694678090971813322e-01
1.318000000000000000e+04 4.690699616895515067e-01
1.319000000000000000e+04 4.698392757423281996e-01
1.320000000000000000e+04 4.707500995066112304e-01
1.321000000000000000e+04 4.710645074070062277e-01
1.322000000000000000e+04 4.703501370711763996e-01
1.323000000000000000e+04 4.708565231374278737e-01
1.324000000000000000e+04 4.720716774403527216e-01
1.325000000000000000e+04 4.731844655531201593e-01
1.326000000000000000e+04 4.730903190089171262e-01
1.327000000000000000e+04 4.725306959002442131e-01
1.328000000000000000e+04 4.719809497487622574e-01
1.329000000000000000e+04 4.717556853212136470e-01
1.330000000000000000e+04 4.726902716738140553e-01
1.331000000000000000e+04 4.739157035623172143e-01
1.332000000000000000e+04 4.748496849153644450e-01
1.333000000000000000e+04 4.746351746067358768e-01
1.334000000000000000e+04 4.739188316713429661e-01
1.335000000000000000e+04 4.730885364755049727e-01
1.336000000000000000e+04 4.733616681241165081e-01
1.337000000000000000e+04 4.745425774795665186e-01
1.338000000000000000e+04 4.753326265391215610e-01
1.339000000000000000e+04 4.755284041787354865e-01
1.340000000000000000e+04 4.758306501108239273e-01
1.341000000000000000e+04 4.764834013809250979e-01
1.342000000000000000e+04 4.772188497467896307e-01
1.343000000000000000e+04 4.775252644985055195e-01
1.344000000000000000e+04 4.774566963890131688e-01
1.345000000000000000e+04 4.772480014582946573e-01
1.346000000000000000e+04 4.773806984247205842e-01
1.347000000000000000e+04 4.779858723893960493e-01
1.348000000000000000e+04 4.794515356744759593e-01
1.349000000000000000e+04 4.804719406560645223e-01
1.350000000000000000e+04 4.799549870490753545e-01
1.351000000000000000e+04 4.789009979415865259e-01
1.352000000000000000e+04 4.784554945194526288e-01
1.353000000000000000e+04 4.788401987352914890e-01
1.354000000000000182e+04 4.804633896741327681e-01
1.355000000000000000e+04 4.814707574814853785e-01
1.356000000000000182e+04 4.813044183139819077e-01
1.357000000000000000e+04 4.811153788407611653e-01
1.358000000000000182e+04 4.817979735492465276e-01
1.359000000000000000e+04 4.814516518725908689e-01
1.360000000000000182e+04 4.802946651326783778e-01
1.361000000000000000e+04 4.796453976996799540e-01
1.362000000000000182e+04 4.804556466971288686e-01
1.363000000000000000e+04 4.816107492329599338e-01
1.364000000000000182e+04 4.824596573902355523e-01
1.365000000000000000e+04 4.820658514867914857e-01
1.366000000000000182e+04 4.810243133173564001e-01
1.367000000000000000e+04 4.789489547001505310e-01
1.368000000000000182e+04 4.776393419409670771e-01
1.369000000000000000e+04 4.773857064776719783e-01
1.370000000000000182e+04 4.781846092172610252e-01
1.371000000000000000e+04 4.783423248253274584e-01
1.372000000000000182e+04 4.773177430414815570e-01
1.373000000000000000e+04 4.752059689724930092e-01
1.374000000000000182e+04 4.729033049790704601e-01
1.375000000000000000e+04 4.716370362242839342e-01
1.375999999999999818e+04 4.711351698086574391e-01
1.377000000000000000e+04 4.703866046343915808e-01
1.377999999999999818e+04 4.688111054919621434e-01
1.379000000000000000e+04 4.673892241047703511e-01
1.379999999999999818e+04 4.666046887793499076e-01
1.381000000000000000e+04 4.655040671311690970e-01
1.381999999999999818e+04 4.642780103261568980e-01
1.383000000000000000e+04 4.628767920040245953e-01
1.383999999999999818e+04 4.615141059229214138e-01
1.385000000000000000e+04 4.611452942879037398e-01
1.385999999999999818e+04 4.618592204443831006e-01
1.387000000000000000e+04 4.624123920132140464e-01
1.387999999999999818e+04 4.618425410209445747e-01
1.389000000000000000e+04 4.614498753942196663e-01
1.389999999999999818e+04 4.615126303476698721e-01
1.391000000000000000e+04 4.621425120256134056e-01
1.391999999999999818e+04 4.621835743553323050e-01
1.393000000000000000e+04 4.631827351118813496e-01
1.393999999999999818e+04 4.646323023111966211e-01
1.395000000000000000e+04 4.661189235757332017e-01
1.395999999999999818e+04 4.660781741128836586e-01
1.397000000000000000e+04 4.663197986159305364e-01
1.398000000000000000e+04 4.671510623236930226e-01
1.399000000000000000e+04 4.681032790163791590e-01
1.400000000000000000e+04 4.688950838407341948e-01
1.401000000000000000e+04 4.699582117124034841e-01
1.402000000000000000e+04 4.708789034610225688e-01
1.403000000000000000e+04 4.714122681466338394e-01
1.404000000000000000e+04 4.721518760444906038e-01
1.405000000000000000e+04 4.726747151424128268e-01
1.406000000000000000e+04 4.723514276174671234e-01
1.407000000000000000e+04 4.726061260083832538e-01
1.408000000000000000e+04 4.737383503523764361e-01
1.409000000000000000e+04 4.751305213139258021e-01
1.410000000000000000e+04 4.759525102082040604e-01
1.411000000000000000e+04 4.772568837539712394e-01
1.412000000000000000e+04 4.787890020709888450e-01
1.413000000000000000e+04 4.798109644197630086e-01
1.414000000000000000e+04 4.802855469066859562e-01
1.415000000000000000e+04 4.800346646185327248e-01
1.416000000000000000e+04 4.807011317891460300e-01
1.417000000000000000e+04 4.822689475266700443e-01
1.418000000000000000e+04 4.835983805273900149e-01
1.419000000000000000e+04 4.837585496192084999e-01
1.420000000000000000e+04 4.827350093296469136e-01
1.421000000000000000e+04 4.820798770339239092e-01
1.422000000000000000e+04 4.807476204730047331e-01
1.423000000000000000e+04 4.796385791197544379e-01
1.424000000000000000e+04 4.775795152359002538e-01
1.425000000000000000e+04 4.756075160610588881e-01
1.426000000000000000e+04 4.734038829697985173e-01
1.427000000000000000e+04 4.706915372427635802e-01
1.428000000000000000e+04 4.667629589275535951e-01
1.429000000000000000e+04 4.621571573867091498e-01
1.430000000000000000e+04 4.577876084753870201e-01
1.431000000000000000e+04 4.523307924426162585e-01
1.432000000000000000e+04 4.461302321534035276e-01
1.433000000000000000e+04 4.399993112461880740e-01
1.434000000000000000e+04 4.336382784530302681e-01
1.435000000000000000e+04 4.265295275856011425e-01
1.436000000000000000e+04 4.182426954517964313e-01
1.437000000000000000e+04 4.114086172890586979e-01
1.438000000000000000e+04 4.030875571321801409e-01
1.439000000000000000e+04 3.936185736735184348e-01
1.440000000000000000e+04 3.828255170355747139e-01
1.441000000000000000e+04 3.738084675416620817e-01
1.442000000000000000e+04 3.651705962441057496e-01
1.443000000000000000e+04 3.554854353198926842e-01
1.444000000000000000e+04 3.451849524152179050e-01
1.445000000000000000e+04 3.351781515181849191e-01
1.446000000000000000e+04 3.253595691164209436e-01
1.447000000000000000e+04 3.167170747532457864e-01
1.448000000000000000e+04 3.089484199271858023e-01
1.449000000000000000e+04 3.025865434025604706e-01
1.450000000000000000e+04 2.961714563498754615e-01
1.451000000000000000e+04 2.909726836095253288e-01
1.452000000000000000e+04 2.863073317527761175e-01
1.453000000000000000e+04 2.822173757623341328e-01
1.454000000000000000e+04 2.798331133827999806e-01
1.455000000000000000e+04 2.793856467097285412e-01
1.456000000000000000e+04 2.806110935997507827e-01
1.457000000000000000e+04 2.823974154311624796e-01
1.458000000000000000e+04 2.859114260298165067e-01
1.459000000000000000e+04 2.912794013373791735e-01
1.460000000000000000e+04 2.982710477690060924e-01
1.461000000000000000e+04 3.059058618287526787e-01
1.462000000000000000e+04 3.140999960422434234e-01
1.463000000000000000e+04 3.238231159352302213e-01
1.464000000000000000e+04 3.348422146417293632e-01
1.465000000000000000e+04 3.484970501454864311e-01
1.466000000000000000e+04 3.619906412999928103e-01
1.467000000000000000e+04 3.757751437866777011e-01
1.468000000000000000e+04 3.869384853578413663e-01
1.469000000000000000e+04 3.990035376161968905e-01
1.470000000000000000e+04 4.110148090548265132e-01
1.471000000000000000e+04 4.237713555689295308e-01
1.472000000000000000e+04 4.368303132748537210e-01
1.473000000000000000e+04 4.486182699214689151e-01
1.474000000000000000e+04 4.600860750373348962e-01
1.475000000000000000e+04 4.686524483252262896e-01
1.476000000000000000e+04 4.773627595312258665e-01
1.477000000000000000e+04 4.835664973399341759e-01
1.478000000000000000e+04 4.892601730122771997e-01
1.479000000000000182e+04 4.937432818353062469e-01
1.480000000000000000e+04 4.987218032491936848e-01
1.481000000000000182e+04 5.024166605222897264e-01
1.482000000000000000e+04 5.054466050638691810e-01
1.483000000000000182e+04 5.081204594119685947e-01
1.484000000000000000e+04 5.103866065520396011e-01
1.485000000000000182e+04 5.106217679379624341e-01
1.486000000000000000e+04 5.105780490511946379e-01
1.487000000000000182e+04 5.098360637141166052e-01
1.488000000000000000e+04 5.104901024488790462e-01
1.489000000000000182e+04 5.113258815283874270e-01
1.490000000000000000e+04 5.130007173286308397e-01
1.491000000000000182e+04 5.137826511628259540e-01
1.492000000000000000e+04 5.139422159391267009e-01
1.493000000000000182e+04 5.133850213683405217e-01
1.494000000000000000e+04 5.120740931401539520e-01
1.495000000000000182e+04 5.112784443495913544e-01
1.496000000000000000e+04 5.108504223325792681e-01
1.497000000000000182e+04 5.121850368151377175e-01
1.498000000000000000e+04 5.128788835044567618e-01
1.499000000000000182e+04 5.136494085947281851e-01
1.500000000000000000e+04 5.131453417851016274e-01
1.500999999999999818e+04 5.131804015610352820e-01
1.502000000000000000e+04 5.130986177729817133e-01
1.502999999999999818e+04 5.128625221227817166e-01
1.504000000000000000e+04 5.129228196381800942e-01
1.504999999999999818e+04 5.141284783710712292e-01
1.506000000000000000e+04 5.157662820923870628e-01
1.506999999999999818e+04 5.159772339027541843e-01
1.508000000000000000e+04 5.165334344606552497e-01
1.508999999999999818e+04 5.170858652492731355e-01
1.510000000000000000e+04 5.170917486917216976e-01
1.510999999999999818e+04 5.172384047804624574e-01
1.512000000000000000e+04 5.175652912678906370e-01
1.512999999999999818e+04 5.183825197356926040e-01
1.514000000000000000e+04 5.191705783363540494e-01
1.514999999999999818e+04 5.199564859247755022e-01
1.516000000000000000e+04 5.207619640066813993e-01
1.516999999999999818e+04 5.212225285153337939e-01
1.518000000000000000e+04 5.210994504413033468e-01
1.518999999999999818e+04 5.196316910397725808e-01
1.520000000000000000e+04 5.188820052355529455e-01
1.520999999999999818e+04 5.186848969448009106e-01
1.522000000000000000e+04 5.193193159949165416e-01
1.523000000000000000e+04 5.211326217830789531e-01
1.524000000000000000e+04 5.224405784958319199e-01
1.525000000000000000e+04 5.221532360987162225e-01
1.526000000000000000e+04 5.220013059055444993e-01
1.527000000000000000e+04 5.220929817954674812e-01
1.528000000000000000e+04 5.234779410947488776e-01
1.529000000000000000e+04 5.237628223981839470e-01
1.530000000000000000e+04 5.246277144307449625e-01
1.531000000000000000e+04 5.246307270850948390e-01
1.532000000000000000e+04 5.255224093573330757e-01
1.533000000000000000e+04 5.255934776157555888e-01
1.534000000000000000e+04 5.250746945400227572e-01
1.535000000000000000e+04 5.247767863622376794e-01
1.536000000000000000e+04 5.246393228379646612e-01
1.537000000000000000e+04 5.252066109096106272e-01
1.538000000000000000e+04 5.262579810783385437e-01
1.539000000000000000e+04 5.272561547989801367e-01
1.540000000000000000e+04 5.273585632442726601e-01
1.541000000000000000e+04 5.269964400744815425e-01
1.542000000000000000e+04 5.264843399830763104e-01
1.543000000000000000e+04 5.248881843919842582e-01
1.544000000000000000e+04 5.239807199067277876e-01
1.545000000000000000e+04 5.237361389522551258e-01
1.546000000000000000e+04 5.253766967565398627e-01
1.547000000000000000e+04 5.257537046020186455e-01
1.548000000000000000e+04 5.264234822930660140e-01
1.549000000000000000e+04 5.262257166965743638e-01
1.550000000000000000e+04 5.259307423369287138e-01
1.551000000000000000e+04 5.251037133568920989e-01
1.552000000000000000e+04 5.251982675209724283e-01
1.553000000000000000e+04 5.260627545858809206e-01
1.554000000000000000e+04 5.264636173036776334e-01
1.555000000000000000e+04 5.276336679898528947e-01
1.556000000000000000e+04 5.286112057537121212e-01
1.557000000000000000e+04 5.283706476602023638e-01
1.558000000000000000e+04 5.268512780536750428e-01
1.559000000000000000e+04 5.255831186505977026e-01
1.560000000000000000e+04 5.257183855354655710e-01
1.561000000000000000e+04 5.264426875689476315e-01
1.562000000000000000e+04 5.271849575485914041e-01
1.563000000000000000e+04 5.279704984316988536e-01
1.564000000000000000e+04 5.291814352978458924e-01
1.565000000000000000e+04 5.291440921222723137e-01
1.566000000000000000e+04 5.271771968168916800e-01
1.567000000000000000e+04 5.258153315690534679e-01
1.568000000000000000e+04 5.253773404920539791e-01
1.569000000000000000e+04 5.256912796563226742e-01
1.570000000000000000e+04 5.259241321532205360e-01
1.571000000000000000e+04 5.263447442864965797e-01
1.572000000000000000e+04 5.272102654945214351e-01
1.573000000000000000e+04 5.272845825463907676e-01
1.574000000000000000e+04 5.267356633870976523e-01
1.575000000000000000e+04 5.256535468373599862e-01
1.576000000000000000e+04 5.254898144156042727e-01
1.577000000000000000e+04 5.257097494347806599e-01
1.578000000000000000e+04 5.262725072597167486e-01
1.579000000000000000e+04 5.272691461848132422e-01
1.580000000000000000e+04 5.282418574789097265e-01
1.581000000000000000e+04 5.288830402513116091e-01
1.582000000000000000e+04 5.267066593079079428e-01
1.583000000000000000e+04 5.251932140855156694e-01
1.584000000000000000e+04 5.253854165611270277e-01
1.585000000000000000e+04 5.267599652956025391e-01
1.586000000000000000e+04 5.258704621970983206e-01
1.587000000000000000e+04 5.251044980149016661e-01
1.588000000000000000e+04 5.252224778460039545e-01
1.589000000000000000e+04 5.246572671733802373e-01
1.590000000000000000e+04 5.241016954496048319e-01
1.591000000000000000e+04 5.229238478211821750e-01
1.592000000000000000e+04 5.231306265888679974e-01
1.593000000000000000e+04 5.234081378348258706e-01
1.594000000000000000e+04 5.238193806898084892e-01
1.595000000000000000e+04 5.238605188826699344e-01
1.596000000000000000e+04 5.239920867092816570e-01
1.597000000000000000e+04 5.249868966437645224e-01
1.598000000000000000e+04 5.242881107986042677e-01
1.599000000000000000e+04 5.237410934749920921e-01
1.600000000000000000e+04 5.232912071973816470e-01
1.601000000000000000e+04 5.237937648598188778e-01
1.602000000000000000e+04 5.252352452577108144e-01
1.603000000000000000e+04 5.274167012127251031e-01
1.604000000000000182e+04 5.295952750562703537e-01
1.605000000000000000e+04 5.286985615349367729e-01
1.606000000000000182e+04 5.275776104972198510e-01
1.607000000000000000e+04 5.264119632816578465e-01
1.608000000000000182e+04 5.261606268224112704e-01
1.609000000000000000e+04 5.264818146782828112e-01
1.610000000000000182e+04 5.275276246026197047e-01
1.611000000000000000e+04 5.282441661792546261e-01
1.612000000000000182e+04 5.272878346381809633e-01
1.613000000000000000e+04 5.276715094316335453e-01
1.614000000000000182e+04 5.286802282097625705e-01
1.615000000000000000e+04 5.287402420434594852e-01
1.616000000000000182e+04 5.271956153610067863e-01
1.617000000000000000e+04 5.266131555348055882e-01
1.618000000000000182e+04 5.275880514364335028e-01
1.619000000000000000e+04 5.293180628078546501e-01
1.620000000000000182e+04 5.304366146144051664e-01
1.621000000000000000e+04 5.306304826947119135e-01
1.622000000000000182e+04 5.294880359896958488e-01
1.623000000000000000e+04 5.285731357410774489e-01
1.624000000000000182e+04 5.278451206977999854e-01
1.625000000000000000e+04 5.294733980262444906e-01
1.625999999999999818e+04 5.317548226788233467e-01
1.627000000000000000e+04 5.336859393756043790e-01
1.627999999999999818e+04 5.335851683632122366e-01
1.629000000000000000e+04 5.347729801451552856e-01
1.629999999999999818e+04 5.346587504389915813e-01
1.631000000000000000e+04 5.321896667706372819e-01
1.631999999999999818e+04 5.303763198553304026e-01
1.633000000000000000e+04 5.306906535470329311e-01
1.633999999999999818e+04 5.323037470304305963e-01
1.635000000000000000e+04 5.332986648149871112e-01
1.635999999999999818e+04 5.351137812652269066e-01
1.637000000000000000e+04 5.347844902230134423e-01
1.637999999999999818e+04 5.340681160504486824e-01
1.639000000000000000e+04 5.326694264094421483e-01
1.640000000000000000e+04 5.328427670587004839e-01
1.641000000000000000e+04 5.337231148993454299e-01
1.642000000000000000e+04 5.346257157082286993e-01
1.643000000000000000e+04 5.340231965746540244e-01
1.644000000000000000e+04 5.339031055854094321e-01
1.645000000000000000e+04 5.335389815498197130e-01
1.646000000000000000e+04 5.335104138952335706e-01
1.647000000000000000e+04 5.329374066087140260e-01
1.648000000000000000e+04 5.330505385573154342e-01
1.649000000000000000e+04 5.320118634323118822e-01
1.650000000000000000e+04 5.324430770157769777e-01
1.651000000000000000e+04 5.337451867376248327e-01
1.652000000000000000e+04 5.353150937249547825e-01
1.653000000000000000e+04 5.350837569555770834e-01
1.654000000000000000e+04 5.336619647975539005e-01
1.655000000000000000e+04 5.329132512530952992e-01
1.656000000000000000e+04 5.324171138024005323e-01
1.657000000000000000e+04 5.321736461285998532e-01
1.658000000000000000e+04 5.319906997150245509e-01
1.659000000000000000e+04 5.329192496036186943e-01
1.660000000000000000e+04 5.334742920267359079e-01
1.661000000000000000e+04 5.328046268781220229e-01
1.662000000000000000e+04 5.318394544177005301e-01
1.663000000000000000e+04 5.313693392668996651e-01
1.664000000000000000e+04 5.298642723903231877e-01
1.665000000000000000e+04 5.288953557413241802e-01
1.666000000000000000e+04 5.285440384169332040e-01
1.667000000000000000e+04 5.291861722303320414e-01
1.668000000000000000e+04 5.284628668829103315e-01
1.669000000000000000e+04 5.277474332988494332e-01
1.670000000000000000e+04 5.255662359966312147e-01
1.671000000000000000e+04 5.234016934441940716e-01
1.672000000000000000e+04 5.210127452577053564e-01
1.673000000000000000e+04 5.212859649863762490e-01
1.674000000000000000e+04 5.234681160181251514e-01
1.675000000000000000e+04 5.256143217469141371e-01
1.676000000000000000e+04 5.271225655333591220e-01
1.677000000000000000e+04 5.275276887895375966e-01
1.678000000000000000e+04 5.277278237012716922e-01
1.679000000000000000e+04 5.284147320663252767e-01
1.680000000000000000e+04 5.306782013749270499e-01
1.681000000000000000e+04 5.310788671483080980e-01
1.682000000000000000e+04 5.305214477804068851e-01
1.683000000000000000e+04 5.316970481512367508e-01
1.684000000000000000e+04 5.336450478041172563e-01
1.685000000000000000e+04 5.359057418012517227e-01
1.686000000000000000e+04 5.362172411683741036e-01
1.687000000000000000e+04 5.355450278356328475e-01
1.688000000000000000e+04 5.347237821624875043e-01
1.689000000000000000e+04 5.357792678988224644e-01
1.690000000000000000e+04 5.355947848859465843e-01
1.691000000000000000e+04 5.363057593519375832e-01
1.692000000000000000e+04 5.370740943706973081e-01
1.693000000000000000e+04 5.385297719273504091e-01
1.694000000000000000e+04 5.379675291828617256e-01
1.695000000000000000e+04 5.375845456112584575e-01
1.696000000000000000e+04 5.357196956036411883e-01
1.697000000000000000e+04 5.357663415046368671e-01
1.698000000000000000e+04 5.354196926535175205e-01
1.699000000000000000e+04 5.358121753446171143e-01
1.700000000000000000e+04 5.362310918432973139e-01
1.701000000000000000e+04 5.376242319256649971e-01
1.702000000000000000e+04 5.373122634589867497e-01
1.703000000000000000e+04 5.354198288067886224e-01
1.704000000000000000e+04 5.333018056845977295e-01
1.705000000000000000e+04 5.320788051800663387e-01
1.706000000000000000e+04 5.322519632663996747e-01
1.707000000000000000e+04 5.324823622187230265e-01
1.708000000000000000e+04 5.324910074583855124e-01
1.709000000000000000e+04 5.323576741323116090e-01
1.710000000000000000e+04 5.314128319615439855e-01
1.711000000000000000e+04 5.307282225085399041e-01
1.712000000000000000e+04 5.294996753361054243e-01
1.713000000000000000e+04 5.281247731262439515e-01
1.714000000000000000e+04 5.272731988203397391e-01
1.715000000000000000e+04 5.276866625534579747e-01
1.716000000000000000e+04 5.286226595084965174e-01
1.717000000000000000e+04 5.289530926585586101e-01
1.718000000000000000e+04 5.305703964832700903e-01
1.719000000000000000e+04 5.306797881682319140e-01
1.720000000000000000e+04 5.303796262793368799e-01
1.721000000000000000e+04 5.290362313652932080e-01
1.722000000000000000e+04 5.302646224865911195e-01
1.723000000000000000e+04 5.313927344966655753e-01
1.724000000000000000e+04 5.323733481094754527e-01
1.725000000000000000e+04 5.338493402324338000e-01
1.726000000000000000e+04 5.359114629984448319e-01
1.727000000000000000e+04 5.374366005778272726e-01
1.728000000000000000e+04 5.357478893903361294e-01
1.729000000000000000e+04 5.342434776452714695e-01
1.730000000000000000e+04 5.328784913675205237e-01
1.731000000000000000e+04 5.335951468672579523e-01
1.732000000000000000e+04 5.342852693806016129e-01
1.733000000000000000e+04 5.351031727911377267e-01
1.734000000000000000e+04 5.352506542446964222e-01
1.735000000000000000e+04 5.346840753727695184e-01
1.736000000000000000e+04 5.343471727752463485e-01
1.737000000000000000e+04 5.343709940206674558e-01
1.738000000000000000e+04 5.351629834269322483e-01
1.739000000000000000e+04 5.357776538971390501e-01
1.740000000000000000e+04 5.364659002018912215e-01
1.741000000000000000e+04 5.366497990319141209e-01
1.742000000000000000e+04 5.371754647866908705e-01
1.743000000000000000e+04 5.383626128776474173e-01
1.744000000000000000e+04 5.381392424677146069e-01
1.745000000000000000e+04 5.373856591176748854e-01
1.746000000000000000e+04 5.366770177753538151e-01
1.747000000000000000e+04 5.367341161521737014e-01
1.748000000000000000e+04 5.369197492528828830e-01
1.749000000000000000e+04 5.382244468643673230e-01
1.750000000000000000e+04 5.404272623109112050e-01
1.751000000000000000e+04 5.408425051956146090e-01
1.752000000000000000e+04 5.394882505031781683e-01
1.753000000000000000e+04 5.384885210046082005e-01
1.754000000000000000e+04 5.378396193894092736e-01
1.755000000000000000e+04 5.383914665446124515e-01
1.756000000000000000e+04 5.388161960405005724e-01
1.757000000000000000e+04 5.398920963267285211e-01
1.758000000000000000e+04 5.392491000497133813e-01
1.759000000000000000e+04 5.395026168054656290e-01
1.760000000000000000e+04 5.393362030754813574e-01
1.761000000000000000e+04 5.383200122595293013e-01
1.762000000000000000e+04 5.367046475663281857e-01
1.763000000000000000e+04 5.364529685849004359e-01
1.764000000000000000e+04 5.374025713429400053e-01
1.765000000000000000e+04 5.385870477662567657e-01
1.766000000000000000e+04 5.393798859982041893e-01
1.767000000000000000e+04 5.396125474218899098e-01
1.768000000000000000e+04 5.379951975510516293e-01
1.769000000000000000e+04 5.367785745367266159e-01
1.770000000000000000e+04 5.354891676403105150e-01
1.771000000000000000e+04 5.360956225774153872e-01
1.772000000000000000e+04 5.362181497705315047e-01
1.773000000000000000e+04 5.356011399198880030e-01
1.774000000000000000e+04 5.361707228821643856e-01
1.775000000000000000e+04 5.388003913084751240e-01
1.776000000000000000e+04 5.441565112260317028e-01
1.777000000000000000e+04 5.420342095729525633e-01
1.778000000000000000e+04 5.377832328094364067e-01
1.779000000000000000e+04 5.342709269332953648e-01
1.780000000000000000e+04 5.368711407095239085e-01
1.781000000000000000e+04 5.383186173527705343e-01
1.782000000000000000e+04 5.399921098518061235e-01
1.783000000000000000e+04 5.414093741012292460e-01
1.784000000000000000e+04 5.415279946433859681e-01
1.785000000000000000e+04 5.402767033789996898e-01
1.786000000000000000e+04 5.395755992246324961e-01
1.787000000000000000e+04 5.400841891876866363e-01
1.788000000000000000e+04 5.410732025158460079e-01
1.789000000000000000e+04 5.421558850287750975e-01
1.790000000000000000e+04 5.428332104364153032e-01
1.791000000000000000e+04 5.429936400011938780e-01
1.792000000000000000e+04 5.423132282927074499e-01
1.793000000000000000e+04 5.409263349084639794e-01
1.794000000000000000e+04 5.401399677469699290e-01
1.795000000000000000e+04 5.401053102450434906e-01
1.796000000000000000e+04 5.394096398121538405e-01
1.797000000000000000e+04 5.394432624792591113e-01
1.798000000000000000e+04 5.406093054368049655e-01
1.799000000000000000e+04 5.426154469359245613e-01
1.800000000000000000e+04 5.427012668297013231e-01
1.801000000000000000e+04 5.425516321746678416e-01
1.802000000000000000e+04 5.422458101623530702e-01
1.803000000000000000e+04 5.418925684861912728e-01
1.804000000000000000e+04 5.418656723789216922e-01
1.805000000000000000e+04 5.422765926230944666e-01
1.806000000000000000e+04 5.437101075601916689e-01
1.807000000000000000e+04 5.440657836910610667e-01
1.808000000000000000e+04 5.443897906598401670e-01
1.809000000000000000e+04 5.439665428986165674e-01
1.810000000000000000e+04 5.437912337449759548e-01
1.811000000000000000e+04 5.434974095439655262e-01
1.812000000000000000e+04 5.435980654715738547e-01
1.813000000000000000e+04 5.446525101040695649e-01
1.814000000000000000e+04 5.462990809504936207e-01
1.815000000000000000e+04 5.473629689876090554e-01
1.816000000000000000e+04 5.471393021455600580e-01
1.817000000000000000e+04 5.465877581616467307e-01
1.818000000000000000e+04 5.453124857342750431e-01
1.819000000000000000e+04 5.434658489611328136e-01
1.820000000000000000e+04 5.422158202986426812e-01
1.821000000000000000e+04 5.422052319750170213e-01
1.822000000000000000e+04 5.431543870590783696e-01
1.823000000000000000e+04 5.435968222205149747e-01
1.824000000000000000e+04 5.438912909485049685e-01
1.825000000000000000e+04 5.434578437576488286e-01
1.826000000000000000e+04 5.427253156304511217e-01
1.827000000000000000e+04 5.417025342802334054e-01
1.828000000000000000e+04 5.414733897012080632e-01
1.829000000000000000e+04 5.413196705085848714e-01
1.830000000000000000e+04 5.418736693202765853e-01
1.831000000000000000e+04 5.429000610349884459e-01
1.832000000000000000e+04 5.443673975093535899e-01
1.833000000000000000e+04 5.440912534411661561e-01
1.834000000000000000e+04 5.430934001545870693e-01
1.835000000000000000e+04 5.426526259683304154e-01
1.836000000000000000e+04 5.427182152545203531e-01
1.837000000000000000e+04 5.428775764296792650e-01
1.838000000000000000e+04 5.436275935836256679e-01
1.839000000000000000e+04 5.459442838593553393e-01
1.840000000000000000e+04 5.463108410480300714e-01
1.841000000000000000e+04 5.451694620420792781e-01
1.842000000000000000e+04 5.430951587241297229e-01
1.843000000000000000e+04 5.419640483331109593e-01
1.844000000000000000e+04 5.417583411482587152e-01
1.845000000000000000e+04 5.428550462758273687e-01
1.846000000000000000e+04 5.443669269775520680e-01
1.847000000000000000e+04 5.449169716751889325e-01
1.848000000000000000e+04 5.450829822141856074e-01
1.849000000000000000e+04 5.441184446033151545e-01
1.850000000000000000e+04 5.431127158990161075e-01
1.851000000000000000e+04 5.419116833930572863e-01
1.852000000000000000e+04 5.415136545796473966e-01
1.853000000000000000e+04 5.418681606292888864e-01
1.854000000000000000e+04 5.428693992110144029e-01
1.855000000000000000e+04 5.438896595630160480e-01
1.856000000000000000e+04 5.435648784350375351e-01
1.857000000000000000e+04 5.425009770869869685e-01
1.858000000000000000e+04 5.411248128503828303e-01
1.859000000000000000e+04 5.407781369622643997e-01
1.860000000000000000e+04 5.407091032143127585e-01
1.861000000000000000e+04 5.404704364839163500e-01
1.862000000000000000e+04 5.414624457947896374e-01
1.863000000000000000e+04 5.428073224416898324e-01
1.864000000000000000e+04 5.444362960635312776e-01
1.865000000000000000e+04 5.442657972355322560e-01
1.866000000000000000e+04 5.429582328291703286e-01
1.867000000000000000e+04 5.411899575773482240e-01
1.868000000000000000e+04 5.410213282968863169e-01
1.869000000000000000e+04 5.430039139978530827e-01
1.870000000000000000e+04 5.438643931186958325e-01
1.871000000000000000e+04 5.443026075931894914e-01
1.872000000000000000e+04 5.440073889594098100e-01
1.873000000000000000e+04 5.453249266522991467e-01
1.874000000000000000e+04 5.456797976347675938e-01
1.875000000000000000e+04 5.456458625503161075e-01
1.876000000000000000e+04 5.449709188708145025e-01
1.877000000000000000e+04 5.454104438933431442e-01
1.878000000000000000e+04 5.461031547200616565e-01
1.879000000000000000e+04 5.470206981025813597e-01
1.880000000000000000e+04 5.476508993449501483e-01
1.881000000000000000e+04 5.466355852129223258e-01
1.882000000000000000e+04 5.443408371034139659e-01
1.883000000000000000e+04 5.425471198112808979e-01
1.884000000000000000e+04 5.419574204162214137e-01
1.885000000000000000e+04 5.427272046840264652e-01
1.886000000000000000e+04 5.436444106789046771e-01
1.887000000000000000e+04 5.445266382608962008e-01
1.888000000000000000e+04 5.442144201113811031e-01
1.889000000000000000e+04 5.438200829132922021e-01
1.890000000000000000e+04 5.427210663524226764e-01
1.891000000000000000e+04 5.414994138059687767e-01
1.892000000000000000e+04 5.411683645940760234e-01
1.893000000000000000e+04 5.409990834041920049e-01
1.894000000000000000e+04 5.410689187285108170e-01
1.895000000000000000e+04 5.415878229044976955e-01
1.896000000000000000e+04 5.428368148051756492e-01
1.897000000000000000e+04 5.436974391556027575e-01
1.898000000000000000e+04 5.427126608324712720e-01
1.899000000000000000e+04 5.414343991474013240e-01
1.900000000000000000e+04 5.405420329355792308e-01
1.901000000000000000e+04 5.415944595445152387e-01
1.902000000000000000e+04 5.420836016072636543e-01
1.903000000000000000e+04 5.421806775682715962e-01
1.904000000000000000e+04 5.423564865826306924e-01
1.905000000000000000e+04 5.423764049431634149e-01
1.906000000000000000e+04 5.413829483655620001e-01
1.907000000000000000e+04 5.398951641623256359e-01
1.908000000000000000e+04 5.398687937292019345e-01
1.909000000000000000e+04 5.409462921580039385e-01
1.910000000000000000e+04 5.423659066658981232e-01
1.911000000000000000e+04 5.436047841699938044e-01
1.912000000000000000e+04 5.436880968115814783e-01
1.913000000000000000e+04 5.439112089514634985e-01
1.914000000000000000e+04 5.430608317004155250e-01
1.915000000000000000e+04 5.419363378911413731e-01
1.916000000000000000e+04 5.402575023287555789e-01
1.917000000000000000e+04 5.399556009795616340e-01
1.918000000000000000e+04 5.413116602544244538e-01
1.919000000000000000e+04 5.420304833759816976e-01
1.920000000000000000e+04 5.424107701664614423e-01
1.921000000000000000e+04 5.415786477236917973e-01
1.922000000000000000e+04 5.414211087891205310e-01
1.923000000000000000e+04 5.404939386048531746e-01
1.924000000000000000e+04 5.395178880701655411e-01
1.925000000000000000e+04 5.384048273963487619e-01
1.926000000000000000e+04 5.380557105163730203e-01
1.927000000000000000e+04 5.386217604519610846e-01
1.928000000000000000e+04 5.389901896029141160e-01
1.929000000000000000e+04 5.389914355555939229e-01
1.930000000000000000e+04 5.383471675187351257e-01
1.931000000000000000e+04 5.372687941951490576e-01
1.932000000000000000e+04 5.356164464830326377e-01
1.933000000000000000e+04 5.339531895026551345e-01
1.934000000000000000e+04 5.344801139944754809e-01
1.935000000000000000e+04 5.357342698649831814e-01
1.936000000000000000e+04 5.370397204024854876e-01
1.937000000000000000e+04 5.367891556957937738e-01
1.938000000000000000e+04 5.370222333917699098e-01
1.939000000000000000e+04 5.364550845363510456e-01
1.940000000000000000e+04 5.361377586635924786e-01
1.941000000000000000e+04 5.359365313507381545e-01
1.942000000000000000e+04 5.367067204888121834e-01
1.943000000000000000e+04 5.383695850347944845e-01
1.944000000000000000e+04 5.398079578695069713e-01
1.945000000000000000e+04 5.409856684341139976e-01
1.946000000000000000e+04 5.413007816635846403e-01
1.947000000000000000e+04 5.408341829011300561e-01
1.948000000000000000e+04 5.394416171056775067e-01
1.949000000000000000e+04 5.383137830484708841e-01
1.950000000000000000e+04 5.387743434272380672e-01
1.951000000000000000e+04 5.402044888024820635e-01
1.952000000000000000e+04 5.413291986711625814e-01
1.953000000000000000e+04 5.413213888731502887e-01
1.954000000000000000e+04 5.412106355175326788e-01
1.955000000000000000e+04 5.409586478420524980e-01
1.956000000000000000e+04 5.405524098335554584e-01
1.957000000000000000e+04 5.402744682486899652e-01
1.958000000000000000e+04 5.402757011529251141e-01
1.959000000000000000e+04 5.403070392780808806e-01
1.960000000000000000e+04 5.407043641097569742e-01
1.961000000000000000e+04 5.407853128680295551e-01
1.962000000000000000e+04 5.411576418503014629e-01
1.963000000000000000e+04 5.408721823025235409e-01
1.964000000000000000e+04 5.406256848805119919e-01
1.965000000000000000e+04 5.397077799280201038e-01
1.966000000000000000e+04 5.401929828927584110e-01
1.967000000000000000e+04 5.414238814469926053e-01
1.968000000000000000e+04 5.416420184007360028e-01
1.969000000000000000e+04 5.410793882879499916e-01
1.970000000000000000e+04 5.399309955258293492e-01
1.971000000000000000e+04 5.400481554702802889e-01
1.972000000000000000e+04 5.395992607255497564e-01
1.973000000000000000e+04 5.398102419844644784e-01
1.974000000000000000e+04 5.393813808920365771e-01
1.975000000000000000e+04 5.397533120092509185e-01
1.976000000000000000e+04 5.402013559603087156e-01
1.977000000000000000e+04 5.406563337570089445e-01
1.978000000000000000e+04 5.414074604739496088e-01
1.979000000000000000e+04 5.416467962707591788e-01
1.980000000000000000e+04 5.415143771090097369e-01
1.981000000000000000e+04 5.406365315426954199e-01
1.982000000000000000e+04 5.404741263983893207e-01
1.983000000000000000e+04 5.408694342430724333e-01
1.984000000000000000e+04 5.412347064840847821e-01
1.985000000000000000e+04 5.420435072644192998e-01
1.986000000000000000e+04 5.425922664811156926e-01
1.987000000000000000e+04 5.434522627159609209e-01
1.988000000000000000e+04 5.430091339681686335e-01
1.989000000000000000e+04 5.426882703119064733e-01
1.990000000000000000e+04 5.421206325072012167e-01
1.991000000000000000e+04 5.423537888311155131e-01
1.992000000000000000e+04 5.424312183496773354e-01
1.993000000000000000e+04 5.415836115003869189e-01
1.994000000000000000e+04 5.400124237116717962e-01
1.995000000000000000e+04 5.371046110747432767e-01
1.996000000000000000e+04 5.339443136946392388e-01
1.997000000000000000e+04 5.309979803442137491e-01
1.998000000000000000e+04 5.329345075343677740e-01
1.999000000000000000e+04 5.356198183292408821e-01
2.000000000000000000e+04 5.374058857486879726e-01
2.001000000000000000e+04 5.374054088744601998e-01
2.001999999999999636e+04 5.374376825852117401e-01
2.003000000000000000e+04 5.371425759854092652e-01
2.004000000000000000e+04 5.364899868778600922e-01
2.005000000000000000e+04 5.371073576789006099e-01
2.005999999999999636e+04 5.374192794583290134e-01
2.007000000000000000e+04 5.387495088164589996e-01
2.008000000000000000e+04 5.390594447626388952e-01
2.009000000000000000e+04 5.388456148226168363e-01
2.009999999999999636e+04 5.381546485307576733e-01
2.011000000000000000e+04 5.371688070233379131e-01
2.012000000000000000e+04 5.368600179732920807e-01
2.013000000000000000e+04 5.371367676877775166e-01
2.013999999999999636e+04 5.379452187549172981e-01
2.015000000000000000e+04 5.374513299524746879e-01
2.016000000000000000e+04 5.370194010071895896e-01
2.017000000000000000e+04 5.372644315530186176e-01
2.017999999999999636e+04 5.374207445515638559e-01
2.019000000000000000e+04 5.367066475605681841e-01
2.020000000000000000e+04 5.352770720462934895e-01
2.021000000000000000e+04 5.354331272038254097e-01
2.021999999999999636e+04 5.372228062837580698e-01
2.023000000000000000e+04 5.382702282841610453e-01
2.024000000000000000e+04 5.374168564730802400e-01
2.025000000000000000e+04 5.358494571493123138e-01
2.025999999999999636e+04 5.357026642496204305e-01
2.027000000000000000e+04 5.352416762518388271e-01
2.028000000000000000e+04 5.348706616184943918e-01
2.029000000000000000e+04 5.341667531226574894e-01
2.029999999999999636e+04 5.352166725933488189e-01
2.031000000000000000e+04 5.366511118349536202e-01
2.032000000000000000e+04 5.371774787377289195e-01
2.033000000000000000e+04 5.362435368833248228e-01
2.033999999999999636e+04 5.353478677624304849e-01
2.035000000000000000e+04 5.354363102648357353e-01
2.036000000000000000e+04 5.353614568827599340e-01
2.037000000000000000e+04 5.350477165460836293e-01
2.037999999999999636e+04 5.350538222779581687e-01
2.039000000000000000e+04 5.346696296852001540e-01
2.040000000000000000e+04 5.335844697829410510e-01
2.041000000000000000e+04 5.321962005842210131e-01
2.041999999999999636e+04 5.316054536387353480e-01
2.043000000000000000e+04 5.316885986127610764e-01
2.044000000000000000e+04 5.315494798071294102e-01
2.045000000000000000e+04 5.313278961154059843e-01
2.046000000000000000e+04 5.306553300379869276e-01
2.047000000000000000e+04 5.308845551483665215e-01
2.048000000000000000e+04 5.307273427784903186e-01
2.049000000000000000e+04 5.304247525292125065e-01
2.050000000000000000e+04 5.300293559799196252e-01
2.051000000000000000e+04 5.293089450820382957e-01
2.052000000000000000e+04 5.284679456064879099e-01
2.053000000000000000e+04 5.272631109566313645e-01
2.054000000000000000e+04 5.280871608821662289e-01
2.055000000000000000e+04 5.286282036252410999e-01
2.056000000000000000e+04 5.297140916002164301e-01
2.057000000000000000e+04 5.300721451863853462e-01
2.058000000000000000e+04 5.312757666750808072e-01
2.059000000000000000e+04 5.317413227067481207e-01
2.060000000000000000e+04 5.310082442992863916e-01
2.061000000000000000e+04 5.304856331452331153e-01
2.062000000000000000e+04 5.304734534114473599e-01
2.063000000000000000e+04 5.321090240464336762e-01
2.064000000000000000e+04 5.323485883029125398e-01
2.065000000000000000e+04 5.320849837614245459e-01
2.066000000000000000e+04 5.315537344308129963e-01
2.067000000000000000e+04 5.307626965484844028e-01
2.068000000000000000e+04 5.307979740836828997e-01
2.069000000000000000e+04 5.305031692702539825e-01
2.070000000000000000e+04 5.317333212930440700e-01
2.071000000000000000e+04 5.327507495992989117e-01
2.072000000000000000e+04 5.347438512722956228e-01
2.073000000000000000e+04 5.353372735736242616e-01
2.074000000000000000e+04 5.356493809763680503e-01
2.075000000000000000e+04 5.367233655639819245e-01
2.076000000000000000e+04 5.368195767572783161e-01
2.077000000000000000e+04 5.356955288023277362e-01
2.078000000000000000e+04 5.338938061409541636e-01
2.079000000000000000e+04 5.346716783458751454e-01
2.080000000000000000e+04 5.364881951888923473e-01
2.081000000000000000e+04 5.376285852046565061e-01
2.082000000000000000e+04 5.379979875019738067e-01
2.083000000000000364e+04 5.379812524377184380e-01
2.084000000000000000e+04 5.387307911677866601e-01
2.085000000000000000e+04 5.378261192188324991e-01
2.086000000000000000e+04 5.383861201402064811e-01
2.087000000000000364e+04 5.385380339819971773e-01
2.088000000000000000e+04 5.398189960474587545e-01
2.089000000000000000e+04 5.383178417008827044e-01
2.090000000000000000e+04 5.364238843375929155e-01
2.091000000000000364e+04 5.351612103704063150e-01
2.092000000000000000e+04 5.358386938765642427e-01
2.093000000000000000e+04 5.369873638110238545e-01
2.094000000000000000e+04 5.362309791286778982e-01
2.095000000000000364e+04 5.349318130147961980e-01
2.096000000000000000e+04 5.344778346813862102e-01
2.097000000000000000e+04 5.358833738333338426e-01
2.098000000000000000e+04 5.371411168239481615e-01
2.099000000000000364e+04 5.370110299271538823e-01
2.100000000000000000e+04 5.361080581420728519e-01
2.101000000000000000e+04 5.356540246715375542e-01
2.102000000000000000e+04 5.353873578574357417e-01
2.103000000000000364e+04 5.347954440624946848e-01
2.104000000000000000e+04 5.342915168035240470e-01
2.105000000000000000e+04 5.352013060086686647e-01
2.106000000000000000e+04 5.358016719318712262e-01
2.107000000000000364e+04 5.357871644392110388e-01
2.108000000000000000e+04 5.354571050723971881e-01
2.109000000000000000e+04 5.360001426697474924e-01
2.110000000000000000e+04 5.366799341572171533e-01
2.111000000000000364e+04 5.357194259351619747e-01
2.112000000000000000e+04 5.345192907146786299e-01
2.113000000000000000e+04 5.347755786784913479e-01
2.114000000000000000e+04 5.359635684885754037e-01
2.115000000000000364e+04 5.356063953869926175e-01
2.116000000000000000e+04 5.351033139470720013e-01
2.117000000000000000e+04 5.351210696118174903e-01
2.118000000000000000e+04 5.356646236333151290e-01
2.119000000000000364e+04 5.363853502930093775e-01
2.120000000000000000e+04 5.372164727034394183e-01
2.121000000000000000e+04 5.379480115436570120e-01
2.122000000000000000e+04 5.377337763248197788e-01
2.123000000000000364e+04 5.367802172270038641e-01
2.124000000000000000e+04 5.363636607220484409e-01
2.125000000000000000e+04 5.374547673476365306e-01
2.126000000000000000e+04 5.388566385824764549e-01
2.126999999999999636e+04 5.379820808468516180e-01
2.128000000000000000e+04 5.365600957592494558e-01
2.129000000000000000e+04 5.357692578188731902e-01
2.130000000000000000e+04 5.369055203697051804e-01
2.130999999999999636e+04 5.378733146518280828e-01
2.132000000000000000e+04 5.375230551087351039e-01
2.133000000000000000e+04 5.364652555290880809e-01
2.134000000000000000e+04 5.349047946078426818e-01
2.134999999999999636e+04 5.347524684238971204e-01
2.136000000000000000e+04 5.342147154160741263e-01
2.137000000000000000e+04 5.336361814205655696e-01
2.138000000000000000e+04 5.322250993498256477e-01
2.138999999999999636e+04 5.308426725164235860e-01
2.140000000000000000e+04 5.292984114481594782e-01
2.141000000000000000e+04 5.282289028861605340e-01
2.142000000000000000e+04 5.286229776008549708e-01
2.142999999999999636e+04 5.284036138137161442e-01
2.144000000000000000e+04 5.280033586771912812e-01
2.145000000000000000e+04 5.267962266118429993e-01
2.146000000000000000e+04 5.266689263532409182e-01
2.146999999999999636e+04 5.267936339526535505e-01
2.148000000000000000e+04 5.271110139096659708e-01
2.149000000000000000e+04 5.272658893154893445e-01
2.150000000000000000e+04 5.267331102124792608e-01
2.150999999999999636e+04 5.257041995240708809e-01
2.152000000000000000e+04 5.240336359128925370e-01
2.153000000000000000e+04 5.230983592374622848e-01
2.154000000000000000e+04 5.227376936608185698e-01
2.154999999999999636e+04 5.229042192814636891e-01
2.156000000000000000e+04 5.234502405897814015e-01
2.157000000000000000e+04 5.223617243381689645e-01
2.158000000000000000e+04 5.214050679402780775e-01
2.158999999999999636e+04 5.217041563160459416e-01
2.160000000000000000e+04 5.225149222292135853e-01
2.161000000000000000e+04 5.219821566591137385e-01
2.162000000000000000e+04 5.207626853502842490e-01
2.162999999999999636e+04 5.206194518087530199e-01
2.164000000000000000e+04 5.194202569425815375e-01
2.165000000000000000e+04 5.176956705538617864e-01
2.166000000000000000e+04 5.160281050694915939e-01
2.166999999999999636e+04 5.161090926666277445e-01
2.168000000000000000e+04 5.163891452472314514e-01
2.169000000000000000e+04 5.153139589216253480e-01
2.170000000000000000e+04 5.142312535091040360e-01
2.171000000000000000e+04 5.135381276955366392e-01
2.172000000000000000e+04 5.136734435036400814e-01
2.173000000000000000e+04 5.133542857039106178e-01
2.174000000000000000e+04 5.132493099261743463e-01
2.175000000000000000e+04 5.122489702695266489e-01
2.176000000000000000e+04 5.098712372894677047e-01
2.177000000000000000e+04 5.070729200465224906e-01
2.178000000000000000e+04 5.042708650587274244e-01
2.179000000000000000e+04 5.023503772056483463e-01
2.180000000000000000e+04 5.002406857271791685e-01
2.181000000000000000e+04 4.986633604145738752e-01
2.182000000000000000e+04 4.975941317364961369e-01
2.183000000000000000e+04 4.962025387639456553e-01
2.184000000000000000e+04 4.935188758307946233e-01
2.185000000000000000e+04 4.897453512892593896e-01
2.186000000000000000e+04 4.868315803008894105e-01
2.187000000000000000e+04 4.834314373868360826e-01
2.188000000000000000e+04 4.818711977528443713e-01
2.189000000000000000e+04 4.787908615740422702e-01
2.190000000000000000e+04 4.771971893381449226e-01
2.191000000000000000e+04 4.734615354434587031e-01
2.192000000000000000e+04 4.712734462894043186e-01
2.193000000000000000e+04 4.676180048195425210e-01
2.194000000000000000e+04 4.649787004735831952e-01
2.195000000000000000e+04 4.611740610923517614e-01
2.196000000000000000e+04 4.584035302326180950e-01
2.197000000000000000e+04 4.551519938515976582e-01
2.198000000000000000e+04 4.513138083299196857e-01
2.199000000000000000e+04 4.471264141359725386e-01
2.200000000000000000e+04 4.442333663978454417e-01
2.201000000000000000e+04 4.404655563494911386e-01
2.202000000000000000e+04 4.360984805666288655e-01
2.203000000000000000e+04 4.312061377578564336e-01
2.204000000000000000e+04 4.275840058804341592e-01
2.205000000000000000e+04 4.248840463699585790e-01
2.206000000000000000e+04 4.230361194114581336e-01
2.207000000000000000e+04 4.208532525189872531e-01
2.208000000000000364e+04 4.180903500422715191e-01
2.209000000000000000e+04 4.149766915535213485e-01
2.210000000000000000e+04 4.122836562449487263e-01
2.211000000000000000e+04 4.109720665508553861e-01
2.212000000000000364e+04 4.109597687103779262e-01
2.213000000000000000e+04 4.110747542552110612e-01
2.214000000000000000e+04 4.105682192518544382e-01
2.215000000000000000e+04 4.095655191860764210e-01
2.216000000000000364e+04 4.097265045669441497e-01
2.217000000000000000e+04 4.108459005849817158e-01
2.218000000000000000e+04 4.121972307531061031e-01
2.219000000000000000e+04 4.129199405834705905e-01
2.220000000000000364e+04 4.139523805529068956e-01
2.221000000000000000e+04 4.153637165023543187e-01
2.222000000000000000e+04 4.162891872183437370e-01
2.223000000000000000e+04 4.180588915305489817e-01
2.224000000000000364e+04 4.198772021704631485e-01
2.225000000000000000e+04 4.211556525585080091e-01
2.226000000000000000e+04 4.212072236852106299e-01
2.227000000000000000e+04 4.215852577227839348e-01
2.228000000000000364e+04 4.222772917354435940e-01
2.229000000000000000e+04 4.235687886385776091e-01
2.230000000000000000e+04 4.250565952653866386e-01
2.231000000000000000e+04 4.257574558159038514e-01
2.232000000000000364e+04 4.261170703529371107e-01
2.233000000000000000e+04 4.270223737903948713e-01
2.234000000000000000e+04 4.281371105720512826e-01
2.235000000000000000e+04 4.289572254718228006e-01
2.236000000000000364e+04 4.296499830977324463e-01
2.237000000000000000e+04 4.300123148778878801e-01
2.238000000000000000e+04 4.302347621825404755e-01
2.239000000000000000e+04 4.313702490004137080e-01
2.240000000000000364e+04 4.326933841453564633e-01
2.241000000000000000e+04 4.323078675007420157e-01
2.242000000000000000e+04 4.308813820665290395e-01
2.243000000000000000e+04 4.302497351462630792e-01
2.244000000000000364e+04 4.315360382835440878e-01
2.245000000000000000e+04 4.333053086950984234e-01
2.246000000000000000e+04 4.346508343965261867e-01
2.247000000000000000e+04 4.348170540650707072e-01
2.248000000000000364e+04 4.335991365076442561e-01
2.249000000000000000e+04 4.332372810010116648e-01
2.250000000000000000e+04 4.336276532749941959e-01
2.251000000000000000e+04 4.348997559207012920e-01
2.251999999999999636e+04 4.347261169370363887e-01
2.253000000000000000e+04 4.341364859836885359e-01
2.254000000000000000e+04 4.337610506726493065e-01
2.255000000000000000e+04 4.343483176028065662e-01
2.255999999999999636e+04 4.353738237953599377e-01
2.257000000000000000e+04 4.352492247742268949e-01
2.258000000000000000e+04 4.351359063134421779e-01
2.259000000000000000e+04 4.350151835627151797e-01
2.259999999999999636e+04 4.353979976498052462e-01
2.261000000000000000e+04 4.355054459420574231e-01
2.262000000000000000e+04 4.363869486993264823e-01
2.263000000000000000e+04 4.365096631356745194e-01
2.263999999999999636e+04 4.358811001967330956e-01
2.265000000000000000e+04 4.352171140790671577e-01
2.266000000000000000e+04 4.360946486180152237e-01
2.267000000000000000e+04 4.370436230027482383e-01
2.267999999999999636e+04 4.379129504684127205e-01
2.269000000000000000e+04 4.393365842321899084e-01
2.270000000000000000e+04 4.418822260680653757e-01
2.271000000000000000e+04 4.446880328220009782e-01
2.271999999999999636e+04 4.477160427573920742e-01
2.273000000000000000e+04 4.496844840615373817e-01
2.274000000000000000e+04 4.511281870104745795e-01
2.275000000000000000e+04 4.525952090809545192e-01
2.275999999999999636e+04 4.546908705719418520e-01
2.277000000000000000e+04 4.568399408390923511e-01
2.278000000000000000e+04 4.584120074803706979e-01
2.279000000000000000e+04 4.598060644532303565e-01
2.279999999999999636e+04 4.605165693323112208e-01
2.281000000000000000e+04 4.615367708331740149e-01
2.282000000000000000e+04 4.634260893740985709e-01
2.283000000000000000e+04 4.663748129942710263e-01
2.283999999999999636e+04 4.688527135320993966e-01
2.285000000000000000e+04 4.694771715330494644e-01
2.286000000000000000e+04 4.700444916467399481e-01
2.287000000000000000e+04 4.711386557129145225e-01
2.287999999999999636e+04 4.730825784876137030e-01
2.289000000000000000e+04 4.745765802318092086e-01
2.290000000000000000e+04 4.757465761558851147e-01
2.291000000000000000e+04 4.761020977348419114e-01
2.291999999999999636e+04 4.762633745900772819e-01
2.293000000000000000e+04 4.774512785414126159e-01
2.294000000000000000e+04 4.797087224873938238e-01
2.295000000000000000e+04 4.819088930001346194e-01
2.296000000000000000e+04 4.824514434712447453e-01
2.297000000000000000e+04 4.826497425433440291e-01
2.298000000000000000e+04 4.831503435558990311e-01
2.299000000000000000e+04 4.851333929339594619e-01
2.300000000000000000e+04 4.871760694248286616e-01
2.301000000000000000e+04 4.878946891946137621e-01
2.302000000000000000e+04 4.881732758756869850e-01
2.303000000000000000e+04 4.893702205713812425e-01
2.304000000000000000e+04 4.924315671510002823e-01
2.305000000000000000e+04 4.955082147305425733e-01
2.306000000000000000e+04 4.979670503226159006e-01
2.307000000000000000e+04 4.992517729228700407e-01
2.308000000000000000e+04 5.013750831110939110e-01
2.309000000000000000e+04 5.046629175881834906e-01
2.310000000000000000e+04 5.073742248148841449e-01
2.311000000000000000e+04 5.094255427504417177e-01
2.312000000000000000e+04 5.110969901809238047e-01
2.313000000000000000e+04 5.114338953501383900e-01
2.314000000000000000e+04 5.110720379769060351e-01
2.315000000000000000e+04 5.109573262295533658e-01
2.316000000000000000e+04 5.131811930532349519e-01
2.317000000000000000e+04 5.151671985464533199e-01
2.318000000000000000e+04 5.163909961788298864e-01
2.319000000000000000e+04 5.164373177647513247e-01
2.320000000000000000e+04 5.167642486036143623e-01
2.321000000000000000e+04 5.176583061696207189e-01
2.322000000000000000e+04 5.196873778674339084e-01
2.323000000000000000e+04 5.212398947801346605e-01
2.324000000000000000e+04 5.208608715877069972e-01
2.325000000000000000e+04 5.202287202145049472e-01
2.326000000000000000e+04 5.203806926985768966e-01
2.327000000000000000e+04 5.205233879815710507e-01
2.328000000000000000e+04 5.218292552151280184e-01
2.329000000000000000e+04 5.224265598205010130e-01
2.330000000000000000e+04 5.228961408414304346e-01
2.331000000000000000e+04 5.218031448570281672e-01
2.332000000000000000e+04 5.234737413770810255e-01
2.333000000000000364e+04 5.259208263178644094e-01
2.334000000000000000e+04 5.272609699687021978e-01
2.335000000000000000e+04 5.264827054286834729e-01
2.336000000000000000e+04 5.258395673533521331e-01
2.337000000000000364e+04 5.259136855961145107e-01
2.338000000000000000e+04 5.262147001244805722e-01
2.339000000000000000e+04 5.267639175848584099e-01
2.340000000000000000e+04 5.265951163291753279e-01
2.341000000000000364e+04 5.263554459021696497e-01
2.342000000000000000e+04 5.263111848455931385e-01
2.343000000000000000e+04 5.260172373308423799e-01
2.344000000000000000e+04 5.265510875019355774e-01
2.345000000000000364e+04 5.261026028477987504e-01
2.346000000000000000e+04 5.262448634546451620e-01
2.347000000000000000e+04 5.262794782107245162e-01
2.348000000000000000e+04 5.280043459948834395e-01
2.349000000000000364e+04 5.298384129088904437e-01
2.350000000000000000e+04 5.306596581783196154e-01
2.351000000000000000e+04 5.313369056854695405e-01
2.352000000000000000e+04 5.311758226993136267e-01
2.353000000000000364e+04 5.322552353791875079e-01
2.354000000000000000e+04 5.331230952368586351e-01
2.355000000000000000e+04 5.346853011134784506e-01
2.356000000000000000e+04 5.357333290721700836e-01
2.357000000000000364e+04 5.361219341346099565e-01
2.358000000000000000e+04 5.369184225960760282e-01
2.359000000000000000e+04 5.378432597941258386e-01
2.360000000000000000e+04 5.397737208039136148e-01
2.361000000000000364e+04 5.396920367003514851e-01
2.362000000000000000e+04 5.392814164204235983e-01
2.363000000000000000e+04 5.377478972922047351e-01
2.364000000000000000e+04 5.376409487653196484e-01
2.365000000000000364e+04 5.387500057230436568e-01
2.366000000000000000e+04 5.399522008800629047e-01
2.367000000000000000e+04 5.409148047275951221e-01
2.368000000000000000e+04 5.406640188909089817e-01
2.369000000000000364e+04 5.401213556575361618e-01
2.370000000000000000e+04 5.399891995613695928e-01
2.371000000000000000e+04 5.406641572587695954e-01
2.372000000000000000e+04 5.413681111379178290e-01
2.373000000000000364e+04 5.404896342486061878e-01
2.374000000000000000e+04 5.397967832310758274e-01
2.375000000000000000e+04 5.399084477277857896e-01
2.376000000000000000e+04 5.410266293119950776e-01
2.376999999999999636e+04 5.408811258809042011e-01
2.378000000000000000e+04 5.406831549570381146e-01
2.379000000000000000e+04 5.398291575805620468e-01
2.380000000000000000e+04 5.385042127436622250e-01
2.380999999999999636e+04 0.000000000000000000e+00
2.381999999999999636e+04 0.000000000000000000e+00
