# Detector-averaged total system transmission from column 1 of tables 2 and 3 from https://jwst-docs.stsci.edu/jwst-near-infrared-camera/nircam-instrumentation/nircam-filters
2.298648794999999154e+04 0.000000000000000000e+00
2.299849760999999489e+04 0.000000000000000000e+00
2.301050726999999824e+04 1.327282329556497618e-06
2.302251693000000159e+04 1.501676099462899239e-06
2.303452659000000131e+04 1.688670744953486346e-06
2.304653624999999738e+04 1.896067389239629342e-06
2.305854590999999709e+04 2.135670582577676846e-06
2.307055557000000044e+04 2.593397494526238314e-06
2.308256523000000016e+04 2.893805431890435808e-06
2.309457488000000012e+04 3.280738567695909588e-06
2.310658453999999983e+04 3.707845450326823650e-06
2.311859419999999955e+04 4.194390752452300706e-06
2.313060385999999926e+04 5.216886415541757544e-06
2.314261351999999897e+04 5.922423347005722900e-06
2.315462317999999868e+04 6.782520317968786919e-06
2.316663284000000203e+04 7.822027272182649593e-06
2.317864249999999811e+04 8.972046422655553392e-06
2.319065215999999782e+04 1.136475995468659582e-05
2.320266181999999753e+04 1.293084712497685704e-05
2.321467148000000088e+04 1.484871371327654430e-05
2.322668113999999696e+04 1.704603182121631195e-05
2.323869080000000031e+04 1.947428592038728104e-05
2.325070046000000002e+04 2.423469240904719087e-05
2.326271012000000337e+04 2.713304895793880697e-05
2.327471976999999970e+04 3.067481206187658955e-05
2.328672942999999941e+04 3.474052859515494791e-05
2.329873908999999912e+04 3.927920170736477420e-05
2.331074874999999520e+04 4.696152749384843283e-05
2.332275840999999855e+04 5.255415428816799468e-05
2.333476806999999826e+04 5.924550082152738305e-05
2.334677772999999797e+04 6.701365394658248987e-05
2.335878739000000496e+04 7.596952776873244794e-05
2.337079705000000104e+04 8.972427748728984298e-05
2.338280671000000075e+04 1.020297111624434095e-04
2.339481637000000046e+04 1.159978691963138087e-04
2.340682603000000381e+04 1.322920746677660293e-04
2.341883568999999989e+04 1.506894333020188516e-04
2.343084534999999960e+04 1.739199189811412656e-04
2.344285500999999931e+04 1.979913990299004124e-04
2.345486465999999564e+04 2.262108366746797515e-04
2.346687431999999899e+04 2.592051718563318820e-04
2.347888398000000234e+04 2.974081948412494536e-04
2.349089364000000205e+04 3.447189157066535043e-04
2.350290329999999813e+04 4.002472316554966025e-04
2.351491296000000148e+04 4.675678509431691770e-04
2.352692262000000119e+04 5.489190654571151316e-04
2.353893228000000090e+04 6.472127274458109279e-04
2.355094193999999698e+04 7.757156308924215930e-04
2.356295160000000033e+04 9.233056179416295308e-04
2.357496126000000004e+04 1.100502309125673140e-03
2.358697091999999975e+04 1.311429967927259851e-03
2.359898058000000310e+04 1.560632451131370923e-03
2.361099023999999918e+04 1.892164145623199912e-03
2.362299989000000278e+04 2.237452611405773249e-03
2.363500955000000249e+04 2.629733352221861904e-03
2.364701920999999857e+04 3.068924810641192845e-03
2.365902887000000192e+04 3.554059094616074995e-03
2.367103853000000163e+04 4.169516480230790745e-03
2.368304819000000134e+04 4.743843199957645251e-03
2.369505784999999742e+04 5.353357116524255950e-03
2.370706751000000077e+04 5.994408685048573104e-03
2.371907717000000048e+04 6.666384890537809318e-03
2.373108683000000019e+04 7.447915161333204873e-03
2.374309648999999627e+04 8.175686939766023398e-03
2.375510614999999962e+04 8.880494890804491864e-03
2.376711580999999933e+04 9.646000285142791383e-03
2.377912546999999904e+04 1.047759239878496770e-02
2.379113512999999512e+04 1.140334585213480939e-02
2.380314477999999872e+04 1.241595331168710188e-02
2.381515444000000207e+04 1.355002961149988534e-02
2.382716410000000178e+04 1.483402726694005302e-02
2.383917375999999786e+04 1.629839986857574072e-02
2.385118342000000121e+04 1.799416320309134287e-02
2.386319308000000092e+04 1.993230756442337590e-02
2.387520274000000063e+04 2.218448232038772866e-02
2.388721239999999671e+04 2.481137367961831763e-02
2.389922206000000006e+04 2.787974577121967237e-02
2.391123171999999977e+04 3.148616444105100526e-02
2.392324137999999948e+04 3.567128122648086097e-02
2.393525103999999556e+04 4.053180333228497551e-02
2.394726070000000254e+04 4.613824273510079566e-02
2.395927036000000226e+04 5.254481153753199490e-02
2.397128002000000197e+04 5.981098922602766377e-02
2.398328966999999830e+04 6.784463850899249970e-02
2.399529932999999801e+04 7.659491954813377190e-02
2.400730899000000136e+04 8.591860264733876262e-02
2.401931864999999743e+04 9.561986038881375993e-02
2.403132830999999715e+04 1.055213836842286146e-01
2.404333796999999686e+04 1.152394982039885718e-01
2.405534763000000021e+04 1.245839014795374344e-01
2.406735729000000356e+04 1.333440663488844602e-01
2.407936694999999963e+04 1.413768161135849077e-01
2.409137661000000298e+04 1.487142010587458041e-01
2.410338627000000270e+04 1.552125893704882631e-01
2.411539593000000241e+04 1.610699588333432963e-01
2.412740558999999848e+04 1.664694268677237576e-01
2.413941525000000183e+04 1.716417818986809007e-01
2.415142491000000155e+04 1.769389242629962888e-01
2.416343455999999787e+04 1.824027179029391599e-01
2.417544421999999759e+04 1.883388665332789702e-01
2.418745387999999730e+04 1.948942214513801618e-01
2.419946354000000429e+04 2.021385591082436872e-01
2.421147320000000036e+04 2.101697562776754791e-01
2.422348286000000007e+04 2.186471167046830644e-01
2.423549251999999979e+04 2.274875248197988364e-01
2.424750218000000314e+04 2.364382583370552848e-01
2.425951183999999921e+04 2.452201884072967020e-01
2.427152149999999892e+04 2.537014471096097346e-01
2.428353116000000227e+04 2.613833912708067864e-01
2.429554082000000199e+04 2.682400232102000737e-01
2.430755047999999806e+04 2.741974618827530685e-01
2.431956013999999777e+04 2.792692549107442801e-01
2.433156980000000112e+04 2.836975748606893055e-01
2.434357945000000473e+04 2.873328823961616152e-01
2.435558911000000080e+04 2.905085336353493419e-01
2.436759877000000051e+04 2.934122920462484130e-01
2.437960843000000023e+04 2.962205620318849597e-01
2.439161809000000358e+04 2.992407437498567635e-01
2.440362774999999965e+04 3.022830592554873741e-01
2.441563740999999936e+04 3.055905447202160730e-01
2.442764706999999908e+04 3.092243524488259565e-01
2.443965673000000243e+04 3.132216613112007719e-01
2.445166638999999850e+04 3.177554358077313568e-01
2.446367604999999821e+04 3.224917671581898349e-01
2.447568570999999793e+04 3.275590571524258920e-01
2.448769537000000128e+04 3.329076482598239406e-01
2.449970502999999735e+04 3.384739762232302773e-01
2.451171468999999706e+04 3.436382329289257020e-01
2.452372434000000067e+04 3.490299295393946011e-01
2.453573400000000402e+04 3.543762153548803973e-01
2.454774366000000009e+04 3.595841674652310305e-01
2.455975331999999980e+04 3.645704227848590162e-01
2.457176297999999952e+04 3.690634770758480787e-01
2.458377264000000287e+04 3.733971542840340829e-01
2.459578229999999894e+04 3.773291796995491554e-01
2.460779195999999865e+04 3.808316482073786369e-01
2.461980161999999837e+04 3.838929901911208864e-01
2.463181128000000172e+04 3.863086407844767978e-01
2.464382093999999779e+04 3.885211976059587680e-01
2.465583059999999750e+04 3.903519119706287954e-01
2.466784026000000085e+04 3.918389372459986641e-01
2.467984992000000420e+04 3.930256974330328945e-01
2.469185958000000028e+04 3.939509846132157045e-01
2.470386923000000024e+04 3.946750875446918272e-01
2.471587888999999996e+04 3.954423346426056973e-01
2.472788854999999603e+04 3.958734414183937012e-01
2.473989820999999938e+04 3.964196740910612138e-01
2.475190786999999909e+04 3.966826686533318491e-01
2.476391752999999517e+04 3.969052602767810800e-01
2.477592718999999852e+04 3.973105227699991193e-01
2.478793685000000187e+04 3.974882645272166393e-01
2.479994651000000158e+04 3.978614008444841810e-01
2.481195617000000129e+04 3.980081834015320452e-01
2.482396583000000464e+04 3.983591025226006499e-01
2.483597549000000072e+04 3.986910552073639757e-01
2.484798515000000043e+04 3.989996649441604482e-01
2.485999481000000014e+04 3.990652363529592073e-01
2.487200445999999647e+04 3.992941939010928865e-01
2.488401411999999982e+04 3.994751897195908952e-01
2.489602377999999953e+04 3.993878784621230915e-01
2.490803344000000288e+04 3.994446390337530461e-01
2.492004309999999896e+04 3.994240806763060814e-01
2.493205276000000231e+04 3.993285313939773928e-01
2.494406242000000202e+04 3.991510114937074083e-01
2.495607208000000173e+04 3.988896883537825788e-01
2.496808173999999781e+04 3.985471945116437764e-01
2.498009140000000116e+04 3.981267138604874800e-01
2.499210106000000087e+04 3.976303652622059093e-01
2.500411072000000058e+04 3.970646128357084859e-01
2.501612038000000030e+04 3.964463826072992525e-01
2.502813004000000001e+04 3.957749136535049783e-01
2.504013969999999972e+04 3.950674731827212849e-01
2.505214934999999969e+04 3.943206586845225403e-01
2.506415900999999940e+04 3.935521855546983416e-01
2.507616867000000275e+04 3.927690907693336397e-01
2.508817833000000246e+04 3.919857599769056566e-01
2.510018798999999854e+04 3.912222523212698366e-01
2.511219764999999825e+04 3.904661555980892818e-01
2.512420731000000160e+04 3.897373580065700005e-01
2.513621697000000131e+04 3.890469677479345134e-01
2.514822662999999739e+04 3.883992215998248732e-01
2.516023628999999710e+04 3.878138539721777134e-01
2.517224595000000045e+04 3.872752151136860110e-01
2.518425561000000016e+04 3.867971129031809729e-01
2.519626526999999624e+04 3.863839958277128783e-01
2.520827492999999595e+04 3.860415163887113144e-01
2.522028458999999930e+04 3.857597013229820959e-01
2.523229424000000290e+04 3.855498231549461252e-01
2.524430389999999898e+04 3.854148486390970296e-01
2.525631355999999869e+04 3.853532898051779121e-01
2.526832322000000204e+04 3.853641506387768256e-01
2.528033288000000175e+04 3.854529841946592317e-01
2.529234253999999783e+04 3.856108784568885728e-01
2.530435219999999754e+04 3.858366499265618588e-01
2.531636186000000089e+04 3.861285071706264671e-01
2.532837152000000060e+04 3.864833720176444332e-01
2.534038117999999668e+04 3.869026448128748408e-01
2.535239083999999639e+04 3.873739555275357294e-01
2.536440049999999974e+04 3.878972582151186121e-01
2.537641016000000309e+04 3.884643231202785096e-01
2.538841982000000280e+04 3.890708178966830744e-01
2.540042947999999888e+04 3.897210317431124005e-01
2.541243912999999884e+04 3.903947441294234322e-01
2.542444879000000219e+04 3.910940377915916866e-01
2.543645844999999827e+04 3.918114504942386001e-01
2.544846810999999798e+04 3.925418638112385672e-01
2.546047777000000133e+04 3.932917418291909106e-01
2.547248743000000104e+04 3.940372093652760865e-01
2.548449708999999712e+04 3.947833225680307256e-01
2.549650674999999683e+04 3.955249109277159114e-01
2.550851641000000382e+04 3.962589531761631645e-01
2.552052607000000353e+04 3.970579767287035766e-01
2.553253572999999960e+04 3.977974219832933755e-01
2.554454538999999932e+04 3.985174121960359805e-01
2.555655505000000267e+04 3.992145699432882999e-01
2.556856471000000238e+04 3.998858336301959193e-01
2.558057436999999845e+04 4.005776915861589682e-01
2.559258401999999842e+04 4.011939169861676868e-01
2.560459367999999449e+04 4.017797348714807759e-01
2.561660333999999784e+04 4.023385276329586313e-01
2.562861300000000119e+04 4.028681994125994925e-01
2.564062266000000091e+04 4.034194004898351560e-01
2.565263232000000062e+04 4.038891676351676896e-01
2.566464198000000397e+04 4.043329178521487544e-01
2.567665164000000004e+04 4.047561153580378490e-01
2.568866129999999976e+04 4.051490485580037659e-01
2.570067096000000311e+04 4.055692533057209670e-01
2.571268062000000282e+04 4.059206784275131152e-01
2.572469027999999889e+04 4.062484734671263920e-01
2.573669993999999861e+04 4.065609825523385235e-01
2.574870960000000196e+04 4.068658265224419091e-01
2.576071926000000167e+04 4.072129473755465856e-01
2.577272891000000163e+04 4.074902471077358479e-01
2.578473857000000135e+04 4.077668498357722715e-01
2.579674823000000106e+04 4.080336856723062455e-01
2.580875789000000077e+04 4.082953940656551817e-01
2.582076755000000048e+04 4.086211218549637425e-01
2.583277721000000020e+04 4.089266554886665794e-01
2.584478686999999991e+04 4.092335489998898956e-01
2.585679652999999962e+04 4.095424106738094761e-01
2.586880618999999933e+04 4.098575030073070002e-01
2.588081584999999905e+04 4.102733282742385690e-01
2.589282550999999876e+04 4.105965614082519588e-01
2.590483516999999847e+04 4.109050992824959669e-01
2.591684482999999818e+04 4.112154139093963101e-01
2.592885448999999790e+04 4.115410871299718387e-01
2.594086413999999786e+04 4.119676585031042393e-01
2.595287380000000121e+04 4.122917254510242158e-01
2.596488346000000092e+04 4.126108649893813762e-01
2.597689312000000064e+04 4.129249774017621499e-01
2.598890277999999671e+04 4.132329463889786170e-01
2.600091244000000006e+04 4.136480850398076559e-01
2.601292209999999977e+04 4.135032876450614459e-01
2.602493175999999949e+04 4.132541230695753187e-01
2.603694141999999556e+04 4.129919807600250792e-01
2.604895107999999891e+04 4.127133848508037772e-01
2.606096073999999862e+04 4.119984379780270434e-01
2.607297039999999834e+04 4.116863797677842163e-01
2.608498005999999441e+04 4.113550581779845672e-01
2.609698972000000504e+04 4.110036471707189665e-01
2.610899938000000111e+04 4.106402231658966562e-01
2.612100903000000108e+04 4.098324998417700593e-01
2.613301868999999715e+04 4.094142180513307139e-01
2.614502834999999686e+04 4.082682612852260862e-01
2.615703801000000021e+04 4.082491616660373079e-01
2.616904766999999993e+04 4.082045667722147275e-01
2.618105732999999600e+04 4.081716281049898032e-01
2.619306698999999935e+04 4.081075084690540811e-01
2.620507664999999906e+04 4.080280155601611058e-01
2.621708631000000241e+04 4.079407079737524811e-01
2.622909597000000213e+04 4.078429761708272094e-01
2.624110563000000184e+04 4.077543559904580617e-01
2.625311529000000155e+04 4.076484786355484280e-01
2.626512495000000126e+04 4.075381216040294685e-01
2.627713461000000098e+04 4.074220278444520282e-01
2.628914427000000069e+04 4.073146535021181514e-01
2.630115392000000065e+04 4.072259970402358764e-01
2.631316358000000037e+04 4.071338767432874373e-01
2.632517323999999644e+04 4.070583942127655730e-01
2.633718289999999979e+04 4.069884804413771984e-01
2.634919256000000314e+04 4.069328560711234499e-01
2.636120222000000285e+04 4.069179043248226657e-01
2.637321187999999893e+04 4.068989684031223963e-01
2.638522153999999864e+04 4.068951836005931799e-01
2.639723120000000199e+04 4.069155439668585839e-01
2.640924086000000170e+04 4.069519928847212809e-01
2.642125051999999778e+04 4.070230120098251025e-01
2.643326018000000113e+04 4.071028148403688096e-01
2.644526984000000084e+04 4.072057951294715261e-01
2.645727950000000055e+04 4.073300207861497713e-01
2.646928915999999663e+04 4.074760315657898202e-01
2.648129881000000023e+04 4.076567557054220914e-01
2.649330847000000358e+04 4.078395557382662462e-01
2.650531813000000329e+04 4.080435735896388305e-01
2.651732778999999937e+04 4.073441147610989410e-01
2.652933744999999908e+04 4.074576937307241575e-01
2.654134711000000243e+04 4.074504378684954409e-01
2.655335677000000214e+04 4.075628391647713178e-01
2.656536642999999822e+04 4.076779763427182401e-01
2.657737608999999793e+04 4.077991871912720612e-01
2.658938575000000128e+04 4.079233051585114955e-01
2.660139541000000099e+04 4.078773805906475980e-01
2.661340506999999707e+04 4.079468867438603707e-01
2.662541473000000042e+04 4.080140400676024459e-01
2.663742439000000013e+04 4.080725296380620648e-01
2.664943404999999984e+04 4.081331017880254208e-01
2.666144369999999981e+04 4.079577568570912360e-01
2.667345335999999952e+04 4.079933789499642915e-01
2.668546302000000287e+04 4.080325957662730429e-01
2.669747267999999895e+04 4.080646381840224435e-01
2.670948233999999866e+04 4.080996000119808675e-01
2.672149199999999837e+04 4.079277423770750755e-01
2.673350166000000172e+04 4.079584737903005909e-01
2.674551131999999780e+04 4.079832695094965933e-01
2.675752097999999751e+04 4.080168928035925457e-01
2.676953063999999722e+04 4.080472116822703721e-01
2.678154030000000057e+04 4.079057705289741431e-01
2.679354995999999664e+04 4.079152604425042572e-01
2.680555962000000000e+04 4.079104415291752161e-01
2.681756927999999971e+04 4.078939629937756717e-01
2.682957894000000306e+04 4.078588603347068631e-01
2.684158858999999939e+04 4.077112662450159686e-01
2.685359824999999910e+04 4.076553480673895669e-01
2.686560790999999881e+04 4.075817767716221618e-01
2.687761757000000216e+04 4.074985779246453887e-01
2.688962722999999824e+04 4.074110231047837205e-01
2.690163688999999795e+04 4.072812509230486211e-01
2.691364654999999766e+04 4.071987627492997808e-01
2.692565621000000465e+04 4.071176166165719756e-01
2.693766587000000436e+04 4.070409368437271080e-01
2.694967553000000044e+04 4.069713833399737912e-01
2.696168519000000015e+04 4.069243125248604986e-01
2.697369485000000350e+04 4.068760736505875331e-01
2.698570451000000321e+04 4.068393786596345429e-01
2.699771416999999929e+04 4.068176838779437032e-01
2.700972382999999900e+04 4.076231784124131896e-01
2.702173347999999532e+04 4.078002531031169053e-01
2.703374313999999868e+04 4.078704155641894591e-01
2.704575279999999839e+04 4.079423210696609958e-01
2.705776246000000174e+04 4.080171976863541383e-01
2.706977212000000145e+04 4.080923304954010566e-01
2.708178178000000116e+04 4.082825438916892757e-01
2.709379144000000088e+04 4.083666468401966898e-01
2.710580110000000059e+04 4.084485284306698660e-01
2.711781076000000394e+04 4.085311797205986584e-01
2.712982042000000001e+04 4.086100019925780757e-01
2.714183007999999973e+04 4.087979926063290970e-01
2.715383973999999944e+04 4.088712621190322971e-01
2.716584940000000279e+04 4.089365014696419998e-01
2.717785905999999886e+04 4.090030021642981906e-01
2.718986871000000247e+04 4.090647654149595636e-01
2.720187837000000218e+04 4.092283527868761928e-01
2.721388802999999825e+04 4.092807288759433559e-01
2.722589769000000160e+04 4.093341229469832365e-01
2.723790735000000132e+04 4.093883057881582133e-01
2.724991701000000103e+04 4.094396463847270184e-01
2.726192666999999710e+04 4.096097333159934850e-01
2.727393633000000045e+04 4.096605623570352961e-01
2.728594599000000017e+04 4.097042101654996271e-01
2.729795564999999988e+04 4.097538482170081653e-01
2.730996530999999595e+04 4.097918049582047750e-01
2.732197496999999930e+04 4.099401815910097557e-01
2.733398462999999902e+04 4.099768727145537417e-01
2.734599428999999873e+04 4.100108351262558570e-01
2.735800395000000208e+04 4.100422381108675962e-01
2.737001360000000204e+04 4.101860077366065171e-01
2.738202326000000176e+04 4.102276596893447147e-01
2.739403292000000147e+04 4.102762613994960228e-01
2.740604257999999754e+04 4.103379591100076995e-01
2.741805224000000089e+04 4.104034641427944385e-01
2.743006190000000061e+04 4.105875223678832064e-01
2.744207156000000032e+04 4.106759820272101735e-01
2.745408121999999639e+04 4.107766014431984414e-01
2.746609087999999974e+04 4.108894836731128986e-01
2.747810053999999946e+04 4.110078205492817549e-01
2.749011019999999917e+04 4.112489230600707701e-01
2.750211985999999524e+04 4.113906745499384399e-01
2.751412951999999859e+04 4.109119287121246189e-01
2.752613918000000194e+04 4.104510492352352324e-01
2.753814884000000166e+04 4.100064649419765672e-01
2.755015848999999798e+04 4.090610395229342666e-01
2.756216815000000133e+04 4.086444816758266763e-01
2.757417781000000105e+04 4.082454383349860549e-01
2.758618746999999712e+04 4.078565931805582245e-01
2.759819712999999683e+04 4.074833349993540743e-01
2.761020679000000018e+04 4.066161935223774337e-01
2.762221644999999990e+04 4.062712144304331252e-01
2.763422610999999597e+04 4.065221589999483687e-01
2.764623576999999932e+04 4.066406428081261737e-01
2.765824543000000267e+04 4.067802726169397198e-01
2.767025509000000238e+04 4.068846874069002029e-01
2.768226475000000210e+04 4.070693697233677133e-01
2.769427440999999817e+04 4.072703182237144004e-01
2.770628407000000152e+04 4.074847533935059274e-01
2.771829373000000123e+04 4.077166011334508178e-01
2.773030337999999756e+04 4.079597223106528059e-01
2.774231303999999727e+04 4.082236906999334169e-01
2.775432269999999698e+04 4.084937555739228121e-01
2.776633236000000397e+04 4.087730982353001696e-01
2.777834202000000369e+04 4.090554599077597109e-01
2.779035167999999976e+04 4.093860986623045206e-01
2.780236134000000311e+04 4.096812810536928362e-01
2.781437100000000282e+04 4.099742315504534274e-01
2.782638066000000254e+04 4.102641048482540409e-01
2.783839031999999861e+04 4.105478538674652844e-01
2.785039998000000196e+04 4.109104411814157309e-01
2.786240964000000167e+04 4.111892780975119344e-01
2.787441930000000139e+04 4.114600881724733150e-01
2.788642895999999746e+04 4.117219617425774691e-01
2.789843862000000081e+04 4.119713854614743820e-01
2.791044827000000441e+04 4.123066340640159089e-01
2.792245793000000049e+04 4.125328661366214344e-01
2.793446759000000020e+04 4.127457813048674984e-01
2.794647724999999991e+04 4.129395801703692470e-01
2.795848691000000326e+04 4.131197792900800358e-01
2.797049656999999934e+04 4.133756574541160855e-01
2.798250622999999905e+04 4.135189251852176007e-01
2.799451588999999876e+04 4.136447612075669356e-01
2.800652555000000211e+04 4.137544706271250594e-01
2.801853520999999819e+04 4.138502651682708922e-01
2.803054486999999790e+04 4.139958123807986334e-01
2.804255453000000125e+04 4.140559954045666680e-01
2.805456419000000096e+04 4.141002988893590087e-01
2.806657384999999704e+04 4.141335133644908906e-01
2.807858350999999675e+04 4.141541501688732474e-01
2.809059316000000035e+04 4.141883340593303653e-01
2.810260282000000370e+04 4.141781628111058655e-01
2.811461247999999978e+04 4.141577393075235314e-01
2.812662213999999949e+04 4.141308310850521091e-01
2.813863179999999920e+04 4.140960577300296652e-01
2.815064146000000255e+04 4.140257870772383608e-01
2.816265111999999863e+04 4.139710426173889846e-01
2.817466077999999834e+04 4.139160293210861763e-01
2.818667043999999805e+04 4.138586192191484603e-01
2.819868010000000140e+04 4.138047378047974290e-01
2.821068975999999748e+04 4.136650795649188250e-01
2.822269941999999719e+04 4.136856151603121035e-01
2.823470908000000054e+04 4.137104944799312456e-01
2.824671874000000389e+04 4.137414069180500586e-01
2.825872839000000022e+04 4.137781865076539667e-01
2.827073804999999993e+04 4.137639183702916390e-01
2.828274770999999964e+04 4.138072475505095715e-01
2.829475736999999936e+04 4.138572926615605718e-01
2.830676702999999907e+04 4.139192295234852548e-01
2.831877668999999878e+04 4.139891242146367389e-01
2.833078634999999849e+04 4.139807798699132180e-01
2.834279600999999820e+04 4.140657159349856453e-01
2.835480567000000156e+04 4.141635937927264921e-01
2.836681533000000127e+04 4.142726910896646908e-01
2.837882499000000098e+04 4.143927874567646663e-01
2.839083465000000433e+04 4.144218338938841506e-01
2.840284431000000041e+04 4.145653700949424314e-01
2.841485397000000012e+04 4.147212419415722273e-01
2.842686362999999983e+04 4.148875984121208615e-01
2.843887327999999616e+04 4.150661638545692922e-01
2.845088293999999951e+04 4.151562969262609926e-01
2.846289259999999922e+04 4.153577406672146477e-01
2.847490225999999529e+04 4.155700382362095269e-01
2.848691191999999864e+04 4.157928449183087016e-01
2.849892158000000200e+04 4.160217093049358716e-01
2.851093124000000171e+04 4.161876316623260852e-01
2.852294090000000142e+04 4.164387276738489296e-01
2.853495056000000477e+04 4.166989165043837318e-01
2.854696022000000085e+04 4.169663001960556281e-01
2.855896988000000056e+04 4.172400673760889300e-01
2.857097954000000027e+04 4.174812795571424262e-01
2.858298920000000362e+04 4.177719631694352120e-01
2.859499885999999969e+04 4.180685204284430578e-01
2.860700851999999941e+04 4.183681283650935168e-01
2.861901817000000301e+04 4.186710220791318160e-01
2.863102782999999908e+04 4.189772173860674132e-01
2.864303749000000244e+04 4.192930657321271015e-01
2.865504715000000215e+04 4.196108936727682703e-01
2.866705681000000186e+04 4.199307919641924736e-01
2.867906646999999793e+04 4.202496626039836647e-01
2.869107613000000129e+04 4.206068509450747728e-01
2.870308579000000100e+04 4.209312433070374615e-01
2.871509544999999707e+04 4.212560173228951932e-01
2.872710511000000042e+04 4.215782759786494971e-01
2.873911477000000014e+04 4.218982459288583287e-01
2.875112442999999985e+04 4.222745034287055388e-01
2.876313408999999592e+04 4.225896094252241664e-01
2.877514374999999927e+04 4.228995428975298454e-01
2.878715340999999898e+04 4.232032280036081007e-01
2.879916306000000259e+04 4.234986206974405976e-01
2.881117271999999866e+04 4.238560833285631713e-01
2.882318237999999837e+04 4.241347214458262016e-01
2.883519204000000173e+04 4.244023057082762507e-01
2.884720170000000144e+04 4.246591039327322070e-01
2.885921135999999751e+04 4.249032259975231707e-01
2.887122101999999722e+04 4.251952161319095813e-01
2.888323068000000058e+04 4.254073628262061701e-01
2.889524034000000029e+04 4.256045629793990259e-01
2.890724999999999636e+04 4.257841689850780931e-01
2.891925965999999607e+04 4.259477620501350703e-01
2.893126931999999942e+04 4.261261458288438941e-01
2.894327897999999914e+04 4.262475145806526866e-01
2.895528864000000249e+04 4.263474599296691037e-01
2.896729830000000220e+04 4.264273844666282565e-01
2.897930795000000217e+04 4.264865748388617650e-01
2.899131761000000188e+04 4.265160668722102200e-01
2.900332726999999795e+04 4.265263816570635802e-01
2.901533692999999766e+04 4.265152428630357706e-01
2.902734659000000102e+04 4.264807685751924593e-01
2.903935625000000073e+04 4.264258696861601416e-01
2.905136590999999680e+04 4.262866281823057824e-01
2.906337556999999651e+04 4.261810670133037160e-01
2.907538523000000350e+04 4.260544556930280224e-01
2.908739489000000322e+04 4.259081986959820654e-01
2.909940454999999929e+04 4.257422826379457792e-01
2.911141420999999900e+04 4.254402509774014574e-01
2.912342387000000235e+04 4.252317610585422125e-01
2.913543353000000207e+04 4.250079070138071957e-01
2.914744318999999814e+04 4.247695164086560116e-01
2.915945283999999810e+04 4.245195359086739728e-01
2.917146249999999782e+04 4.240909539029275033e-01
2.918347215999999753e+04 4.238163492289722667e-01
2.919548182000000088e+04 4.235372489015748476e-01
2.920749148000000059e+04 4.232548911266591496e-01
2.921950114000000394e+04 4.229714385800134036e-01
2.923151080000000366e+04 4.224825898685256043e-01
2.924352045999999973e+04 4.221966493802023490e-01
2.925553011999999944e+04 4.219155838720072271e-01
2.926753978000000279e+04 4.216415318637911636e-01
2.927954944000000251e+04 4.213760096563832214e-01
2.929155909999999858e+04 4.208967367624968925e-01
2.930356875999999829e+04 4.206517117341603829e-01
2.931557842000000164e+04 4.204192381944494850e-01
2.932758808000000136e+04 4.202017771298572346e-01
2.933959773000000132e+04 4.200014268955508667e-01
2.935160739000000103e+04 4.195983182754809970e-01
2.936361705000000075e+04 4.194376921686712723e-01
2.937562671000000410e+04 4.192977037687179998e-01
2.938763637000000017e+04 4.191783227290005742e-01
2.939964602999999988e+04 4.190802837520564150e-01
2.941165568999999959e+04 4.188419257490758607e-01
2.942366535000000295e+04 4.188283624508451486e-01
2.943567500999999902e+04 4.188374760095918692e-01
2.944768466999999873e+04 4.188694429478070358e-01
2.945969433000000208e+04 4.189230291623318725e-01
2.947170398999999816e+04 4.188769709444220002e-01
2.948371364999999787e+04 4.189800707157153581e-01
2.949572330999999758e+04 4.191022894614444549e-01
2.950773295999999755e+04 4.192423511534588143e-01
2.951974262000000090e+04 4.193989304268454510e-01
2.953175228000000061e+04 4.195064633985409186e-01
2.954376194000000032e+04 4.197003576310420758e-01
2.955577159999999640e+04 4.199059129331260687e-01
2.956778125999999975e+04 4.201223782573009213e-01
2.957979091999999946e+04 4.203470373850708430e-01
2.959180057999999917e+04 4.205790964029922918e-01
2.960381023999999525e+04 4.208245168476676956e-01
2.961581989999999860e+04 4.210725086057810485e-01
2.962782955999999831e+04 4.213217510525589238e-01
2.963983921999999802e+04 4.215712650632783554e-01
2.965184887999999410e+04 4.218877652794950084e-01
2.966385854000000472e+04 4.221410869118514819e-01
2.967586820000000080e+04 4.223883283675187728e-01
2.968787785000000076e+04 4.226293536118968519e-01
2.969988750999999684e+04 4.228636439372824851e-01
2.971189717000000019e+04 4.232216731250447728e-01
2.972390682999999990e+04 4.234481763809340715e-01
2.973591648999999961e+04 4.236642264531518820e-01
2.974792614999999569e+04 4.238713308751784758e-01
2.975993580999999904e+04 4.240690566027731645e-01
2.977194546999999875e+04 4.244432419803250145e-01
2.978395512999999846e+04 4.246298833573713960e-01
2.979596479000000181e+04 4.248081618345180832e-01
2.980797445000000153e+04 4.249785399408572140e-01
2.981998411000000124e+04 4.251428540437957593e-01
2.983199377000000095e+04 4.255238291255541982e-01
2.984400343000000066e+04 4.256814460670993450e-01
2.985601309000000037e+04 4.258333500641355851e-01
2.986802274000000034e+04 4.259839579504308138e-01
2.988003240000000005e+04 4.263742744387765682e-01
2.989204205999999613e+04 4.265254123022559352e-01
2.990405171999999948e+04 4.266762713014781161e-01
2.991606138000000283e+04 4.268309287131657470e-01
2.992807104000000254e+04 4.269889206090947686e-01
2.994008069999999861e+04 4.274001414272531330e-01
2.995209036000000197e+04 4.275714655302025324e-01
2.996410002000000168e+04 4.277509675849943127e-01
2.997610968000000139e+04 4.279394111941482448e-01
2.998811933999999746e+04 4.281409294082332839e-01
3.000012900000000081e+04 4.283664058714621858e-01
3.001213866000000053e+04 4.286258234494688124e-01
3.002414832000000024e+04 4.288991960001262149e-01
3.003615797999999631e+04 4.291867930679288401e-01
3.004816762999999992e+04 4.294881800608131850e-01
3.006017729000000327e+04 4.300135749798690288e-01
3.007218695000000298e+04 4.303386034165064267e-01
3.008419660999999905e+04 4.306761339956474144e-01
3.009620626999999877e+04 4.310265329073088569e-01
3.010821593000000212e+04 4.313872572416237450e-01
3.012022559000000183e+04 4.319228217134801207e-01
3.013223524999999790e+04 4.322950876644302554e-01
3.014424491000000125e+04 4.326763540964760901e-01
3.015625457000000097e+04 4.330618303784911083e-01
3.016826423000000068e+04 4.334524110554105469e-01
3.018027388999999675e+04 4.339538037946982785e-01
3.019228355000000010e+04 4.343384791486423202e-01
3.020429320999999982e+04 4.347210632789954565e-01
3.021630286999999953e+04 4.351008167548000571e-01
3.022831251999999949e+04 4.354717435384458102e-01
3.024032217999999921e+04 4.358882560304465636e-01
3.025233184000000256e+04 4.362302252210717990e-01
3.026434150000000227e+04 4.365602765634233329e-01
3.027635115999999834e+04 4.368745839177085033e-01
3.028836081999999806e+04 4.371716601443486616e-01
3.030037048000000141e+04 4.374500244504526680e-01
3.031238013999999748e+04 4.376999300812731142e-01
3.032438979999999719e+04 4.379312299638138950e-01
3.033639945999999691e+04 4.381414676955497356e-01
3.034840912000000026e+04 4.383306813471277152e-01
3.036041877999999633e+04 4.384510177892680938e-01
3.037242843999999604e+04 4.385886135409395870e-01
3.038443810000000303e+04 4.387023933887461702e-01
3.039644776000000275e+04 4.387956903958366572e-01
3.040845740999999907e+04 4.388658575933248596e-01
3.042046706999999878e+04 4.388404067571010092e-01
3.043247672999999850e+04 4.388646658002673950e-01
3.044448639000000185e+04 4.388723240048070240e-01
3.045649604999999792e+04 4.388634994401405809e-01
3.046850570999999763e+04 4.388418705595765745e-01
3.048051536999999735e+04 4.387161442069790196e-01
3.049252503000000070e+04 4.386705207545419372e-01
3.050453469000000405e+04 4.386184736103356796e-01
3.051654435000000012e+04 4.385609990870350527e-01
3.052855400999999983e+04 4.385035733165087990e-01
3.054056367000000319e+04 4.383552883266481626e-01
3.055257333000000290e+04 4.383043149585589271e-01
3.056458298999999897e+04 4.382567857222391394e-01
3.057659263999999894e+04 4.382194718658609656e-01
3.058860229999999501e+04 4.381913288888095170e-01
3.060061195999999836e+04 4.381031949225431821e-01
3.061262161999999807e+04 4.381149237931181162e-01
3.062463128000000142e+04 4.381450040429458737e-01
3.063664094000000478e+04 4.381931384511740246e-01
3.064865060000000085e+04 4.382616622407645712e-01
3.066066026000000056e+04 4.383105389753093606e-01
3.067266992000000027e+04 4.384257305851818609e-01
3.068467958000000363e+04 4.385621748901203376e-01
3.069668923999999970e+04 4.387162800493514814e-01
3.070869889999999941e+04 4.388912052204451131e-01
3.072070855999999912e+04 4.390762510860948264e-01
3.073271822000000247e+04 4.392887865310342033e-01
3.074472787999999855e+04 4.395090839455985110e-01
3.075673753000000215e+04 4.397371106012784026e-01
3.076874719000000186e+04 4.399657702544875759e-01
3.078075684999999794e+04 4.402280581541236915e-01
3.079276651000000129e+04 4.404509433855120504e-01
3.080477617000000100e+04 4.406547687249378065e-01
3.081678583000000071e+04 4.408309052293590824e-01
3.082879549000000407e+04 4.409672631048858760e-01
3.084080515000000014e+04 4.411347729202871326e-01
3.085281480999999985e+04 4.411693280448691912e-01
3.086482446999999956e+04 4.411318285609340251e-01
3.087683413000000292e+04 4.410031153764826239e-01
3.088884378999999899e+04 4.407709091384053868e-01
3.090085344999999870e+04 4.405237052560012634e-01
3.091286310999999841e+04 4.400236269151275303e-01
3.092487277000000176e+04 4.393601650886274079e-01
3.093688242000000173e+04 4.385083744918008564e-01
3.094889208000000144e+04 4.374450509246890495e-01
3.096090174000000115e+04 4.362886236435552512e-01
3.097291139999999723e+04 4.347325015392178860e-01
3.098492106000000058e+04 4.328803087171844699e-01
3.099693072000000029e+04 4.307156667805772665e-01
3.100894038000000000e+04 4.282081622321375347e-01
3.102095003999999608e+04 4.254870714575618162e-01
3.103295969999999943e+04 4.222058569918504811e-01
3.104496935999999914e+04 4.185043450794520004e-01
3.105697901999999885e+04 4.143542788907775831e-01
3.106898867999999857e+04 4.097288312066371674e-01
3.108099833999999828e+04 4.047863068911048412e-01
3.109300800000000163e+04 3.991812324891726993e-01
3.110501766000000134e+04 3.930599300945964991e-01
3.111702730999999767e+04 3.864225832379893921e-01
3.112903697000000102e+04 3.792756939662392801e-01
3.114104663000000073e+04 3.717684581426115020e-01
3.115305628999999681e+04 3.636047316245061833e-01
3.116506594999999652e+04 3.549659766782788939e-01
3.117707560999999987e+04 3.458748214498764129e-01
3.118908526999999958e+04 3.363497906424571804e-01
3.120109492999999566e+04 3.265640319480496712e-01
3.121310458999999537e+04 3.162994103443532712e-01
3.122511425000000236e+04 3.057258431257779963e-01
3.123712391000000207e+04 2.948932681545179957e-01
3.124913357000000178e+04 2.838573721784459214e-01
3.126114322999999786e+04 2.727694074323837037e-01
3.127315289000000121e+04 2.614749225194014648e-01
3.128516255000000092e+04 2.501390616182416204e-01
3.129717219999999725e+04 2.388198947965642638e-01
3.130918185999999696e+04 2.275662211002971169e-01
3.132119152000000031e+04 2.164968505723594006e-01
3.133320118000000002e+04 2.055236905711812223e-01
3.134521084000000337e+04 1.947658870072152271e-01
3.135722049999999945e+04 1.842610930527651680e-01
3.136923016000000280e+04 1.740474225683913134e-01
3.138123982000000251e+04 1.642027399047473191e-01
3.139324948000000222e+04 1.546606279002769591e-01
3.140525913999999830e+04 1.454901204005078774e-01
3.141726880000000165e+04 1.367079521333639802e-01
3.142927846000000136e+04 1.283270753856172730e-01
3.144128812000000107e+04 1.203751747180324683e-01
3.145329777999999715e+04 1.128040240618712192e-01
3.146530744000000050e+04 1.056416020703226377e-01
3.147731709000000410e+04 9.888031767072734401e-02
3.148932675000000017e+04 9.251359897085870143e-02
3.150133640999999989e+04 8.654110915834797857e-02
3.151334606999999960e+04 8.092644073314148034e-02
3.152535573000000295e+04 7.566768370392001897e-02
3.153736538999999902e+04 7.075106997378621809e-02
3.154937504999999874e+04 6.615982458240690645e-02
3.156138471000000209e+04 6.188203538158314199e-02
3.157339437000000180e+04 5.788877993266458577e-02
3.158540402999999787e+04 5.416919163071864940e-02
3.159741368999999759e+04 5.070986853630216756e-02
3.160942335000000094e+04 4.749199382112916784e-02
3.162143301000000065e+04 4.450439691829716216e-02
3.163344266999999672e+04 4.172395402000296516e-02
3.164545232999999644e+04 3.913966543402113557e-02
3.165746198000000004e+04 3.674036785336273758e-02
3.166947164000000339e+04 3.451030199489012878e-02
3.168148129999999946e+04 3.244059593173176381e-02
3.169349095999999918e+04 3.051419966277827550e-02
3.170550061999999889e+04 2.872440129880528964e-02
3.171751028000000224e+04 2.706022275912619082e-02
3.172951993999999831e+04 2.551253658216997081e-02
3.174152959999999803e+04 2.407381375782301561e-02
3.175353925999999774e+04 2.273246923647122622e-02
3.176554892000000109e+04 2.148499540076020259e-02
3.177755857999999716e+04 2.032234906039213571e-02
3.178956823999999688e+04 1.923899638511279014e-02
3.180157790000000023e+04 1.822802552094594797e-02
3.181358756000000358e+04 1.728366210455603916e-02
3.182559720999999990e+04 1.640228319044599592e-02
3.183760686999999962e+04 1.557718501360118996e-02
3.184961652999999933e+04 1.480666332933273932e-02
3.186162618999999904e+04 1.408436052463689012e-02
3.187363584999999875e+04 1.340784342334631896e-02
3.188564550999999847e+04 1.277353695943334380e-02
3.189765516999999818e+04 1.217786845186889788e-02
3.190966482999999789e+04 1.161969313988688371e-02
3.192167448999999760e+04 1.109418789497403773e-02
3.193368415000000095e+04 1.060103971222367894e-02
3.194569381000000067e+04 1.013610308025209884e-02
3.195770347000000402e+04 9.698331165344168184e-03
3.196971313000000009e+04 9.285494551922053239e-03
3.198172278999999980e+04 8.894883856703937955e-03
3.199373245000000315e+04 8.526219759733361103e-03
3.200574209999999948e+04 8.175057180264802548e-03
3.201775175999999919e+04 7.842621275829003008e-03
3.202976141999999891e+04 7.526427559128258046e-03
3.204177107999999498e+04 7.225735248522029835e-03
3.205378074000000561e+04 6.939968437584908764e-03
3.206579040000000168e+04 6.666638905693196560e-03
3.207780006000000139e+04 6.407072849346547722e-03
3.208980972000000111e+04 6.158641347981084341e-03
3.210181938000000446e+04 5.922312999367084635e-03
3.211382904000000053e+04 5.695793751035745089e-03
3.212583870000000024e+04 5.478061780222491864e-03
3.213784835999999996e+04 5.270345838704275365e-03
3.214985802000000331e+04 5.069869900712153585e-03
3.216186767999999938e+04 4.877921190553035496e-03
3.217387733999999909e+04 4.692128181687703348e-03
3.218588699000000270e+04 4.512772951446440695e-03
3.219789664999999877e+04 4.340148081263119767e-03
3.220990631000000212e+04 4.173137390593955991e-03
3.222191597000000183e+04 4.012821923210571975e-03
3.223392563000000155e+04 3.856613010182212767e-03
3.224593529000000126e+04 3.705931127444517595e-03
3.225794495000000097e+04 3.559963719635714924e-03
3.226995461000000068e+04 3.418522100909900455e-03
3.228196427000000040e+04 3.281982403471250028e-03
3.229397393000000011e+04 3.148578201200786901e-03
3.230598358999999982e+04 3.020183927647886093e-03
3.231799324999999953e+04 2.894980640650982907e-03
3.233000290999999925e+04 2.773395198905000657e-03
3.234201256999999896e+04 2.656044677286051228e-03
3.235402222999999867e+04 2.541373302021991167e-03
3.236603188000000227e+04 2.431122360993458187e-03
3.237804153999999835e+04 2.323595558151570449e-03
3.239005119999999806e+04 2.219574181842788423e-03
3.240206086000000141e+04 2.118794927007991002e-03
3.241407052000000112e+04 2.020968372268703867e-03
3.242608017999999720e+04 1.927165457260612402e-03
3.243808983999999691e+04 1.835419678888481048e-03
3.245009950000000026e+04 1.747577176074582373e-03
3.246210915999999997e+04 1.663121031738348972e-03
3.247411881999999605e+04 1.581792472827202138e-03
3.248612847999999940e+04 1.504014285948136829e-03
3.249813813999999911e+04 1.428246492833700702e-03
3.251014779999999882e+04 1.355875532095544150e-03
3.252215746000000217e+04 1.285953562657494434e-03
3.253416712000000553e+04 1.219295555489139076e-03
3.254617677000000185e+04 1.155742868717031437e-03
3.255818643000000156e+04 1.093971296310827660e-03
3.257019608999999764e+04 1.035509746782449243e-03
3.258220574999999735e+04 9.792378782661295168e-04
3.259421541000000070e+04 9.257779726204183645e-04
3.260622507000000041e+04 8.749050425469642560e-04
3.261823472999999649e+04 8.261666379378872259e-04
3.263024438999999620e+04 7.803788256034902785e-04
3.264225405000000319e+04 7.357919999022524303e-04
3.265426371000000290e+04 6.934738356533101189e-04
3.266627336999999898e+04 6.531802392944526924e-04
3.267828302999999869e+04 6.145148875056931012e-04
3.269029269000000204e+04 5.785857397381660716e-04
3.270230235000000175e+04 5.440895036803988088e-04
3.271431200999999783e+04 5.118009566931205293e-04
3.272632165999999779e+04 4.810404417272856788e-04
3.273833132000000114e+04 4.518036322597195390e-04
3.275034097999999722e+04 4.250177536515593185e-04
3.276235063999999693e+04 3.991874087429356146e-04
3.277436030000000028e+04 3.756661527865668500e-04
3.278636996000000363e+04 3.534807865529330660e-04
3.279837961999999970e+04 3.320055739820058222e-04
3.281038928000000305e+04 3.125086792684776986e-04
3.282239893999999913e+04 2.936461022233934331e-04
3.283440860000000248e+04 2.763960272798991931e-04
3.284641825999999855e+04 2.599055672171530205e-04
3.285842792000000190e+04 2.445185775056589548e-04
3.287043757999999798e+04 2.308953762907068501e-04
3.288244724000000133e+04 2.174459066032425139e-04
3.289445689000000129e+04 2.055313972545673570e-04
3.290646655000000464e+04 1.941296357187264916e-04
3.291847621000000072e+04 1.834670650799758427e-04
3.293048587000000407e+04 1.740309539628875652e-04
3.294249553000000014e+04 1.645579144320604174e-04
3.295450519000000349e+04 1.560008236457473870e-04
3.296651484999999957e+04 1.475695965312345207e-04
3.297852451000000292e+04 1.395527917826367510e-04
3.299053416999999899e+04 1.324614133551530620e-04
3.300254383000000234e+04 1.251532632786187677e-04
3.301455348999999842e+04 1.185727434946698449e-04
3.302656315000000177e+04 1.122920930002596895e-04
3.303857280999999784e+04 1.063483945904058472e-04
3.305058247000000119e+04 1.014274410229930171e-04
3.306259212999999727e+04 9.637523116925821292e-05
3.307460177999999723e+04 9.198102451100299468e-05
3.308661144000000058e+04 8.784104916612210277e-05
3.309862110000000393e+04 8.390768236491711522e-05
3.311063076000000001e+04 8.069304072112046711e-05
3.312264041999999608e+04 7.731059401323796113e-05
3.313465007999999943e+04 7.452458395734479386e-05
3.314665974000000278e+04 7.192892700291469012e-05
3.315866939999999886e+04 6.935710792009155783e-05
3.317067906000000221e+04 6.765516358460576987e-05
3.318268871999999828e+04 6.565667842481626691e-05
3.319469838000000163e+04 6.382682549808547847e-05
3.320670803999999771e+04 6.203624433332593797e-05
3.321871770000000106e+04 6.032287737930924320e-05
3.323072735999999713e+04 5.950683553171772942e-05
3.324273702000000048e+04 5.820322767215528988e-05
3.325474667000000045e+04 5.657651279630388213e-05
3.326675632999999652e+04 5.512161289895760216e-05
3.327876598999999987e+04 5.379941843602135775e-05
3.329077565000000322e+04 5.299478408040470326e-05
3.330278530999999930e+04 5.208133258960874490e-05
3.331479496999999537e+04 5.065645316333607036e-05
3.332680462999999872e+04 4.928535582131793942e-05
3.333881428999999480e+04 4.765884181808738925e-05
3.335082394999999815e+04 4.641053930656776515e-05
3.336283361000000150e+04 4.483875156871812185e-05
3.337484327000000485e+04 4.317708577096325198e-05
3.338685293000000092e+04 4.181880521773145268e-05
3.339886258999999700e+04 4.043577388054614072e-05
3.341087225000000035e+04 3.973370083759889969e-05
3.342288191000000370e+04 3.900798667172570091e-05
3.343489155999999639e+04 3.788128180657620138e-05
3.344690121999999974e+04 3.710775636666698019e-05
3.345891087999999581e+04 3.637451603187838233e-05
3.347092053999999916e+04 3.558234779101399135e-05
3.348293020000000251e+04 3.474666943915483543e-05
3.349493985999999859e+04 3.371920538459659820e-05
3.350694952000000194e+04 3.301139164070141587e-05
3.351895918000000529e+04 3.234164234254283137e-05
3.353096884000000136e+04 3.186903904982200632e-05
3.354297849999999744e+04 3.153912816190144477e-05
3.355498816000000079e+04 3.099127599539240190e-05
3.356699782000000414e+04 3.051196667399935146e-05
3.357900748000000021e+04 3.000200627030366824e-05
3.359101713999999629e+04 2.936776671836091484e-05
3.360302679999999964e+04 2.889381815842036915e-05
3.361503644999999960e+04 2.836352438093867802e-05
3.362704611000000295e+04 2.801923474290345741e-05
3.363905576999999903e+04 2.783723814370299079e-05
3.365106543000000238e+04 2.758596156823900152e-05
3.366307509000000573e+04 2.761822021572493682e-05
3.367508475000000180e+04 2.793862383626771759e-05
3.368709440999999788e+04 2.821935838286950514e-05
3.369910407000000123e+04 2.841125213191687620e-05
3.371111373000000458e+04 2.820581831021983632e-05
3.372312339000000065e+04 2.795738115188388577e-05
3.373513304999999673e+04 2.781011814252166460e-05
3.374714271000000008e+04 2.780275983489057277e-05
3.375915237000000343e+04 2.788920230863139874e-05
3.377116202999999950e+04 2.787016655393236781e-05
3.378317168999999558e+04 2.784683418374611738e-05
3.379518134000000282e+04 2.827630633420097816e-05
3.380719099999999889e+04 2.891126143963365609e-05
3.381920066000000224e+04 2.947039792171512399e-05
3.383121031999999832e+04 2.978963456716414727e-05
3.384321998000000167e+04 2.976325990719083786e-05
3.385522963999999774e+04 2.982263062300242966e-05
3.386723930000000109e+04 2.996852759155251632e-05
3.387924895999999717e+04 3.023200279708740900e-05
3.389125862000000052e+04 3.040891698394186402e-05
3.390326828000000387e+04 3.020934438301939401e-05
3.391527793999999994e+04 3.002999684323348053e-05
3.392728759999999602e+04 3.047246810660962928e-05
3.393929725999999937e+04 3.113114359927257293e-05
3.395130692000000272e+04 3.180245633090521035e-05
3.396331658000000607e+04 3.242224694097022437e-05
3.397532622999999876e+04 3.318596198978316969e-05
3.398733589000000211e+04 3.410358923132202785e-05
3.399934554999999818e+04 3.529571640776624697e-05
3.401135521000000153e+04 3.662826595086862296e-05
3.402336486999999761e+04 3.751311541929049689e-05
3.403537453000000096e+04 3.821114689175193985e-05
3.404738418999999703e+04 3.892884713615884639e-05
3.405939385000000038e+04 3.963191799937117464e-05
3.407140350999999646e+04 4.013902213573427517e-05
3.408341316999999981e+04 4.081162104716450702e-05
3.409542283000000316e+04 4.183286040164188959e-05
3.410743248999999923e+04 4.286546674523323961e-05
3.411944215000000258e+04 4.440802863606165381e-05
3.413145180999999866e+04 4.627619375565830250e-05
3.414346145999999862e+04 4.773113469739567391e-05
3.415547112000000197e+04 4.881396914728034642e-05
3.416748077999999805e+04 4.991996498499236582e-05
3.417949043999999412e+04 5.082914525243235307e-05
3.419150009999999747e+04 5.181823917974453646e-05
3.420350976000000082e+04 5.271823624919698263e-05
3.421551942000000417e+04 5.307880162764286921e-05
3.422752908000000025e+04 5.336003400641661716e-05
3.423953873999999632e+04 5.404404925380384809e-05
3.425154839999999967e+04 5.537638245783219542e-05
3.426355806000000302e+04 5.641150626458936560e-05
3.427556771999999910e+04 5.669690282224936769e-05
3.428757737999999517e+04 5.671615375759300596e-05
3.429958703999999852e+04 5.669427029280289966e-05
3.431159670000000187e+04 5.735182232094657964e-05
3.432360635000000184e+04 5.846041138558114454e-05
3.433561600999999791e+04 5.882944998291764904e-05
3.434762567000000126e+04 5.878212712049147491e-05
3.435963533000000461e+04 5.920571642451648590e-05
3.437164499000000069e+04 5.966072785968432968e-05
3.438365464999999676e+04 6.020565926020888029e-05
3.439566431000000011e+04 6.081492773005447170e-05
3.440767397000000346e+04 6.063628503236977721e-05
3.441968362999999954e+04 6.055051925936883497e-05
3.443169328999999561e+04 6.094302731835683480e-05
3.444370294999999896e+04 6.150634464546633079e-05
3.445571261000000231e+04 6.196038372873980619e-05
3.446772226999999839e+04 6.219836567888885185e-05
3.447973192999999446e+04 6.289627521830208927e-05
3.449174158999999781e+04 6.373090854293198340e-05
3.450375124000000505e+04 6.400719961578430948e-05
3.451576090000000113e+04 6.429234954525714634e-05
3.452777055999999720e+04 6.386168765973060813e-05
3.453978022000000055e+04 6.294994899961418584e-05
3.455178988000000390e+04 6.272568339816191963e-05
3.456379953999999998e+04 6.239972377068343822e-05
3.457580919999999605e+04 6.156523182351578507e-05
3.458781885999999940e+04 6.097349429404497212e-05
3.459982852000000275e+04 6.037181237173655307e-05
3.461183817999999883e+04 5.991368371051246160e-05
3.462384783999999490e+04 6.025409656115254320e-05
3.463585749999999825e+04 6.042499621373885807e-05
3.464786716000000160e+04 6.089719469079569460e-05
3.465987681999999768e+04 6.165195601734544404e-05
3.467188648000000103e+04 6.190554898304763117e-05
3.468389613000000099e+04 6.212412540374340978e-05
3.469590579000000434e+04 6.212770174498682323e-05
3.470791545000000042e+04 6.182295294180427500e-05
3.471992510999999649e+04 6.166493679561438639e-05
3.473193476999999984e+04 6.128445076486856505e-05
3.474394443000000319e+04 6.041909288453505694e-05
3.475595408999999927e+04 5.937871637716108275e-05
3.476796374999999534e+04 5.800878353970110256e-05
3.477997340999999869e+04 5.697241774292538476e-05
3.479198307000000204e+04 5.630531731998029336e-05
3.480399273000000539e+04 5.535350607504129926e-05
3.481600239000000147e+04 5.481211236955227162e-05
3.482801205000000482e+04 5.427358243629349028e-05
3.484002171000000089e+04 5.381403391817139595e-05
3.485203137000000424e+04 5.411008821956787655e-05
3.486404101999999693e+04 5.384210275636860347e-05
3.487605068000000028e+04 5.311798546012948052e-05
3.488806034000000363e+04 5.270910394206309294e-05
3.490006999999999971e+04 5.164827964501059594e-05
3.491207966000000306e+04 5.084164105500969761e-05
3.492408931999999913e+04 5.069088290337976448e-05
3.493609898000000248e+04 4.972039469300828921e-05
3.494810863999999856e+04 4.909328641691809519e-05
3.496011830000000191e+04 4.938955686528376140e-05
3.497212795999999798e+04 4.936996142009318313e-05
3.498413762000000133e+04 4.988870310580392607e-05
3.499614727999999741e+04 5.038061728172518766e-05
3.500815694000000076e+04 4.953125061069439824e-05
3.502016659999999683e+04 4.905357317604729409e-05
3.503217626000000018e+04 4.884167525995839111e-05
3.504418591000000015e+04 4.793002878617463978e-05
3.505619557000000350e+04 4.768905866774885143e-05
3.506820522999999957e+04 4.739787482826584593e-05
3.508021489000000292e+04 4.700727746989617951e-05
3.509222455000000627e+04 0.000000000000000000e+00
3.510423421000000963e+04 0.000000000000000000e+00
