# Detector-averaged total system transmission from column 1 of tables 2 and 3 from https://jwst-docs.stsci.edu/jwst-near-infrared-camera/nircam-instrumentation/nircam-filters
2.296355304999999498e+04 0.000000000000000000e+00
2.297963396999999895e+04 0.000000000000000000e+00
2.299571488999999929e+04 7.222730997421456914e-07
2.301179580999999962e+04 1.287890362317725198e-06
2.302787672999999631e+04 7.688693759399595932e-07
2.304395765000000029e+04 2.270140724950167683e-07
2.306003857000000426e+04 1.399315547801812246e-07
2.307611949000000095e+04 2.582542206271663634e-07
2.309220041000000128e+04 8.990873839181122156e-07
2.310828132999999798e+04 3.804069156610928924e-06
2.312436224999999831e+04 1.837897059855599665e-06
2.314044316999999864e+04 1.275699551073615720e-06
2.315652408999999534e+04 1.865647230719858141e-06
2.317260501000000295e+04 4.564273321112667840e-06
2.318868591999999990e+04 1.417392386101991712e-05
2.320476684000000387e+04 1.301205422838933857e-05
2.322084776000000056e+04 1.284365078736648304e-05
2.323692868000000090e+04 1.432751144251749419e-05
2.325300959999999759e+04 2.093971913535434785e-05
2.326909052000000156e+04 2.775906013037374642e-05
2.328517144000000189e+04 3.730427487707176808e-05
2.330125235999999859e+04 4.938900127364342652e-05
2.331733327999999892e+04 5.311593103928170410e-05
2.333341419999999925e+04 4.884466898845306250e-05
2.334949511999999959e+04 4.526929361751181756e-05
2.336557604000000356e+04 5.990778089072223029e-05
2.338165696000000025e+04 9.033363340421613895e-05
2.339773788000000059e+04 1.329609165708845126e-04
2.341381879999999728e+04 9.962446609901418233e-05
2.342989971999999761e+04 8.663898324687017353e-05
2.344598063999999795e+04 9.356124087643044953e-05
2.346206156000000192e+04 1.238142833043868985e-04
2.347814248000000225e+04 1.856199097213615955e-04
2.349422340000000258e+04 1.846941563571506196e-04
2.351030431000000317e+04 1.782700644142439709e-04
2.352638522999999986e+04 1.817440854600016107e-04
2.354246615000000020e+04 2.219803764745929679e-04
2.355854706999999689e+04 2.721014120500436784e-04
2.357462798999999723e+04 3.368886060445206972e-04
2.359070891000000120e+04 3.971035826063968243e-04
2.360678982999999789e+04 4.606974856642979867e-04
2.362287075000000186e+04 5.417642271386066688e-04
2.363895166999999856e+04 6.245640100069690817e-04
2.365503258999999889e+04 7.499376234584035012e-04
2.367111351000000286e+04 9.648763541034295578e-04
2.368719442999999956e+04 1.216403622587978800e-03
2.370327534999999989e+04 1.508160187187133341e-03
2.371935627000000022e+04 1.773820594852286523e-03
2.373543718999999692e+04 2.110709021908809945e-03
2.375151811000000453e+04 2.611220440301962459e-03
2.376759903000000122e+04 3.249160659852516012e-03
2.378367995000000155e+04 4.038971726438508013e-03
2.379976087000000189e+04 4.873501724866554502e-03
2.381584178999999858e+04 5.890256073783203469e-03
2.383192270999999892e+04 7.160355089792428893e-03
2.384800361999999950e+04 8.774532825214734905e-03
2.386408453999999620e+04 1.075139971980979686e-02
2.388016545999999653e+04 1.301897444426285827e-02
2.389624638000000050e+04 1.564798407308000405e-02
2.391232730000000083e+04 1.881530506160852129e-02
2.392840822000000117e+04 2.226299164023189461e-02
2.394448914000000150e+04 2.631066515445419293e-02
2.396057005999999819e+04 3.100553251976328334e-02
2.397665098000000216e+04 3.596768617699445947e-02
2.399273189999999886e+04 4.175049748046581743e-02
2.400881281999999919e+04 4.810437984450198490e-02
2.402489374000000316e+04 5.487606839848595264e-02
2.404097465999999986e+04 6.259961486331701297e-02
2.405705558000000019e+04 7.097392084964398995e-02
2.407313649999999689e+04 8.024954363384981249e-02
2.408921742000000086e+04 9.068298095244352319e-02
2.410529834000000119e+04 1.016255843870600140e-01
2.412137925999999788e+04 1.136920283464916831e-01
2.413746017999999822e+04 1.270313191950763199e-01
2.415354109999999855e+04 1.405333255509570445e-01
2.416962200999999914e+04 1.553834999457292532e-01
2.418570293000000311e+04 1.711392868115911292e-01
2.420178385000000344e+04 1.860728867027549027e-01
2.421786477000000014e+04 2.022563459540994701e-01
2.423394569000000047e+04 2.181481276634041899e-01
2.425002661000000080e+04 2.329335287130515353e-01
2.426610752999999750e+04 2.488333350203501548e-01
2.428218844999999783e+04 2.632863257024498638e-01
2.429826936999999452e+04 2.770035939849283535e-01
2.431435029000000213e+04 2.921320900216526906e-01
2.433043121000000247e+04 3.050039323238443179e-01
2.434651212999999916e+04 3.179089472475610245e-01
2.436259304999999949e+04 3.322305312395129606e-01
2.437867396999999619e+04 3.431823805363412028e-01
2.439475489000000016e+04 3.549382487277183418e-01
2.441083581000000049e+04 3.671711092562127687e-01
2.442691672999999719e+04 3.754349624114468598e-01
2.444299765000000116e+04 3.843094170928788578e-01
2.445907857000000513e+04 3.924373456252447934e-01
2.447515949000000182e+04 3.977079163339987122e-01
2.449124039999999877e+04 4.030982176548242868e-01
2.450732132000000274e+04 4.069760519806931987e-01
2.452340223999999944e+04 4.088595028971413470e-01
2.453948315999999977e+04 4.109744024547225538e-01
2.455556408000000010e+04 4.122638034238975124e-01
2.457164499999999680e+04 4.128609809360827554e-01
2.458772591999999713e+04 4.136820249368257651e-01
2.460380684000000110e+04 4.140303206777738998e-01
2.461988776000000144e+04 4.144186127816024134e-01
2.463596868000000177e+04 4.145815897121893912e-01
2.465204959999999846e+04 4.146716388995945746e-01
2.466813051999999880e+04 4.149512102782408896e-01
2.468421144000000277e+04 4.150045983038682107e-01
2.470029235999999946e+04 4.152384674383988727e-01
2.471637327999999980e+04 4.156857825807001028e-01
2.473245420000000013e+04 4.159075981178911308e-01
2.474853512000000046e+04 4.160926310229258740e-01
2.476461604000000079e+04 4.162617967923421536e-01
2.478069696000000113e+04 4.164318159009703368e-01
2.479677788000000146e+04 4.167913357478256753e-01
2.481285879000000205e+04 4.169199653573085751e-01
2.482893970999999874e+04 4.172760469901657387e-01
2.484502062999999907e+04 4.176022311283547062e-01
2.486110154999999941e+04 4.177068739618012838e-01
2.487718246999999610e+04 4.180374728968588860e-01
2.489326339000000371e+04 4.181105506303808284e-01
2.490934431000000404e+04 4.184079580523356601e-01
2.492542523000000074e+04 4.187034761680989980e-01
2.494150615000000107e+04 4.189360134596181728e-01
2.495758706999999777e+04 4.191711661436006153e-01
2.497366798999999810e+04 4.194062254009943702e-01
2.498974891000000207e+04 4.195328270974745255e-01
2.499778162000000157e+04 4.114987236278834226e-01
2.501129393000000346e+04 4.115957504280492452e-01
2.502480623999999807e+04 4.116093704298037781e-01
2.503831855999999607e+04 4.116246336105507941e-01
2.505183086999999796e+04 4.116342635802801020e-01
2.506534318999999959e+04 4.115926887624820063e-01
2.507885550000000148e+04 4.115274694525732357e-01
2.509236781999999948e+04 4.114423449070441219e-01
2.510588013000000137e+04 4.113513810638037560e-01
2.511939243999999962e+04 4.112480286571214561e-01
2.513290476000000490e+04 4.111686787204410498e-01
2.514641706999999951e+04 4.110743618883133665e-01
2.515992939000000115e+04 4.110088751483283454e-01
2.517344169999999940e+04 4.109930520565293621e-01
2.518695401999999740e+04 4.109859531010808253e-01
2.520046632999999929e+04 4.110214470943323595e-01
2.521397865000000093e+04 4.110935567090319154e-01
2.522749095999999918e+04 4.111777581281997884e-01
2.524100327000000107e+04 4.112923979801109131e-01
2.525451558999999907e+04 4.115106992824580923e-01
2.526802790000000095e+04 4.117004688488021813e-01
2.528154022000000259e+04 4.119714380981535085e-01
2.529505253000000084e+04 4.122489675098074402e-01
2.530856484999999884e+04 4.125236309822764014e-01
2.532207715999999709e+04 4.127784816039704596e-01
2.533558947999999873e+04 4.131551474023532622e-01
2.534910179000000062e+04 4.135151089812778569e-01
2.536261410000000251e+04 4.136947504081777138e-01
2.537612642000000051e+04 4.141228137539205711e-01
2.538963873000000240e+04 4.143741800094376537e-01
2.540315105000000403e+04 4.145869868346340192e-01
2.541666335999999501e+04 4.146348511728483177e-01
2.543017568000000392e+04 4.145746640079892575e-01
2.544368798999999854e+04 4.147228674977051499e-01
2.545720030000000042e+04 4.147518013349931199e-01
2.547071261999999842e+04 4.145032509104487617e-01
2.548422493000000031e+04 4.142802284060334572e-01
2.549773725000000195e+04 4.140908864062563532e-01
2.551124956000000384e+04 4.136477306121445485e-01
2.552476187999999820e+04 4.131265084698545476e-01
2.553827419000000009e+04 4.128895775419854641e-01
2.555178651000000173e+04 4.125434353520880393e-01
2.556529881999999998e+04 4.119565643271018152e-01
2.557881113000000187e+04 4.113897790260031551e-01
2.559232344999999987e+04 4.107467398691239113e-01
2.560583575999999812e+04 4.096211665219051667e-01
2.561934808000000339e+04 4.088275830379451969e-01
2.563286039000000164e+04 4.083931579131537815e-01
2.564637270999999964e+04 4.079050833899323103e-01
2.565988502000000153e+04 4.078994070709627828e-01
2.567339732999999978e+04 4.074999118043466928e-01
2.568690964999999778e+04 4.068785590680521480e-01
2.570042195999999603e+04 4.063914329772578271e-01
2.571393427999999767e+04 4.067151452252910637e-01
2.572744658999999956e+04 4.060950432251708153e-01
2.574095890999999756e+04 4.062614114974248958e-01
2.575447121999999945e+04 4.068101874514380989e-01
2.576798354000000108e+04 4.066402066185299535e-01
2.578149585000000297e+04 4.076514629159601055e-01
2.579500816000000486e+04 4.082535180260822294e-01
2.580852048000000286e+04 4.084726426471632088e-01
2.582203278999999748e+04 4.095288535834406551e-01
2.583554510999999911e+04 4.097862829543617025e-01
2.584905742000000100e+04 4.113883715953471354e-01
2.586256973999999900e+04 4.126867958953523985e-01
2.587608205000000089e+04 4.136249128512035078e-01
2.588959437000000253e+04 4.151707831559672268e-01
2.590310667999999714e+04 4.167925783013221031e-01
2.591661898999999903e+04 4.180571970906081791e-01
2.593013131000000067e+04 4.191691473930728717e-01
2.594364361999999892e+04 4.187068132350905136e-01
2.595715593999999692e+04 4.210053996003868537e-01
2.597066824999999881e+04 4.236454820081522743e-01
2.598418057000000044e+04 4.250309526869830989e-01
2.599769288000000233e+04 4.261594864977623076e-01
2.601120519000000058e+04 4.265788389795590607e-01
2.602471750999999858e+04 4.270291943515793776e-01
2.603822982000000047e+04 4.271957192281630178e-01
2.605174214000000211e+04 4.264070664162213364e-01
2.606525445000000400e+04 4.272993813028082566e-01
2.607876677000000200e+04 4.274899875553678785e-01
2.609227907999999661e+04 4.269965786032404731e-01
2.610579140000000189e+04 4.270859743207483517e-01
2.611930371000000014e+04 4.269216272008847790e-01
2.613281601999999839e+04 4.259009007420017090e-01
2.614632834000000003e+04 4.249307360956366963e-01
2.615984065000000192e+04 4.240990021742658267e-01
2.617335296999999991e+04 4.236599771161284611e-01
2.618686528000000180e+04 4.242699763195054707e-01
2.620037760000000344e+04 4.231264604042522248e-01
2.621388990999999805e+04 4.234528039816664036e-01
2.622740221999999994e+04 4.235071501196266963e-01
2.624091453999999794e+04 4.230681772472671409e-01
2.625442684999999983e+04 4.223297854158020170e-01
2.626793917000000147e+04 4.212908296336434488e-01
2.628145148000000336e+04 4.215915006379926666e-01
2.629496380000000136e+04 4.205752543162155632e-01
2.630847610999999961e+04 4.198579700052358366e-01
2.632198843000000124e+04 4.205435471735895492e-01
2.633550074000000313e+04 4.199720593749002306e-01
2.634901305000000139e+04 4.199445805020952660e-01
2.636252536999999938e+04 4.199810620615750389e-01
2.637603768000000127e+04 4.198779962124382648e-01
2.638954999999999563e+04 4.198421717367141204e-01
2.640306230999999752e+04 4.198545276338221388e-01
2.641657462999999916e+04 4.197937372612524087e-01
2.643008694000000105e+04 4.200097198386195663e-01
2.644359925000000294e+04 4.201799487515383014e-01
2.645711157000000094e+04 4.201335470787539994e-01
2.647062387999999555e+04 4.208050805719966703e-01
2.648413620000000083e+04 4.212257629319409169e-01
2.649764850999999908e+04 4.216114955625441252e-01
2.651116082999999708e+04 4.209431007165553851e-01
2.652467313999999897e+04 4.207836556964690278e-01
2.653818546000000060e+04 4.215996457070678716e-01
2.655169777000000249e+04 4.215861266442029742e-01
2.656521008000000438e+04 4.221227334204219472e-01
2.657872240000000238e+04 4.225331480106544468e-01
2.659223470999999699e+04 4.222440492798015810e-01
2.660574703000000591e+04 4.226331166426577912e-01
2.661925933999999688e+04 4.229217741679242026e-01
2.663277165999999852e+04 4.228918108357848649e-01
2.664628397000000041e+04 4.219512302420538319e-01
2.665979628999999841e+04 4.220206032071772140e-01
2.667330860000000030e+04 4.220059746114343535e-01
2.668682090999999855e+04 4.228842553239879898e-01
2.670033323000000019e+04 4.210650334379197890e-01
2.671384554000000207e+04 4.220762810104989327e-01
2.672735786000000007e+04 4.228876480335216348e-01
2.674087016999999832e+04 4.225141517380320844e-01
2.675438248999999996e+04 4.218495783315583392e-01
2.676789480000000185e+04 4.214154689441080848e-01
2.678140711000000010e+04 4.215334959208819621e-01
2.679491942999999810e+04 4.213190325705344907e-01
2.680843173999999999e+04 4.219462506792983070e-01
2.682194406000000163e+04 4.215873393985264395e-01
2.683545637000000352e+04 4.210836955940812087e-01
2.684896869000000152e+04 4.211162232162190544e-01
2.686248099999999977e+04 4.206956879328844212e-01
2.687599331999999413e+04 4.207399117291127366e-01
2.688950562999999602e+04 4.205766775808212898e-01
2.690301793999999791e+04 4.205498150274288305e-01
2.691653025999999954e+04 4.203395226769214843e-01
2.693004257000000143e+04 4.196016600531035090e-01
2.694355488999999943e+04 4.194873624324576555e-01
2.695706720000000132e+04 4.198718855773048153e-01
2.697057952000000296e+04 4.203434418701409436e-01
2.698409183000000485e+04 4.205075565908635293e-01
2.699760413999999946e+04 4.205296222723541311e-01
2.701111645999999746e+04 4.212800291567914690e-01
2.702462876999999935e+04 4.218263189809871028e-01
2.703814109000000099e+04 4.221932416295747226e-01
2.705165340000000288e+04 4.225309708966908384e-01
2.706516572000000087e+04 4.228058281092094139e-01
2.707867802999999913e+04 4.228073411414574601e-01
2.709219035000000440e+04 4.227924368467429472e-01
2.710570266000000265e+04 4.226435368745052878e-01
2.711921496999999727e+04 4.235141490011690157e-01
2.713272728999999890e+04 4.245519459158770270e-01
2.714623960000000079e+04 4.247850449252335014e-01
2.715975191999999879e+04 4.249840578920667244e-01
2.717326422999999704e+04 4.251176371162502243e-01
2.718677654999999868e+04 4.252968547548408029e-01
2.720028886000000057e+04 4.243938897929225296e-01
2.721380117000000246e+04 4.250455209800012568e-01
2.722731349000000046e+04 4.259453847435995533e-01
2.724082579999999871e+04 4.253259060778510348e-01
2.725433812000000398e+04 4.258317574046994736e-01
2.726785042999999860e+04 4.265376141453797731e-01
2.728136274999999659e+04 4.268178548473773870e-01
2.729487505999999848e+04 4.268372546511739474e-01
2.730838738000000012e+04 4.267547449468940268e-01
2.732189969000000201e+04 4.267944105016282519e-01
2.733541200000000390e+04 4.265507320469787977e-01
2.734892432000000190e+04 4.259008291805868041e-01
2.736243663000000379e+04 4.264126381860040005e-01
2.737594894999999815e+04 4.261375956199005000e-01
2.738946125999999640e+04 4.250655938820949720e-01
2.740297357999999804e+04 4.248055899985191397e-01
2.741648588999999993e+04 4.251542492578389010e-01
2.742999820999999793e+04 4.256199955584296646e-01
2.744351051999999981e+04 4.256979050960232325e-01
2.745702282999999807e+04 4.254638648936134859e-01
2.747053515000000334e+04 4.254374930366465746e-01
2.748404746000000159e+04 4.252850912488117530e-01
2.749755977999999959e+04 4.252068747181188546e-01
2.751107208999999784e+04 4.243815450606673867e-01
2.752458441000000312e+04 4.236722507845295804e-01
2.753809672000000137e+04 4.227362025807506196e-01
2.755160903000000326e+04 4.205188081425483837e-01
2.756512134999999762e+04 4.205704543904524861e-01
2.757863365999999951e+04 4.207049313511092015e-01
2.759214598000000115e+04 4.196824773947507858e-01
2.760565828999999940e+04 4.191092483786302836e-01
2.761917061000000103e+04 4.181587086819575916e-01
2.763268292000000292e+04 4.176708491123493627e-01
2.764619524000000092e+04 4.181149577316537469e-01
2.765970754999999554e+04 4.182714162557866766e-01
2.767321985999999742e+04 4.181293960049057845e-01
2.768673217999999906e+04 4.185084564388102946e-01
2.770024449000000095e+04 4.186114614234670017e-01
2.771375680999999895e+04 4.190119465067698723e-01
2.772726912000000084e+04 4.197115187285028193e-01
2.774078144000000248e+04 4.203584078044732553e-01
2.775429375000000437e+04 4.207601069052760989e-01
2.776780605999999898e+04 4.211200857890026739e-01
2.778131837999999698e+04 4.217115625688754310e-01
2.779483068999999887e+04 4.222634005518564604e-01
2.780834301000000050e+04 4.227337547924034378e-01
2.782185532000000239e+04 4.233893037593682296e-01
2.783536764000000039e+04 4.240687352263389220e-01
2.784887995000000228e+04 4.246769174830766769e-01
2.786239226999999664e+04 4.249291151308490777e-01
2.787590457999999853e+04 4.254412099495104571e-01
2.788941689000000042e+04 4.264115439961216336e-01
2.790292921000000206e+04 4.272645429053809063e-01
2.791644152000000031e+04 4.278111422478348969e-01
2.792995383999999831e+04 4.283002956563644048e-01
2.794346614999999656e+04 4.289414951564256562e-01
2.795697847000000183e+04 4.294419300811000983e-01
2.797049078000000009e+04 4.300008098143311974e-01
2.798400309000000198e+04 4.304475940061541772e-01
2.799751540999999997e+04 4.308435323053909638e-01
2.801102772000000186e+04 4.311300923420225972e-01
2.802454004000000350e+04 4.310104831144218052e-01
2.803805235000000175e+04 4.313938907420929447e-01
2.805156466999999611e+04 4.320857605657352218e-01
2.806507697999999800e+04 4.324589406862265895e-01
2.807858929999999964e+04 4.326633089564344559e-01
2.809210160999999789e+04 4.328203216083389426e-01
2.810561391999999978e+04 4.330175226047925929e-01
2.811912624000000142e+04 4.331274329057214212e-01
2.813263855000000331e+04 4.331622771179834408e-01
2.814615087000000131e+04 4.331473367902358707e-01
2.815966317999999592e+04 4.332487482736183670e-01
2.817317550000000119e+04 4.332648790348305745e-01
2.818668780999999944e+04 4.331321287195564751e-01
2.820020012999999744e+04 4.330044788740644579e-01
2.821371243999999933e+04 4.330786018512923219e-01
2.822722475000000122e+04 4.332346983319756983e-01
2.824073707000000286e+04 4.332752787319161802e-01
2.825424938000000111e+04 4.332999900608294208e-01
2.826776169999999911e+04 4.333100723101959706e-01
2.828127401000000100e+04 4.333093988837490862e-01
2.829478633000000264e+04 4.334123458784664429e-01
2.830829864000000089e+04 4.334689725649159553e-01
2.832181094999999550e+04 4.334093048686820659e-01
2.833532327000000078e+04 4.334095712769456266e-01
2.834883557999999903e+04 4.334791769021494878e-01
2.836234789999999703e+04 4.334992274886273478e-01
2.837586020999999892e+04 4.336124242903902637e-01
2.838937253000000055e+04 4.337901978679390425e-01
2.840288484000000244e+04 4.338600277404826011e-01
2.841639716000000044e+04 4.339943236417882488e-01
2.842990946999999505e+04 4.341648976319651965e-01
2.844342177999999694e+04 4.342459683207268162e-01
2.845693409999999858e+04 4.344321260145463937e-01
2.847044641000000047e+04 4.344935078488352254e-01
2.848395872999999847e+04 4.346369829276295893e-01
2.849747104000000036e+04 4.348129524034235471e-01
2.851098336000000199e+04 4.350125046289472497e-01
2.852449567000000388e+04 4.352307258424510383e-01
2.853800798000000577e+04 4.353674717389052207e-01
2.855152030000000013e+04 4.355486569514378514e-01
2.856503260999999839e+04 4.358270688388005132e-01
2.857854492999999638e+04 4.360531421163166277e-01
2.859205723999999827e+04 4.362085816868742638e-01
2.860556955999999991e+04 4.363961293194263957e-01
2.861908187000000180e+04 4.366177399266387149e-01
2.863259418999999980e+04 4.368094022800623755e-01
2.864610649999999805e+04 4.369919277471172592e-01
2.865961880999999994e+04 4.371276790173787563e-01
2.867313113000000158e+04 4.372914207148206889e-01
2.868664343999999983e+04 4.374830487615467001e-01
2.870015575999999783e+04 4.376445128102387505e-01
2.871366806999999972e+04 4.377140278128223150e-01
2.872718039000000135e+04 4.378606024898603066e-01
2.874069269999999960e+04 4.380645421551701002e-01
2.875420501000000149e+04 4.381620981149063621e-01
2.876771732999999949e+04 4.382230603299745453e-01
2.878122964000000138e+04 4.383661278338422118e-01
2.879474196000000302e+04 4.384386721293842548e-01
2.880825427000000491e+04 4.384998353809151928e-01
2.882176659000000291e+04 4.386432542156044612e-01
2.883527889999999752e+04 4.386615314019861600e-01
2.884879121999999552e+04 4.386789673779120657e-01
2.886230352999999741e+04 4.387657816504421660e-01
2.887581583999999930e+04 4.387873163488099637e-01
2.888932816000000093e+04 4.388316208797379270e-01
2.890284047000000282e+04 4.389096026850621834e-01
2.891635279000000082e+04 4.389360528680844586e-01
2.892986509999999907e+04 4.389474253098618606e-01
2.894337742000000435e+04 4.390186224576221874e-01
2.895688972999999896e+04 4.390480716156091034e-01
2.897040204999999696e+04 4.391010966779427815e-01
2.898391435999999885e+04 4.391483982981643219e-01
2.899742667000000074e+04 4.391247270149799542e-01
2.901093899000000238e+04 4.391185573001146203e-01
2.902445130000000427e+04 4.392380699158765500e-01
2.903796361999999863e+04 4.393091328676187457e-01
2.905147593000000052e+04 4.393039127584952852e-01
2.906498825000000215e+04 4.393954368147748868e-01
2.907850056000000041e+04 4.394968009922507468e-01
2.909201286999999866e+04 4.394794861804492969e-01
2.910552519000000029e+04 4.395666831085651149e-01
2.911903749999999854e+04 4.396504326225521009e-01
2.913254981999999654e+04 4.395833002857023608e-01
2.914606212999999843e+04 4.396890302767330061e-01
2.915957445000000007e+04 4.397970157175862815e-01
2.917308676000000196e+04 4.397104461328358860e-01
2.918659907999999996e+04 4.397848596082142292e-01
2.920011139000000185e+04 4.396966920557947578e-01
2.921362369999999646e+04 4.397703768313256378e-01
2.922713601999999810e+04 4.398331763242788739e-01
2.924064832999999999e+04 4.397098344577488049e-01
2.925416064999999799e+04 4.398103729502608195e-01
2.926767295999999988e+04 4.398890617700257355e-01
2.928118528000000151e+04 4.397034243964604294e-01
2.929469759000000340e+04 4.397718406642789346e-01
2.930820989999999802e+04 4.398100905663992477e-01
2.932172222000000329e+04 4.396106029580622576e-01
2.933523452999999790e+04 4.396400588314478552e-01
2.934874684999999954e+04 4.396217923750408429e-01
2.936225915999999779e+04 4.393823785240319468e-01
2.937577147999999943e+04 4.393727220738472550e-01
2.938928379000000132e+04 4.393800962666844501e-01
2.940279610999999932e+04 4.391366495421695215e-01
2.941630841999999757e+04 4.391177689663198214e-01
2.942982072999999946e+04 4.390509573374319352e-01
2.944333305000000109e+04 4.388581977214556229e-01
2.945684536000000298e+04 4.388316015702394823e-01
2.947035768000000098e+04 4.386486454321443795e-01
2.948386998999999923e+04 4.386465125271254983e-01
2.949738231000000087e+04 4.385811479021497483e-01
2.951089462000000276e+04 4.384118536778959796e-01
2.952440693999999712e+04 4.383302176549542239e-01
2.953791924999999901e+04 4.382561844343231816e-01
2.955143156000000090e+04 4.381570815543570641e-01
2.956494387999999890e+04 4.381198751607885411e-01
2.957845619000000079e+04 4.380751897681324225e-01
2.959196851000000242e+04 4.380114498432784442e-01
2.960548081999999704e+04 4.379787466860752265e-01
2.961899313999999504e+04 4.379294367921032771e-01
2.963250544999999693e+04 4.379505177187084097e-01
2.964601775999999882e+04 4.379426202886901320e-01
2.965953008000000045e+04 4.379769671300469680e-01
2.967304239000000234e+04 4.381145166162214721e-01
2.968655471000000034e+04 4.381407116594746576e-01
2.970006702000000223e+04 4.382980755211847712e-01
2.971357934000000387e+04 4.383530913712819221e-01
2.972709165000000212e+04 4.384643430446481527e-01
2.974060397000000012e+04 4.387556795531902809e-01
2.975411627999999837e+04 4.389227658288037404e-01
2.976762859000000026e+04 4.390781903648108830e-01
2.978114091000000190e+04 4.394510513517904116e-01
2.979465321999999651e+04 4.396502015927907792e-01
2.980816554000000178e+04 4.398835342292269357e-01
2.982167785000000003e+04 4.403799581889321635e-01
2.983519016999999803e+04 4.406908933602798895e-01
2.984870247999999992e+04 4.410121544980362129e-01
2.986221478999999817e+04 4.415481847851143726e-01
2.987572710999999981e+04 4.418834520432817214e-01
2.988923942000000170e+04 4.422415145145897619e-01
2.990275173999999606e+04 4.428901487199931042e-01
2.991626404999999795e+04 4.432794154608631354e-01
2.992977636999999959e+04 4.437004814183248547e-01
2.994328868000000148e+04 4.443886313812922539e-01
2.995680099999999948e+04 4.448154724776779423e-01
2.997031331000000137e+04 4.454723663232293407e-01
2.998382561999999598e+04 4.458997602923916448e-01
2.999733794000000489e+04 4.463669973860904250e-01
3.001085024999999951e+04 4.468638665551997735e-01
3.002436256999999750e+04 4.473687686883531800e-01
3.003787487999999939e+04 4.478575765321505253e-01
3.005138719999999739e+04 4.485719972399708211e-01
3.006489950999999928e+04 4.490309300856623609e-01
3.007841182000000117e+04 4.494871778974933729e-01
3.009192414000000281e+04 4.501300896257731665e-01
3.010543645000000106e+04 4.505827168193295984e-01
3.011894876999999906e+04 4.510215732194275962e-01
3.013246107999999731e+04 4.515979669280085762e-01
3.014597339999999895e+04 4.519846703373560648e-01
3.015948571000000084e+04 4.523415735972470264e-01
3.017299802999999883e+04 4.528113024582041124e-01
3.018651034000000072e+04 4.531361009492034242e-01
3.020002264999999898e+04 4.535602259027350924e-01
3.021353497000000061e+04 4.538336248439332477e-01
3.022704728000000250e+04 4.540890564326588996e-01
3.024055960000000050e+04 4.543864787175275199e-01
3.025407190999999875e+04 4.545971222822141056e-01
3.026758423000000403e+04 4.547412872262424077e-01
3.028109653999999500e+04 4.548949924462039607e-01
3.029460886000000028e+04 4.550136921847548477e-01
3.030812116999999853e+04 4.551187744878625874e-01
3.032163348000000042e+04 4.551790569340005144e-01
3.033514579999999842e+04 4.552366059545468469e-01
3.034865811000000031e+04 4.552771492080700533e-01
3.036217043000000194e+04 4.552375012121206987e-01
3.037568274000000383e+04 4.552312295177860513e-01
3.038919506000000183e+04 4.551917790090607707e-01
3.040270736999999644e+04 4.550904366009649316e-01
3.041621967999999833e+04 4.550401728101742815e-01
3.042973199999999997e+04 4.549928563257773506e-01
3.044324431000000186e+04 4.548202780419797753e-01
3.045675662999999986e+04 4.547413261972352849e-01
3.047026894000000175e+04 4.545550649290369671e-01
3.048378126000000339e+04 4.544838524312680983e-01
3.049729357000000527e+04 4.544024500780001197e-01
3.051080588999999964e+04 4.542339184570196586e-01
3.052431819999999789e+04 4.541577317438745265e-01
3.053783050999999978e+04 4.540916539904147342e-01
3.055134282999999778e+04 4.539224807565206410e-01
3.056485513999999966e+04 4.538954028169710497e-01
3.057836746000000130e+04 4.538652087711828598e-01
3.059187976999999955e+04 4.537490403325581401e-01
3.060539208999999755e+04 4.537237903285267770e-01
3.061890439999999944e+04 4.537207843418469833e-01
3.063241671000000133e+04 4.536816194580292061e-01
3.064592903000000297e+04 4.537255887165143609e-01
3.065944134000000122e+04 4.537769897662095042e-01
3.067295365999999922e+04 4.537936682579456482e-01
3.068646596999999747e+04 4.538946684049008917e-01
3.069997828999999911e+04 4.540089353008371909e-01
3.071349060000000100e+04 4.541361802983210350e-01
3.072700291999999899e+04 4.542613512216840954e-01
3.074051523000000088e+04 4.544467906059890816e-01
3.075402754000000277e+04 4.546434126929563280e-01
3.076753986000000441e+04 4.548596840918149864e-01
3.078105216999999539e+04 4.551173629038098856e-01
3.079456448999999702e+04 4.553717453252598135e-01
3.080807679999999891e+04 4.556078646474118199e-01
3.082158911999999691e+04 4.559438813706596094e-01
3.083510142999999880e+04 4.562276731722153533e-01
3.084861374000000069e+04 4.565349776907055013e-01
3.086212606000000233e+04 4.569392157111019648e-01
3.087563837000000422e+04 4.572955532571368886e-01
3.088915068999999858e+04 4.576352256779161465e-01
3.090266299999999683e+04 4.581258992507122318e-01
3.091617532000000210e+04 4.585111109996244938e-01
3.092968763000000035e+04 4.588847714431281144e-01
3.094319994999999835e+04 4.593578115911274851e-01
3.095671226000000024e+04 4.597367501851100657e-01
3.097022456999999849e+04 4.602682354890401673e-01
3.098373689000000377e+04 4.606531274273210075e-01
3.099724920000000202e+04 4.610301589002071543e-01
3.101076152000000002e+04 4.615939817712672588e-01
3.102427383000000191e+04 4.619691741396302342e-01
3.103778614999999991e+04 4.623445945591542205e-01
3.105129845999999816e+04 4.628727126078758802e-01
3.106481077999999980e+04 4.632413560149653553e-01
3.107832308999999805e+04 4.636218574183604280e-01
3.109183539999999994e+04 4.641798623655838396e-01
3.110534771999999793e+04 4.645030206288086605e-01
3.111886002999999982e+04 4.648454836459061101e-01
3.113237235000000146e+04 4.653705436895108072e-01
3.114588466000000335e+04 4.656906663446108707e-01
3.115939698000000135e+04 4.660043512994710424e-01
3.117290928999999596e+04 4.665230728463196641e-01
3.118642159999999785e+04 4.668361516618448892e-01
3.119993391999999949e+04 4.671415529414596479e-01
3.121344623000000138e+04 4.675968386367195806e-01
3.122695854999999938e+04 4.678717102851144283e-01
3.124047086000000127e+04 4.683086935012320540e-01
3.125398318000000290e+04 4.685789285208247779e-01
3.126749548999999752e+04 4.688304817502454425e-01
3.128100781000000279e+04 4.692557432886194091e-01
3.129452012000000104e+04 4.695014333439377907e-01
3.130803242999999929e+04 4.697471191983864092e-01
3.132154474999999729e+04 4.701220617474758390e-01
3.133505705999999918e+04 4.703483721678520246e-01
3.134856938000000082e+04 4.705511310264619551e-01
3.136208169000000271e+04 4.709060709826028424e-01
3.137559400999999707e+04 4.711226286634576654e-01
3.138910631999999896e+04 4.713396221865016056e-01
3.140261863000000085e+04 4.716666964360732850e-01
3.141613095000000249e+04 4.718971781056369719e-01
3.142964326000000074e+04 4.721069490763723508e-01
3.144315557999999874e+04 4.724258624450457522e-01
3.145666788999999699e+04 4.726134535298435191e-01
3.147018021000000226e+04 4.729188929431727972e-01
3.148369252000000051e+04 4.731522821826767977e-01
3.149720483999999851e+04 4.733948589893166026e-01
3.151071715000000040e+04 4.736788789039305669e-01
3.152422946000000229e+04 4.739128186707118884e-01
3.153774178000000029e+04 4.741430847624136247e-01
3.155125409000000218e+04 4.744478539627196012e-01
3.156476641000000382e+04 4.746864169201014949e-01
3.157827871999999843e+04 4.749519078302444353e-01
3.159179103999999643e+04 4.752368566291905738e-01
3.160530334999999832e+04 4.755064623784862610e-01
3.161881566000000021e+04 4.757712221742226300e-01
3.163232798000000184e+04 4.760844570102860107e-01
3.164584029000000373e+04 4.763505823986968757e-01
3.165935261000000173e+04 4.766364120410856442e-01
3.167286491999999998e+04 4.769471617864212698e-01
3.168637724000000162e+04 4.772437085292152714e-01
3.169988954999999987e+04 4.775295886271099244e-01
3.171340186999999787e+04 4.778619868356892564e-01
3.172691417999999976e+04 4.781463906329675995e-01
3.174042649000000165e+04 4.784186986677643194e-01
3.175393880999999601e+04 4.786945320973264861e-01
3.176745111999999790e+04 4.789832071123043544e-01
3.178096343999999954e+04 4.792754340963986670e-01
3.179447575000000143e+04 4.795639440151258093e-01
3.180798806999999942e+04 4.798526478899647341e-01
3.182150038000000131e+04 4.801402335920281761e-01
3.183501270000000295e+04 4.804320801288133325e-01
3.184852501000000120e+04 4.807092347136383559e-01
3.186203731999999945e+04 4.809763736787696642e-01
3.187554963999999745e+04 4.812186633811825764e-01
3.188906194999999934e+04 4.814779449421846547e-01
3.190257427000000098e+04 4.817287441554544691e-01
3.191608658000000287e+04 4.819835062715692731e-01
3.192959890000000087e+04 4.822248761619555291e-01
3.194311121000000276e+04 4.824809722908790510e-01
3.195662351999999737e+04 4.826896980646805946e-01
3.197013583999999901e+04 4.829059794456507793e-01
3.198364814999999726e+04 4.831027828074178077e-01
3.199716046999999890e+04 4.833158008870517275e-01
3.201067278000000078e+04 4.835059483194294461e-01
3.202418509999999878e+04 4.836936955643750258e-01
3.203769741000000067e+04 4.838902676557882421e-01
3.205120973000000231e+04 4.840729680809656710e-01
3.206472204000000056e+04 4.842180260661630431e-01
3.207823434999999881e+04 4.843778809520862816e-01
3.209174667000000045e+04 4.845209982572159513e-01
3.210525897999999870e+04 4.846569622057758653e-01
3.211877130000000034e+04 4.847930341982222835e-01
3.213228361000000223e+04 4.849043297810703423e-01
3.214579593000000023e+04 4.850293490966351984e-01
3.215930823999999848e+04 4.851527064708520687e-01
3.217282055000000037e+04 4.852647100236586741e-01
3.218633287000000200e+04 4.853531041069931717e-01
3.219984518000000389e+04 4.854740073645179566e-01
3.221335750000000189e+04 4.855582977938559530e-01
3.222686981000000014e+04 4.856617789182791078e-01
3.224038212999999450e+04 4.857327297728711857e-01
3.225389443999999639e+04 4.858465436437638951e-01
3.226740675999999803e+04 4.859502501424697307e-01
3.228091906999999992e+04 4.860292217199279619e-01
3.229443138000000181e+04 4.861255291566681236e-01
3.230794369999999981e+04 4.862443757168232183e-01
3.232145601000000170e+04 4.863372356710807809e-01
3.233496833000000333e+04 4.864558885526465426e-01
3.234848063999999795e+04 4.865950780792464014e-01
3.236199295999999595e+04 4.866795647174642636e-01
3.237550526999999784e+04 4.868130572193413164e-01
3.238901758999999947e+04 4.869387887850422647e-01
3.240252990000000136e+04 4.870513412873237469e-01
3.241604221000000325e+04 4.872161091497971275e-01
3.242955453000000125e+04 4.873809061223752792e-01
3.244306683999999950e+04 4.874697925499120177e-01
3.245657916000000478e+04 4.876525445147996130e-01
3.247009147000000303e+04 4.877559438573794148e-01
3.248360379000000103e+04 4.879427968422055395e-01
3.249711609999999928e+04 4.881474668033087827e-01
3.251062841000000117e+04 4.882884088249804799e-01
3.252414072999999917e+04 4.885119515822525793e-01
3.253765303999999742e+04 4.887184609358939946e-01
3.255116535999999905e+04 4.888749362976371193e-01
3.256467767000000094e+04 4.890954673616901283e-01
3.257818998999999894e+04 4.893474410759550142e-01
3.259170230000000083e+04 4.895185796935289657e-01
3.260521462000000247e+04 4.897777509703531429e-01
3.261872693000000072e+04 4.900250214998796983e-01
3.263223923999999897e+04 4.902323553952297464e-01
3.264575155999999697e+04 4.905295525077532082e-01
3.265926386999999886e+04 4.908130244289976574e-01
3.267277619000000050e+04 4.910205298953079778e-01
3.268628850000000239e+04 4.913028803031264102e-01
3.269980082000000039e+04 4.916066603157426274e-01
3.271331313000000227e+04 4.918274519274249967e-01
3.272682543999999689e+04 4.921412614785301010e-01
3.274033775999999853e+04 4.923944694722703908e-01
3.275385006999999678e+04 4.927202415871189123e-01
3.276736238999999841e+04 4.930355284015033313e-01
3.278087470000000030e+04 4.932929487278656100e-01
3.279438701999999466e+04 4.935728345379233328e-01
3.280789933000000019e+04 4.938762062786341556e-01
3.282141165000000183e+04 4.941632303976281615e-01
3.283492396000000008e+04 4.944696515900999789e-01
3.284843627000000561e+04 4.948025444674103435e-01
3.286194858999999997e+04 4.951093192011906119e-01
3.287546089999999822e+04 4.954266465989628498e-01
3.288897321999999986e+04 4.956997122659836941e-01
3.290248552999999811e+04 4.959782769796297064e-01
3.291599784999999974e+04 4.962511560861028181e-01
3.292951015999999800e+04 4.965399672222254868e-01
3.294302247000000352e+04 4.968502062126680108e-01
3.295653479000000516e+04 4.971412042865824832e-01
3.297004709999999614e+04 4.974689706137511713e-01
3.298355942000000505e+04 4.977299372142022227e-01
3.299707172999999602e+04 4.980081205867261662e-01
3.301058404999999766e+04 4.983291555545024121e-01
3.302409635999999591e+04 4.986029203208034444e-01
3.303760867999999755e+04 4.988624088826952852e-01
3.305112099000000308e+04 4.992180480011523258e-01
3.306463330000000133e+04 4.995053903338467771e-01
3.307814561999999569e+04 4.997754292757604078e-01
3.309165793000000122e+04 5.001404360486969569e-01
3.310517025000000285e+04 5.004077460074018990e-01
3.311868256000000110e+04 5.006810466197169074e-01
3.313219488000000274e+04 5.010472046820546588e-01
3.314570719000000099e+04 5.013168432578789524e-01
3.315921951000000263e+04 5.015824034389999575e-01
3.317273182000000088e+04 5.020082602805668870e-01
3.318624412999999913e+04 5.022941290846953954e-01
3.319975645000000077e+04 5.025773507746547075e-01
3.321326875999999902e+04 5.030172750056861597e-01
3.322678108000000066e+04 5.032771133162144972e-01
3.324029338999999891e+04 5.037229009255387302e-01
3.325380571000000054e+04 5.040093743950322391e-01
3.326731801999999880e+04 5.043236736531916398e-01
3.328083032999999705e+04 5.048121319480871616e-01
3.329434264999999868e+04 5.051460641367051529e-01
3.330785495999999694e+04 5.054938734984382176e-01
3.332136727999999857e+04 5.059869908638499059e-01
3.333487959000000410e+04 5.063206431984206279e-01
3.334839190999999846e+04 5.066476748574177957e-01
3.336190422000000399e+04 5.071669629664267154e-01
3.337541654000000563e+04 5.074925747604850379e-01
3.338892885000000388e+04 5.078555604846646254e-01
3.340244116000000213e+04 5.084251028669205530e-01
3.341595347999999649e+04 5.088170879343034692e-01
3.342946579000000202e+04 5.092042158446722366e-01
3.344297811000000365e+04 5.097632449361260143e-01
3.345649041999999463e+04 5.101536958503036789e-01
3.347000274000000354e+04 5.107295334309041035e-01
3.348351505000000179e+04 5.111465476380279149e-01
3.349702736000000004e+04 5.115603331827154321e-01
3.351053968000000168e+04 5.121726675359868919e-01
3.352405198999999993e+04 5.126202370920709406e-01
3.353756431000000157e+04 5.130656407500941985e-01
3.355107661999999982e+04 5.136971532383558525e-01
3.356458893999999418e+04 5.141251426811155323e-01
3.357810124999999971e+04 5.145619299489928578e-01
3.359161357000000135e+04 5.151564244861436270e-01
3.360512587999999960e+04 5.155935040279981951e-01
3.361863819000000512e+04 5.160397770917112270e-01
3.363215050999999949e+04 5.166455325096692697e-01
3.364566281999999774e+04 5.171031715365994597e-01
3.365917514000000665e+04 5.175476681676397517e-01
3.367268744999999763e+04 5.181614451570578650e-01
3.368619976999999926e+04 5.185940303265874629e-01
3.369971207999999751e+04 5.190320360374276465e-01
3.371322439000000304e+04 5.196184079086143548e-01
3.372673670999999740e+04 5.200392966004596662e-01
3.374024902000000293e+04 5.206072679080496757e-01
3.375376134000000457e+04 5.210207001419693285e-01
3.376727365000000282e+04 5.214626749234916314e-01
3.378078596999999718e+04 5.220182581837075064e-01
3.379429827999999543e+04 5.224407462770312982e-01
3.380781059999999707e+04 5.228539240355880580e-01
3.382132291000000259e+04 5.233625245171604767e-01
3.383483522000000085e+04 5.237570852808512978e-01
3.384834754000000248e+04 5.241319314330690204e-01
3.386185985000000073e+04 5.246241861619960201e-01
3.387537217000000237e+04 5.249863176088392924e-01
3.388888448000000062e+04 5.253368813622935063e-01
3.390239680000000226e+04 5.257767439732958792e-01
3.391590911000000051e+04 5.261043395256794764e-01
3.392942143000000215e+04 5.264284757757147215e-01
3.394293373999999312e+04 5.267854065550092724e-01
3.395644604999999865e+04 5.270604534791532014e-01
3.396995837000000029e+04 5.273164109481498496e-01
3.398347067999999854e+04 5.276223463464155827e-01
3.399698300000000017e+04 5.278503466502321162e-01
3.401049530999999843e+04 5.281269293961565747e-01
3.402400763000000006e+04 5.283535065301131484e-01
3.403751994000000559e+04 5.285490321101895539e-01
3.405103224999999657e+04 5.287864773559105558e-01
3.406454456999999820e+04 5.289566562668581717e-01
3.407805687999999645e+04 5.291155911171847581e-01
3.409156919999999809e+04 5.293283711464269459e-01
3.410508151000000362e+04 5.294691950542580461e-01
3.411859382999999798e+04 5.296308921066883446e-01
3.413210614000000351e+04 5.298285127390615079e-01
3.414561846000000514e+04 5.299597352077418666e-01
3.415913077000000339e+04 5.300854281512691335e-01
3.417264307999999437e+04 5.302457664294299988e-01
3.418615539999999601e+04 5.303694794590609884e-01
3.419966771000000153e+04 5.304774447663755943e-01
3.421318002999999590e+04 5.306427146482896040e-01
3.422669234000000142e+04 5.307547717230217676e-01
3.424020466000000306e+04 5.309278379361210831e-01
3.425371697000000131e+04 5.310725384625744061e-01
3.426722927999999956e+04 5.311958199331239250e-01
3.428074160000000120e+04 5.313859009711273673e-01
3.429425390999999945e+04 5.315238616669806238e-01
3.430776623000000109e+04 5.316909012124964029e-01
3.432127853999999934e+04 5.319406996688229583e-01
3.433479086000000098e+04 5.321271622499628151e-01
3.434830316999999923e+04 5.323349495984899260e-01
3.436181549000000086e+04 5.325686597750611817e-01
3.437532779999999912e+04 5.327297398628896286e-01
3.438884011000000464e+04 5.328946727280871043e-01
3.440235242999999900e+04 5.331283292010227104e-01
3.441586474000000453e+04 5.333135529062786873e-01
3.442937706000000617e+04 5.334901858916261119e-01
3.444288936999999714e+04 5.337726032642822194e-01
3.445640168999999878e+04 5.339942875102225983e-01
3.446991399999999703e+04 5.342237882822273853e-01
3.448342631000000256e+04 5.345583998314670238e-01
3.449693862999999692e+04 5.348021963479807628e-01
3.451045094000000245e+04 5.351596161864160539e-01
3.452396326000000408e+04 5.354299399993042163e-01
3.453747557000000234e+04 5.357011853960371717e-01
3.455098788999999670e+04 5.360774853194210099e-01
3.456450020000000222e+04 5.363558458333403944e-01
3.457801252000000386e+04 5.366708233323205235e-01
3.459152483000000211e+04 5.370939663931291186e-01
3.460503714000000036e+04 5.374380359310761968e-01
3.461854946000000200e+04 5.377922054311670141e-01
3.463206177000000025e+04 5.382318318810830338e-01
3.464557409000000189e+04 5.385922455679071907e-01
3.465908640000000014e+04 5.389428995537264289e-01
3.467259872000000178e+04 5.394019395017405349e-01
3.468611103000000003e+04 5.397609610589439999e-01
3.469962335000000166e+04 5.401151348437815969e-01
3.471313565999999992e+04 5.405980317911887045e-01
3.472664796999999817e+04 5.409708108010079508e-01
3.474016028999999980e+04 5.414738589741295849e-01
3.475367259999999806e+04 5.418698270191482091e-01
3.476718491999999969e+04 5.422532095923991990e-01
3.478069722999999794e+04 5.427671938020743880e-01
3.479420954999999958e+04 5.431664506118482061e-01
3.480772186000000511e+04 5.435662120769606531e-01
3.482123416999999608e+04 5.440668717324477210e-01
3.483474649000000500e+04 5.444525368921478981e-01
3.484825879999999597e+04 5.448514658837089186e-01
3.486177111999999761e+04 5.453434846820096604e-01
3.487528343000000314e+04 5.457411952638162589e-01
3.488879574999999750e+04 5.461383065704576989e-01
3.490230806000000302e+04 5.466188225973407366e-01
3.491582038000000466e+04 5.470010826683500138e-01
3.492933268999999564e+04 5.473629427730366537e-01
3.494284500000000116e+04 5.478253440981878386e-01
3.495635732000000280e+04 5.481806720757018692e-01
3.496986963000000105e+04 5.485192782911838538e-01
3.498338194999999541e+04 5.489612079561144720e-01
3.499689426000000094e+04 5.492832311309887583e-01
3.501040658000000258e+04 5.497015803908527065e-01
3.502391889000000083e+04 5.500246631530996133e-01
3.503743119999999908e+04 5.503323795794363704e-01
3.505094352000000072e+04 5.507320222441725033e-01
3.506445582999999897e+04 5.510247344429559657e-01
3.507796815000000061e+04 5.513192764370267174e-01
3.509148045999999886e+04 5.516831771108728910e-01
3.510499278000000049e+04 5.519338615651704361e-01
3.511850508999999875e+04 5.521805935547783317e-01
3.513201741000000038e+04 5.525051675961023534e-01
3.514552971999999863e+04 5.528078572653141176e-01
3.515904202999999688e+04 5.531182955862049555e-01
3.517255434999999852e+04 5.534226253342039437e-01
3.518606666000000405e+04 5.536278159962665368e-01
3.519957897999999841e+04 5.538137094684424389e-01
3.521309129000000394e+04 5.540656683656166592e-01
3.522660361000000557e+04 5.542582363455790251e-01
3.524011591999999655e+04 5.544662264923291284e-01
3.525362823999999819e+04 5.546290444168036071e-01
3.526714054999999644e+04 5.547842540544661860e-01
3.528065286000000197e+04 5.549711332469964287e-01
3.529416518000000360e+04 5.551209357742898920e-01
3.530767749000000185e+04 5.552490092106656672e-01
3.532118981000000349e+04 5.554551666881067939e-01
3.533470212000000174e+04 5.556046261456510926e-01
3.534821444000000338e+04 5.557456848178514708e-01
3.536172675000000163e+04 5.559349365761593331e-01
3.537523905999999988e+04 5.560533246443408739e-01
3.538875138000000152e+04 5.561796911979060010e-01
3.540226368999999977e+04 5.563533462576679689e-01
3.541577600999999413e+04 5.564682262624998099e-01
3.542928831999999966e+04 5.565999208598970682e-01
3.544280064000000129e+04 5.567666490757922082e-01
3.545631294999999955e+04 5.568961292160630183e-01
3.546982527000000118e+04 5.570286098143140130e-01
3.548333757999999943e+04 5.571817552873080670e-01
3.549684988999999769e+04 5.573068701347989595e-01
3.551036220999999932e+04 5.574623558314834026e-01
3.552387451999999757e+04 5.575849553688736471e-01
3.553738683999999921e+04 5.577219464883086397e-01
3.555089914999999746e+04 5.578755356311009272e-01
3.556441146999999910e+04 5.580108319051941823e-01
3.557792378000000463e+04 5.581615214064274966e-01
3.559143609000000288e+04 5.583433282857618307e-01
3.560494841000000451e+04 5.585011770193260006e-01
3.561846071999999549e+04 5.586535767594639212e-01
3.563197303999999713e+04 5.588537003328211128e-01
3.564548534999999538e+04 5.590322815745232266e-01
3.565899766999999702e+04 5.591973219337597056e-01
3.567250998000000254e+04 5.594104085648460289e-01
3.568602229999999690e+04 5.595791262385135800e-01
3.569953461000000243e+04 5.597581151192398963e-01
3.571304692000000068e+04 5.600039878030567131e-01
3.572655924000000232e+04 5.602024985111481170e-01
3.574007155000000057e+04 5.604528408648198345e-01
3.575358387000000221e+04 5.606626007083123087e-01
3.576709618000000046e+04 5.608609024106125940e-01
3.578060850000000210e+04 5.611285950815227963e-01
3.579412081000000035e+04 5.613429715915561058e-01
3.580763311999999860e+04 5.615580946052044498e-01
3.582114544000000024e+04 5.618370466183938428e-01
3.583465774999999849e+04 5.620638133974545925e-01
3.584817007000000012e+04 5.623137073453148282e-01
3.586168238000000565e+04 5.626272178141671354e-01
3.587519470000000001e+04 5.628818704279615615e-01
3.588870700999999826e+04 5.631504387215949814e-01
3.590221932999999262e+04 5.634626169811186580e-01
3.591573163999999815e+04 5.637128226920727903e-01
3.592924394999999640e+04 5.639663030004329336e-01
3.594275626999999804e+04 5.642671105842008705e-01
3.595626858000000357e+04 5.645304428064515934e-01
3.596978089999999793e+04 5.648013329057333110e-01
3.598329321000000346e+04 5.651308136092223489e-01
3.599680553000000509e+04 5.654060254156821896e-01
3.601031783999999607e+04 5.657343090662396712e-01
3.602383015999999770e+04 5.660070999810760117e-01
3.603734246999999596e+04 5.662712445785431647e-01
3.605085478000000148e+04 5.665474568162427449e-01
3.606436710000000312e+04 5.667790826783087876e-01
3.607787941000000137e+04 5.670021143501215999e-01
3.609139173000000301e+04 5.672714368201070556e-01
3.610490404000000126e+04 5.675309608469059075e-01
3.611841636000000290e+04 5.677849987201610826e-01
3.613192867000000115e+04 5.680837373325189343e-01
3.614544097999999940e+04 5.683359455506772351e-01
3.615895330000000104e+04 5.685763495317438521e-01
3.617246560999999929e+04 5.688713215415546198e-01
3.618597793000000092e+04 5.690980261137942309e-01
3.619949023999999918e+04 5.693105157963194163e-01
3.621300256000000081e+04 5.695864919680622140e-01
3.622651486999999906e+04 5.698005726318303710e-01
3.624002719000000070e+04 5.700778848717825698e-01
3.625353949999999895e+04 5.703123115857841041e-01
3.626705180999999720e+04 5.705292655451261741e-01
3.628056412999999884e+04 5.708096326582838831e-01
3.629407643999999709e+04 5.710320954521312942e-01
3.630758875999999873e+04 5.712276697977299866e-01
3.632110106999999698e+04 5.714821961927787353e-01
3.633461338999999862e+04 5.716670188389854079e-01
3.634812570000000414e+04 5.718456817756352173e-01
3.636163801000000240e+04 5.721020732832480249e-01
3.637515033000000403e+04 5.723051159221266282e-01
3.638866263999999501e+04 5.725092283781580971e-01
3.640217495999999664e+04 5.727665105316703809e-01
3.641568726999999490e+04 5.729575939705446874e-01
3.642919958999999653e+04 5.731497776825033030e-01
3.644271190000000206e+04 5.733820830102918098e-01
3.645622421999999642e+04 5.735520271086103072e-01
3.646973653000000195e+04 5.737212711473791416e-01
3.648324884000000020e+04 5.739208654264122966e-01
3.649676116000000184e+04 5.740843775311403885e-01
3.651027347000000009e+04 5.743127282736978367e-01
3.652378579000000173e+04 5.744785534240441915e-01
3.653729809999999998e+04 5.746534653938201176e-01
3.655081042000000161e+04 5.748762247883956178e-01
3.656432272999999986e+04 5.750393718989996739e-01
3.657783504000000539e+04 5.752031203769405465e-01
3.659134735999999975e+04 5.753890181480447730e-01
3.660485966999999800e+04 5.755231950895788318e-01
3.661837198999999964e+04 5.756626675069764776e-01
3.663188429999999789e+04 5.758258169947682026e-01
3.664539661999999953e+04 5.759658552905759787e-01
3.665890892999999778e+04 5.761268526738632101e-01
3.667242124999999942e+04 5.763112602846327537e-01
3.668593355999999767e+04 5.764701793542399422e-01
3.669944586999999592e+04 5.766258781990779569e-01
3.671295818999999756e+04 5.767859640984728253e-01
3.672647050000000309e+04 5.769207046801325678e-01
3.673998281999999745e+04 5.770438919575365810e-01
3.675349513000000297e+04 5.771746048649295524e-01
3.676700745000000461e+04 5.772952305988762189e-01
3.678051976000000286e+04 5.774444934565594600e-01
3.679403208000000450e+04 5.775766922647200818e-01
3.680754438999999547e+04 5.777189388536712045e-01
3.682105670000000100e+04 5.778632909860111910e-01
3.683456902000000264e+04 5.779929322161858618e-01
3.684808133000000089e+04 5.781307128741439705e-01
3.686159365000000253e+04 5.782601414534531692e-01
3.687510596000000078e+04 5.783709896235453840e-01
3.688861827999999514e+04 5.784767505964751866e-01
3.690213059000000067e+04 5.785833356348111245e-01
3.691564289999999892e+04 5.786896278292085194e-01
3.692915522000000055e+04 5.788052383551748337e-01
3.694266752999999881e+04 5.789423788921137515e-01
3.695617985000000044e+04 5.790745518325028929e-01
3.696969215999999869e+04 5.791899812814289561e-01
3.698320448000000033e+04 5.793196786851589897e-01
3.699671678999999858e+04 5.794397750755111431e-01
3.701022911000000022e+04 5.795554872586343720e-01
3.702374141999999847e+04 5.796425211281422962e-01
3.703725373000000400e+04 5.797368029985903171e-01
3.705076605000000563e+04 5.798405546674598732e-01
3.706427836000000389e+04 5.799324282599257474e-01
3.707779067999999825e+04 5.800367734057265690e-01
3.709130298999999650e+04 5.801558531225647908e-01
3.710481530999999814e+04 5.802611330319455973e-01
3.711832761999999639e+04 5.803649671703160484e-01
3.713183993000000191e+04 5.804834519484149968e-01
3.714535225000000355e+04 5.805839244080692740e-01
3.715886456000000180e+04 5.806725052572010437e-01
3.717237688000000344e+04 5.807758120353362363e-01
3.718588918999999441e+04 5.808588844092532621e-01
3.719940150999999605e+04 5.809356734184139004e-01
3.721291382000000158e+04 5.810479214026791350e-01
3.722642613999999594e+04 5.811516384596202567e-01
3.723993845000000147e+04 5.812523135949981823e-01
3.725345075999999972e+04 5.813903336934502786e-01
3.726696308000000136e+04 5.815033779720553131e-01
3.728047538999999961e+04 5.816299942408702517e-01
3.729398771000000124e+04 5.817220540463667877e-01
3.730750001999999949e+04 5.818136015336810019e-01
3.732101234000000113e+04 5.819330022092711330e-01
3.733452464999999938e+04 5.820302647750820180e-01
3.734803695999999763e+04 5.821283202061451334e-01
3.736154927999999927e+04 5.822620532784295033e-01
3.737506158999999752e+04 5.823835568898321213e-01
3.738857390999999916e+04 5.825063692162359974e-01
3.740208621999999741e+04 5.826616953453034320e-01
3.741559853999999905e+04 5.827930090214057390e-01
3.742911085000000458e+04 5.829160206370409547e-01
3.744262316999999894e+04 5.830663505996089846e-01
3.745613547999999719e+04 5.831822786661611246e-01
3.746964778999999544e+04 5.832950688278473184e-01
3.748316010999999708e+04 5.834560772229459014e-01
3.749667242000000260e+04 5.835913450836160976e-01
3.751018473999999696e+04 5.837601328974939552e-01
3.752369705000000249e+04 5.838967562019249380e-01
3.753720937000000413e+04 5.840517307241008815e-01
3.755072168000000238e+04 5.842421929526909752e-01
3.756423400000000402e+04 5.843937336976579022e-01
3.757774631000000227e+04 5.845501906421819438e-01
3.759125862000000052e+04 5.847398153462222137e-01
3.760477093999999488e+04 5.848885945963018251e-01
3.761828325000000041e+04 5.850311864932860040e-01
3.763179557000000204e+04 5.852070378382606686e-01
3.764530788000000030e+04 5.853611229384214631e-01
3.765882020000000193e+04 5.855275137139275277e-01
3.767233251000000018e+04 5.857334339625044350e-01
3.768584481999999844e+04 5.859168533209320184e-01
3.769935714000000007e+04 5.861013608614984438e-01
3.771286944999999832e+04 5.863067957021173005e-01
3.772638176999999996e+04 5.864818181053101931e-01
3.773989407999999821e+04 5.866592386972456774e-01
3.775340639999999985e+04 5.868606112086489635e-01
3.776691870999999810e+04 5.870336301300365101e-01
3.778043102999999974e+04 5.872345455398049197e-01
3.779394333999999799e+04 5.873976513321628179e-01
3.780745565000000352e+04 5.875723794555275381e-01
3.782096797000000515e+04 5.877760478081128781e-01
3.783448027999999613e+04 5.879484225775382100e-01
3.784799259999999776e+04 5.881350943733341108e-01
3.786150490999999602e+04 5.883441031735541227e-01
3.787501722999999765e+04 5.885167009217528999e-01
3.788852953999999590e+04 5.886920173915118903e-01
3.790204185000000143e+04 5.888746985517809840e-01
3.791555417000000307e+04 5.890240814838428873e-01
3.792906648000000132e+04 5.891826921213427770e-01
3.794257880000000296e+04 5.893515656456900231e-01
3.795609111000000121e+04 5.895069380123152403e-01
3.796960343000000285e+04 5.896776202234863540e-01
3.798311574000000110e+04 5.898421564515419213e-01
3.799662805999999546e+04 5.899915953514782707e-01
3.801014037000000098e+04 5.901593438022281202e-01
3.802365267999999924e+04 5.902947627817678455e-01
3.803716500000000087e+04 5.904128510384349937e-01
3.805067731000000640e+04 5.905444175589922295e-01
3.806418963000000076e+04 5.906643286771524615e-01
3.807770193999999901e+04 5.907797248806412327e-01
3.809121426000000065e+04 5.908923593124448814e-01
3.810472656999999890e+04 5.909934227910991211e-01
3.811823889000000054e+04 5.910926913904299695e-01
3.813175119999999879e+04 5.911895764810817244e-01
3.814526350999999704e+04 5.912909115357330991e-01
3.815877582999999868e+04 5.913890366548731903e-01
3.817228813999999693e+04 5.914638839327035491e-01
3.818580045999999857e+04 5.915369987570298083e-01
3.819931277000000409e+04 5.916003136856361477e-01
3.821282508999999845e+04 5.916394775432849418e-01
3.822633740000000398e+04 5.916942312545726557e-01
3.823984970999999496e+04 5.917428371312110080e-01
3.825336202999999659e+04 5.917618198811984698e-01
3.826687434000000212e+04 5.917955590932346688e-01
3.828038665999999648e+04 5.917892082017549571e-01
3.829389897000000201e+04 5.918290153317080637e-01
3.830741129000000365e+04 5.918593092030198788e-01
3.832092360000000190e+04 5.918334906900917236e-01
3.833443592000000353e+04 5.918432975773559868e-01
3.834794823000000179e+04 5.918307237714187652e-01
3.836146054000000004e+04 5.917708703476459720e-01
3.837497285999999440e+04 5.917709592205826485e-01
3.838848516999999993e+04 5.917479760383661525e-01
3.840199749000000156e+04 5.916708073543150981e-01
3.841550979999999981e+04 5.916532777699970991e-01
3.842902212000000145e+04 5.916264340972381408e-01
3.844253442999999970e+04 5.915473168748963673e-01
3.845604673999999795e+04 5.915152770111175018e-01
3.846955905999999959e+04 5.914650125920484225e-01
3.848307136999999784e+04 5.913603444451361879e-01
3.849658368999999948e+04 5.913051409434872951e-01
3.851009599999999773e+04 5.911971187547597761e-01
3.852360831999999937e+04 5.911216434126447261e-01
3.853712063000000489e+04 5.910475662904730587e-01
3.855063294999999925e+04 5.909243028984363377e-01
3.856414525999999751e+04 5.908391921904629918e-01
3.857765757000000303e+04 5.907657310106397830e-01
3.859116988999999739e+04 5.906446774524286569e-01
3.860468220000000292e+04 5.905498368526012065e-01
3.861819452000000456e+04 5.904695854203393379e-01
3.863170682999999553e+04 5.903450475895701821e-01
3.864521914999999717e+04 5.902518535377618836e-01
3.865873145999999542e+04 5.901678105244241301e-01
3.867224377000000095e+04 5.900354389887466633e-01
3.868575609000000259e+04 5.899354264154673677e-01
3.869926840000000084e+04 5.898433146497525925e-01
3.871278072000000247e+04 5.897123084830018236e-01
3.872629303000000073e+04 5.896084508984775763e-01
3.873980535000000236e+04 5.895079814973225307e-01
3.875331766000000061e+04 5.893820965978858739e-01
3.876682998000000225e+04 5.892894439842029097e-01
3.878034229000000050e+04 5.891743344094605428e-01
3.879385459999999875e+04 5.890992975293174450e-01
3.880736692000000039e+04 5.890077953151651169e-01
3.882087922999999864e+04 5.888922462793046986e-01
3.883439155000000028e+04 5.888162456282235446e-01
3.884790385999999853e+04 5.887337249065049960e-01
3.886141618000000017e+04 5.886476127726967267e-01
3.887492848999999842e+04 5.885992048749499883e-01
3.888844081000000006e+04 5.885435914069302443e-01
3.890195311999999831e+04 5.884778476883492093e-01
3.891546543000000383e+04 5.884444016664429622e-01
3.892897774999999820e+04 5.884147194088349409e-01
3.894249005999999645e+04 5.883766389216238402e-01
3.895600237999999808e+04 5.883630693640036213e-01
3.896951469000000361e+04 5.883508742441281303e-01
3.898302700999999797e+04 5.883346642216187306e-01
3.899653932000000350e+04 5.883496575833238040e-01
3.901005162999999447e+04 5.883731729957695222e-01
3.902356395000000339e+04 5.884092322605990466e-01
3.903707626000000164e+04 5.884713922074464865e-01
3.905058857999999600e+04 5.885404861000917975e-01
3.906410089000000153e+04 5.886095438462362051e-01
3.907761320999999589e+04 5.886965285875196408e-01
3.909112552000000142e+04 5.887999728386844600e-01
3.910463784000000305e+04 5.888936276534074699e-01
3.911815015000000130e+04 5.890029232819835592e-01
3.913166245999999956e+04 5.891512751294198935e-01
3.914517478000000119e+04 5.892883812759852624e-01
3.915868708999999944e+04 5.894377105491686031e-01
3.917219941000000108e+04 5.896224615303278238e-01
3.918571171999999933e+04 5.897703755192593711e-01
3.919922404000000097e+04 5.899228030828769231e-01
3.921273634999999922e+04 5.901103699292102878e-01
3.922624865999999747e+04 5.902690199211466648e-01
3.923976097999999911e+04 5.904316339366753041e-01
3.925327329000000464e+04 5.906307161404349415e-01
3.926678560999999900e+04 5.907914066107196049e-01
3.928029791999999725e+04 5.909713228038432353e-01
3.929381023999999888e+04 5.911236854874527546e-01
3.930732254999999714e+04 5.912678417269532360e-01
3.932083486999999877e+04 5.914194944386409469e-01
3.933434717999999702e+04 5.915216282952870941e-01
3.934785949000000255e+04 5.915793528570995052e-01
3.936137180999999691e+04 5.916205954772679743e-01
3.937488412000000244e+04 5.915842043016592555e-01
3.938839644000000408e+04 5.915057938064409715e-01
3.940190875000000233e+04 5.914156827818263240e-01
3.941542107000000397e+04 5.912311045644341734e-01
3.942893337999999494e+04 5.909911938957594923e-01
3.944244569000000047e+04 5.907131261392312149e-01
3.945595801000000210e+04 5.903075407820709275e-01
3.946947032000000036e+04 5.898086619630302785e-01
3.948298264000000199e+04 5.892303292415138616e-01
3.949649495000000024e+04 5.884924670096889354e-01
3.951000727000000188e+04 5.876878333573956059e-01
3.952351958000000741e+04 5.866954898897038806e-01
3.953703190000000177e+04 5.855494774966683025e-01
3.955054421000000002e+04 5.843028544524940804e-01
3.956405651999999827e+04 5.828480014767597472e-01
3.957756883999999991e+04 5.811949305996373383e-01
3.959108114999999816e+04 5.793914811631365458e-01
3.960459346999999980e+04 5.773310070674548822e-01
3.961810577999999805e+04 5.750395337609285340e-01
3.963161809999999969e+04 5.725697250552204132e-01
3.964513040999999794e+04 5.698152952647060898e-01
3.965864272999999957e+04 5.668039185222708554e-01
3.967215503999999783e+04 5.635802863025678455e-01
3.968566735000000335e+04 5.600585755426188417e-01
3.969917966999999771e+04 5.562568751398078160e-01
3.971269197999999597e+04 5.521787576149607135e-01
3.972620429999999760e+04 5.477362985006181129e-01
3.973971661000000313e+04 5.429926394331980877e-01
3.975322892999999749e+04 5.379775513526406927e-01
3.976674124000000302e+04 5.326177348891146801e-01
3.978025355000000127e+04 5.269912116759228882e-01
3.979376587000000291e+04 5.210035777397499235e-01
3.980727817999999388e+04 5.147069131718977619e-01
3.982079049999999552e+04 5.081640981869859353e-01
3.983430281000000105e+04 5.012373983403466404e-01
3.984781512999999541e+04 4.939664876589155984e-01
3.986132744000000093e+04 4.864555449403807352e-01
3.987483976000000257e+04 4.786116756050744492e-01
3.988835207000000082e+04 4.704874427676115634e-01
3.990186438000000635e+04 4.621483336176654966e-01
3.991537670000000071e+04 4.535423660669872792e-01
3.992888900999999896e+04 4.446948316998093897e-01
3.994240133000000060e+04 4.356701291678250487e-01
3.995591363999999885e+04 4.263875274533022175e-01
3.996942596000000049e+04 4.169128379393272077e-01
3.998293826999999874e+04 4.073191668134520382e-01
3.999645057999999699e+04 3.975782177289807762e-01
4.000996289999999863e+04 3.877209927008917756e-01
4.002347520999999688e+04 3.777663745112541105e-01
4.003698752999999851e+04 3.677424416592997014e-01
4.005049984000000404e+04 3.576965769807961548e-01
4.006401216000000568e+04 3.475384234675984452e-01
4.007752446999999665e+04 3.374127344372989112e-01
4.009103678999999829e+04 3.273325759614139630e-01
4.010454909999999654e+04 3.172705805165285664e-01
4.011806141000000207e+04 3.072806125355102003e-01
4.013157373000000371e+04 2.974100757815171248e-01
4.014508604000000196e+04 2.876243524501118642e-01
4.015859835999999632e+04 2.779234235040145551e-01
4.017211067000000185e+04 2.683795547479917998e-01
4.018562299000000348e+04 2.589659969937736506e-01
4.019913530000000173e+04 2.497001656215911691e-01
4.021264760999999999e+04 2.406317312472660563e-01
4.022615992999999435e+04 2.317455757256066118e-01
4.023967223999999987e+04 2.230344922731343771e-01
4.025318456000000151e+04 2.145299663122580691e-01
4.026669686999999976e+04 2.062465698399294223e-01
4.028020919000000140e+04 1.981534861158928407e-01
4.029372150000000693e+04 1.902715273219157122e-01
4.030723381999999401e+04 1.826369024593050561e-01
4.032074612999999954e+04 1.752331227732822905e-01
4.033425843999999779e+04 1.680202829705043088e-01
4.034777075999999943e+04 1.610400858228842602e-01
4.036128307000000495e+04 1.543130637087173629e-01
4.037479538999999204e+04 1.477491110370998395e-01
4.038830769999999757e+04 1.414177978448619699e-01
4.040182001999999920e+04 1.353301870164108078e-01
4.041533232999999746e+04 1.294377927496280500e-01
4.042884464999999909e+04 1.237427457677779952e-01
4.044235696000000462e+04 1.182898699141499144e-01
4.045586926999999559e+04 1.130409580763799687e-01
4.046938158999999723e+04 1.079499486803173064e-01
4.048289389999999548e+04 1.030897259465736460e-01
4.049640622000000440e+04 9.841626250238491580e-02
4.050991853000000265e+04 9.390824218015039748e-02
4.052343085000000428e+04 8.957864675151053224e-02
4.053694315999999526e+04 8.545103301687387298e-02
4.055045547000000079e+04 8.148355672985761744e-02
4.056396779000000242e+04 7.764450991112627209e-02
4.057748010000000068e+04 7.399643699627571347e-02
4.059099241999999504e+04 7.050345695675826196e-02
4.060450472999999329e+04 6.713413439232654434e-02
4.061801704999999492e+04 6.391079771348591454e-02
4.063152936000000045e+04 6.087182542853074307e-02
4.064504168000000209e+04 5.792317469044598599e-02
4.065855399000000034e+04 5.509995696545828825e-02
4.067206630000000587e+04 5.243525739595365082e-02
4.068557862000000750e+04 4.987530236078283052e-02
4.069909093000000576e+04 4.741141934426493232e-02
4.071260325000000012e+04 4.507476496834228463e-02
4.072611555999999837e+04 4.286891810601238528e-02
4.073962788000000000e+04 4.071718066714730827e-02
4.075314019000000553e+04 3.868215251164482116e-02
4.076665249999999651e+04 3.675561550703913827e-02
4.078016481999999814e+04 3.491491539715883829e-02
4.079367712999999640e+04 3.313565225627100597e-02
4.080718944999999803e+04 3.146801128118950630e-02
4.082070176000000356e+04 2.989373236039646886e-02
4.083421408000000520e+04 2.835237995648350398e-02
4.084772638999999617e+04 2.690421500131354865e-02
4.086123870999999781e+04 2.554358178484873038e-02
4.087475102000000334e+04 2.423459609745356319e-02
4.088826333000000159e+04 2.296385555778716545e-02
4.090177565000000322e+04 2.180345116468277236e-02
4.091528796000000148e+04 2.068093213742818251e-02
4.092880027999999584e+04 1.958893005976178325e-02
4.094231259000000136e+04 1.856940258391003018e-02
4.095582491000000300e+04 1.761902499017388782e-02
4.096933722000000125e+04 1.669889856497165648e-02
4.098284952999999950e+04 1.581263818931814488e-02
4.099636185000000842e+04 1.501403199802779295e-02
4.100987415999999939e+04 1.423350099162576377e-02
4.102338648000000103e+04 1.347691682246772785e-02
4.103689878999999200e+04 1.276466974422464998e-02
4.105041110999999364e+04 1.211969921644480766e-02
4.106392342000000644e+04 1.146540672379024392e-02
4.107743573999999353e+04 1.085017185473154989e-02
4.109094804999999906e+04 1.029474039200700686e-02
4.110446035999999731e+04 9.754865840096285656e-03
4.111797267999999895e+04 9.223349125319520864e-03
4.113148499000000447e+04 8.738138707270127342e-03
4.114499730999999883e+04 8.303139605284073910e-03
4.115850962000000436e+04 7.845481303945339019e-03
4.117202194000000600e+04 7.425085978173814188e-03
4.118553424999999697e+04 7.043480467722565072e-03
4.119904656999999861e+04 6.680057583858990330e-03
4.121255887999999686e+04 6.298942944454711569e-03
4.122607119000000239e+04 5.977963033760852821e-03
4.123958351000000403e+04 5.675876291059439409e-03
4.125309582000000228e+04 5.365350635101996668e-03
4.126660814000000391e+04 5.071076345803927909e-03
4.128012045000000217e+04 4.822703852685720008e-03
4.129363277000000380e+04 4.579507630773381466e-03
4.130714507999999478e+04 4.316136229311647726e-03
4.132065739000000031e+04 4.099592463825043470e-03
4.133416971000000194e+04 3.894962315561654141e-03
4.134768202000000019e+04 3.683477498975941400e-03
4.136119434000000183e+04 3.471808500922901955e-03
4.137470664999999281e+04 3.318007703450238585e-03
4.138821896999999444e+04 3.140508061112693219e-03
4.140173128000000725e+04 2.961126538518362404e-03
4.141524360000000161e+04 2.806577217664919712e-03
4.142875590999999986e+04 2.681060001633761569e-03
4.144226821999999083e+04 2.523270109557914156e-03
4.145578053999999247e+04 2.376646664106592255e-03
4.146929285000000527e+04 2.270403076807894945e-03
4.148280516999999963e+04 2.158855990425792050e-03
4.149631747999999789e+04 2.032705605566377527e-03
4.150982979999999952e+04 1.924797315662678514e-03
4.152334211000000505e+04 1.850345240990267440e-03
4.153685441999999603e+04 1.737909117675829306e-03
4.155036673999999766e+04 1.639954895439703179e-03
4.156387904999999591e+04 1.566244129311295018e-03
4.157739136999999027e+04 1.502455906678278660e-03
4.159090368000000308e+04 1.394786504193314992e-03
4.160441600000000471e+04 1.330642681337039458e-03
4.161792830999999569e+04 1.279652006678792548e-03
4.163144062999999733e+04 1.212621698888848368e-03
4.164495294000000285e+04 1.125772772974859828e-03
4.165846525000000111e+04 1.081621371457400704e-03
4.167197757000000274e+04 1.035122479233815474e-03
4.168548987999999372e+04 9.642628925901515491e-04
4.169900220000000263e+04 9.092887292800753063e-04
4.171251451000000088e+04 8.817797720963550193e-04
4.172602683000000252e+04 8.392654925125964159e-04
4.173953914000000077e+04 7.707139746476806153e-04
4.175305145999999513e+04 7.421967161696671695e-04
4.176656377000000793e+04 7.144670684162757798e-04
4.178007607999999891e+04 6.683101108139201905e-04
4.179358840000000055e+04 6.138535542895714146e-04
4.180710070999999880e+04 6.106106163802682606e-04
4.182061303000000044e+04 5.764982425460984895e-04
4.183412534000000596e+04 5.320558060094183073e-04
4.184763765999999305e+04 5.005174416179241064e-04
4.186114996999999858e+04 5.063869735757117480e-04
4.187466227999999683e+04 4.625706165431913764e-04
4.188817459999999846e+04 4.259933272864272879e-04
4.190168691000000399e+04 4.098134789699754720e-04
4.191519922999999835e+04 4.002001565467819093e-04
4.192871154000000388e+04 3.531822450296504944e-04
4.194222386000000552e+04 3.357930679430944304e-04
4.195573616999999649e+04 3.371948418941409604e-04
4.196924849000000540e+04 3.178301615672879886e-04
4.198276079999999638e+04 2.773352944917001502e-04
4.199627311000000191e+04 2.643355723248275949e-04
4.200978542999999627e+04 2.634689438191020749e-04
4.202329774000000180e+04 2.289068851490962922e-04
4.203681006000000343e+04 2.054134682888317774e-04
4.205032237000000168e+04 2.098002864763915223e-04
4.206383469000000332e+04 2.113957180334184944e-04
4.207734699999999430e+04 1.671582845453608397e-04
4.209085930999999982e+04 1.593668293837968079e-04
4.210437163000000146e+04 1.644707897954358141e-04
4.211788393999999971e+04 1.522775648143801408e-04
4.213139626000000135e+04 1.100446094179359475e-04
4.214490856999999232e+04 1.246885376473850777e-04
4.215842088999999396e+04 1.316622061028871720e-04
4.217193320000000676e+04 1.088364287428771380e-04
4.218544552000000112e+04 8.604087249768869062e-05
4.219895782999999938e+04 1.017299782246309793e-04
4.221247013999999035e+04 9.362533224059495218e-05
4.222598245999999199e+04 7.354888504367964133e-05
4.223949476999999752e+04 6.165331345444847392e-05
4.225300708999999915e+04 7.976060244443187411e-05
4.226651939999999740e+04 6.433768050911333825e-05
4.228003171999999176e+04 4.982320988137343043e-05
4.229354403000000457e+04 4.903233469149888160e-05
4.230705633999999554e+04 6.417384835666521486e-05
4.232056865999999718e+04 4.998240773821510923e-05
4.233408097000000998e+04 4.624726894999640138e-05
4.234759329000000434e+04 5.055089872852301446e-05
4.236110560000000260e+04 5.543768250950444992e-05
4.237461792000000423e+04 4.120166601322508039e-05
4.238813022999999521e+04 3.853625693201206162e-05
4.240164254999999685e+04 4.221449334636938496e-05
4.241515486000000237e+04 4.118133961082274451e-05
4.242866717000000062e+04 3.332991849719115212e-05
4.244217949000000226e+04 3.583888011714945961e-05
4.245569180000000051e+04 3.918988987817212697e-05
4.246920412000000942e+04 3.300377663329225189e-05
4.248271643000000040e+04 2.708812125197757344e-05
4.249622875000000204e+04 3.534847977811073489e-05
4.251230966999999509e+04 0.000000000000000000e+00
4.252839059000000270e+04 0.000000000000000000e+00
