# Detector-averaged total system transmission from column 1 of tables 2 and 3 from https://jwst-docs.stsci.edu/jwst-near-infrared-camera/nircam-instrumentation/nircam-filters
2.988923940999999468e+04 0.000000000000000000e+00
2.990275172999999631e+04 0.000000000000000000e+00
2.991626404999999795e+04 1.133932694872462560e-04
2.992977636999999959e+04 1.221262604630006575e-04
2.994328868000000148e+04 1.315792938569325431e-04
2.995680099999999948e+04 1.409972298141165677e-04
2.997031331000000137e+04 1.506735370425127678e-04
2.998382561999999598e+04 1.615559687174201575e-04
2.999733794000000489e+04 1.731814521411729254e-04
3.001085024999999951e+04 1.858869807646409305e-04
3.002436256999999750e+04 1.993039069414223390e-04
3.003787487999999939e+04 2.131894441308628593e-04
3.005138719999999739e+04 2.278253220246525439e-04
3.006489950999999928e+04 2.439027892358974986e-04
3.007841182000000117e+04 2.616005015041011211e-04
3.009192414000000281e+04 2.803195432619833699e-04
3.010543645000000106e+04 2.997869949586227261e-04
3.011894876999999906e+04 3.206132702591288526e-04
3.013246107999999731e+04 3.431057240572827878e-04
3.014597339999999895e+04 3.671344288597522612e-04
3.015948571000000084e+04 3.934136672471710448e-04
3.017299802999999883e+04 4.207374867939552097e-04
3.018651034000000072e+04 4.496321471364249996e-04
3.020002264999999898e+04 4.805009975752764237e-04
3.021353497000000061e+04 5.136360781382934022e-04
3.022704728000000250e+04 5.485689273413336432e-04
3.024055960000000050e+04 5.859870686821664525e-04
3.025407190999999875e+04 6.259671312658121904e-04
3.026758423000000403e+04 6.679286493312754135e-04
3.028109653999999500e+04 7.132873127923049185e-04
3.029460886000000028e+04 7.627250308630474825e-04
3.030812116999999853e+04 8.155154202106854218e-04
3.032163348000000042e+04 8.717921895620977125e-04
3.033514579999999842e+04 9.325334834350167742e-04
3.034865811000000031e+04 9.975982953715854112e-04
3.036217043000000194e+04 1.067240548050019762e-03
3.037568274000000383e+04 1.142809001801817215e-03
3.038919506000000183e+04 1.224454391080281044e-03
3.040270736999999644e+04 1.312044227627862363e-03
3.041621967999999833e+04 1.407099920332800401e-03
3.042973199999999997e+04 1.509779561668687193e-03
3.044324431000000186e+04 1.621107826061136481e-03
3.045675662999999986e+04 1.741895869522522809e-03
3.047026894000000175e+04 1.872619160357301719e-03
3.048378126000000339e+04 2.014389594326050723e-03
3.049729357000000527e+04 2.168280218594344742e-03
3.051080588999999964e+04 2.334178923284156281e-03
3.052431819999999789e+04 2.515155189522315631e-03
3.053783050999999978e+04 2.712046322504820667e-03
3.055134282999999778e+04 2.925707746509893011e-03
3.056485513999999966e+04 3.159194104676003693e-03
3.057836746000000130e+04 3.413449735954610445e-03
3.059187976999999955e+04 3.689975905795935505e-03
3.060539208999999755e+04 3.992121101288821465e-03
3.061890439999999944e+04 4.321742179135641161e-03
3.063241671000000133e+04 4.680765758980016782e-03
3.064592903000000297e+04 5.073402113427225371e-03
3.065944134000000122e+04 5.501559172333998250e-03
3.067295365999999922e+04 5.968895169031028861e-03
3.068646596999999747e+04 6.480555546764592625e-03
3.069997828999999911e+04 7.039982951006058809e-03
3.071349060000000100e+04 7.651744681531194581e-03
3.072700291999999899e+04 8.322085284959753609e-03
3.074051523000000088e+04 9.055736981711257419e-03
3.075402754000000277e+04 9.858859092869773702e-03
3.076753986000000441e+04 1.073758734485654766e-02
3.078105216999999539e+04 1.170080947875578800e-02
3.079456448999999702e+04 1.275431893179371223e-02
3.080807679999999891e+04 1.390731854299879187e-02
3.082158911999999691e+04 1.517070875979336514e-02
3.083510142999999880e+04 1.655090136177962690e-02
3.084861374000000069e+04 1.806047710803164799e-02
3.086212606000000233e+04 1.971512395085596447e-02
3.087563837000000422e+04 2.151929000268215306e-02
3.088915068999999858e+04 2.348875647495343721e-02
3.090266299999999683e+04 2.564454421526599082e-02
3.091617532000000210e+04 2.799003202929905426e-02
3.092968763000000035e+04 3.054644516516426961e-02
3.094319994999999835e+04 3.333969773715785706e-02
3.095671226000000024e+04 3.636773771353357665e-02
3.097022456999999849e+04 3.967103554126270859e-02
3.098373689000000377e+04 4.324472318645757041e-02
3.099724920000000202e+04 4.711928941653519692e-02
3.101076152000000002e+04 5.133242955920090667e-02
3.102427383000000191e+04 5.586728164203901698e-02
3.103778614999999991e+04 6.076074072671246856e-02
3.105129845999999816e+04 6.605950180132448557e-02
3.106481077999999980e+04 7.173132279491815921e-02
3.107832308999999805e+04 7.781839437443527352e-02
3.109183539999999994e+04 8.436929234901936747e-02
3.110534771999999793e+04 9.133365922920688718e-02
3.111886002999999982e+04 9.875543381699070089e-02
3.113237235000000146e+04 1.066860569095157418e-01
3.114588466000000335e+04 1.150469417179200010e-01
3.115939698000000135e+04 1.238738191707376840e-01
3.117290928999999596e+04 1.332204632068006434e-01
3.118642159999999785e+04 1.429642950148418412e-01
3.119993391999999949e+04 1.531450083733190692e-01
3.121344623000000138e+04 1.637969058928977761e-01
3.122695854999999938e+04 1.747697856168299035e-01
3.124047086000000127e+04 1.861564856031276416e-01
3.125398318000000290e+04 1.977768718581962015e-01
3.126749548999999752e+04 2.096570666233082414e-01
3.128100781000000279e+04 2.218119290137305355e-01
3.129452012000000104e+04 2.340497468095373290e-01
3.130803242999999929e+04 2.463759799063754974e-01
3.132154474999999729e+04 2.588179518317114125e-01
3.133505705999999918e+04 2.711526808007408973e-01
3.134856938000000082e+04 2.833919918710501862e-01
3.136208169000000271e+04 2.955672699320800456e-01
3.137559400999999707e+04 3.074325742652050941e-01
3.138910631999999896e+04 3.190266891782612690e-01
3.140261863000000085e+04 3.303549680080953288e-01
3.141613095000000249e+04 3.412137127223708877e-01
3.142964326000000074e+04 3.516293697261580475e-01
3.144315557999999874e+04 3.616201255379658530e-01
3.145666788999999699e+04 3.710090346983722087e-01
3.147018021000000226e+04 3.798888340002443131e-01
3.148369252000000051e+04 3.881192693761746360e-01
3.149720483999999851e+04 3.957448178558831131e-01
3.151071715000000040e+04 4.028170483118663769e-01
3.152422946000000229e+04 4.092236522149788058e-01
3.153774178000000029e+04 4.150224520222036695e-01
3.155125409000000218e+04 4.202931941661492976e-01
3.156476641000000382e+04 4.249548305032750939e-01
3.157827871999999843e+04 4.290933298830856835e-01
3.159179103999999643e+04 4.327804541833319973e-01
3.160530334999999832e+04 4.359694810163015077e-01
3.161881566000000021e+04 4.387471638416131636e-01
3.163232798000000184e+04 4.411759631556453343e-01
3.164584029000000373e+04 4.432474870066846484e-01
3.165935261000000173e+04 4.450243733967079729e-01
3.167286491999999998e+04 4.465687010949120905e-01
3.168637724000000162e+04 4.478692937773405269e-01
3.169988954999999987e+04 4.489782952004256478e-01
3.171340186999999787e+04 4.499385357185871070e-01
3.172691417999999976e+04 4.507515382172049279e-01
3.174042649000000165e+04 4.514615774349666211e-01
3.175393880999999601e+04 4.520759631287691871e-01
3.176745111999999790e+04 4.526173272395226377e-01
3.178096343999999954e+04 4.531105981054385778e-01
3.179447575000000143e+04 4.535556647665385244e-01
3.180798806999999942e+04 4.539735956411493634e-01
3.182150038000000131e+04 4.543708851500544710e-01
3.183501270000000295e+04 4.547475250862040852e-01
3.184852501000000120e+04 4.551102998265072475e-01
3.186203731999999945e+04 4.554706544568585258e-01
3.187554963999999745e+04 4.558246207341004608e-01
3.188906194999999934e+04 4.561729290570182282e-01
3.190257427000000098e+04 4.565178765804996930e-01
3.191608658000000287e+04 4.568563889317460158e-01
3.192959890000000087e+04 4.571971397270035986e-01
3.194311121000000276e+04 4.575412214874591266e-01
3.195662351999999737e+04 4.578809367303157685e-01
3.197013583999999901e+04 4.582194918596943500e-01
3.198364814999999726e+04 4.585527143995506982e-01
3.199716046999999890e+04 4.588823429463795844e-01
3.201067278000000078e+04 4.592163959676773821e-01
3.202418509999999878e+04 4.595388391029506803e-01
3.203769741000000067e+04 4.598567594044100648e-01
3.205120973000000231e+04 4.601686538464004883e-01
3.206472204000000056e+04 4.604735269816246923e-01
3.207823434999999881e+04 4.607673371573972054e-01
3.209174667000000045e+04 4.610552282010044189e-01
3.210525897999999870e+04 4.613336732676286966e-01
3.211877130000000034e+04 4.616098536138621422e-01
3.213228361000000223e+04 4.618780686264973290e-01
3.214579593000000023e+04 4.621445465636536687e-01
3.215930823999999848e+04 4.624057816008374511e-01
3.217282055000000037e+04 4.626595764786866072e-01
3.218633287000000200e+04 4.629241380158971020e-01
3.219984518000000389e+04 4.631896714400813297e-01
3.221335750000000189e+04 4.634443113828043970e-01
3.222686981000000014e+04 4.637068662266228269e-01
3.224038212999999450e+04 4.639540855448690548e-01
3.225389443999999639e+04 4.642199675146336801e-01
3.226740675999999803e+04 4.644930829316978871e-01
3.228091906999999992e+04 4.647383503478996758e-01
3.229443138000000181e+04 4.650113566684278554e-01
3.230794369999999981e+04 4.652836117100817015e-01
3.232145601000000170e+04 4.655286013730496331e-01
3.233496833000000333e+04 4.658103983000251858e-01
3.234848063999999795e+04 4.660987674591609009e-01
3.236199295999999595e+04 4.663466254203849637e-01
3.237550526999999784e+04 4.666402518744899863e-01
3.238901758999999947e+04 4.669409797654159311e-01
3.240252990000000136e+04 4.671961118884195852e-01
3.241604221000000325e+04 4.675073187148434117e-01
3.242955453000000125e+04 4.678187457811815442e-01
3.244306683999999950e+04 4.680766116697240298e-01
3.245657916000000478e+04 4.683864063342497719e-01
3.247009147000000303e+04 4.686349717918990576e-01
3.248360379000000103e+04 4.689380045211659631e-01
3.249711609999999928e+04 4.692426285720060486e-01
3.251062841000000117e+04 4.694753290307845384e-01
3.252414072999999917e+04 4.697725210574494881e-01
3.253765303999999742e+04 4.700662799734921515e-01
3.255116535999999905e+04 4.702894202128568013e-01
3.256467767000000094e+04 4.705855367924104415e-01
3.257818998999999894e+04 4.708809952621563211e-01
3.259170230000000083e+04 4.711063624085005674e-01
3.260521462000000247e+04 4.713971351385175534e-01
3.261872693000000072e+04 4.716850079012040453e-01
3.263223923999999897e+04 4.718949310074333492e-01
3.264575155999999697e+04 4.721781726432952020e-01
3.265926386999999886e+04 4.724545323048680023e-01
3.267277619000000050e+04 4.726641800180947373e-01
3.268628850000000239e+04 4.729393393813695612e-01
3.269980082000000039e+04 4.732119436533219758e-01
3.271331313000000227e+04 4.734235994274463843e-01
3.272682543999999689e+04 4.737011717055956694e-01
3.274033775999999853e+04 4.739283066523698462e-01
3.275385006999999678e+04 4.742105591126297703e-01
3.276736238999999841e+04 4.744965365279321112e-01
3.278087470000000030e+04 4.747351182699499628e-01
3.279438701999999466e+04 4.750274464687294085e-01
3.280789933000000019e+04 4.753219423715603353e-01
3.282141165000000183e+04 4.755932517827664574e-01
3.283492396000000008e+04 4.758999109181868414e-01
3.284843627000000561e+04 4.762101844496542946e-01
3.286194858999999997e+04 4.765101515847280922e-01
3.287546089999999822e+04 4.768352264391939599e-01
3.288897321999999986e+04 4.771716539822458136e-01
3.290248552999999811e+04 4.775143212606703935e-01
3.291599784999999974e+04 4.778707503850746496e-01
3.292951015999999800e+04 4.782306910671908495e-01
3.294302247000000352e+04 4.786233208703987718e-01
3.295653479000000516e+04 4.790057416000969015e-01
3.297004709999999614e+04 4.794300859255977709e-01
3.298355942000000505e+04 4.798286399996040119e-01
3.299707172999999602e+04 4.802314777027172354e-01
3.301058404999999766e+04 4.806964118637567784e-01
3.302409635999999591e+04 4.811135720480883005e-01
3.303760867999999755e+04 4.815389674274879184e-01
3.305112099000000308e+04 4.820391284426310818e-01
3.306463330000000133e+04 4.824792955588095289e-01
3.307814561999999569e+04 4.829245743123600221e-01
3.309165793000000122e+04 4.834734609185766252e-01
3.310517025000000285e+04 4.839369890357616000e-01
3.311868256000000110e+04 4.844038769161918001e-01
3.313219488000000274e+04 4.849910647131813191e-01
3.314570719000000099e+04 4.854698669519307286e-01
3.315921951000000263e+04 4.859519518466975940e-01
3.317273182000000088e+04 4.865588300654835052e-01
3.318624412999999913e+04 4.870381137863416532e-01
3.319975645000000077e+04 4.875107122990978148e-01
3.321326875999999902e+04 4.881287856843786743e-01
3.322678108000000066e+04 4.885987420357341682e-01
3.324029338999999891e+04 4.892205254255552749e-01
3.325380571000000054e+04 4.896832290622417094e-01
3.326731801999999880e+04 4.901370996453520146e-01
3.328083032999999705e+04 4.907607125060475250e-01
3.329434264999999868e+04 4.912085824122240374e-01
3.330785495999999694e+04 4.916558840095783811e-01
3.332136727999999857e+04 4.922509688190631616e-01
3.333487959000000410e+04 4.926726368279851220e-01
3.334839190999999846e+04 4.930879409399198110e-01
3.336190422000000399e+04 4.936730010790048584e-01
3.337541654000000563e+04 4.940809378335890845e-01
3.338892885000000388e+04 4.944786437562938008e-01
3.340244116000000213e+04 4.950548980242983066e-01
3.341595347999999649e+04 4.954396240865128753e-01
3.342946579000000202e+04 4.958202284449698682e-01
3.344297811000000365e+04 4.963801908393316031e-01
3.345649041999999463e+04 4.967489367546211732e-01
3.347000274000000354e+04 4.972981508719201416e-01
3.348351505000000179e+04 4.976527371623014617e-01
3.349702736000000004e+04 4.980086147937251573e-01
3.351053968000000168e+04 4.985418192272528248e-01
3.352405198999999993e+04 4.988889875299646892e-01
3.353756431000000157e+04 4.992308214787063991e-01
3.355107661999999982e+04 4.997483806100097015e-01
3.356458893999999418e+04 5.000849290689914906e-01
3.357810124999999971e+04 5.004191972565744662e-01
3.359161357000000135e+04 5.009285586633148712e-01
3.360512587999999960e+04 5.012565603223149147e-01
3.361863819000000512e+04 5.015868289729858986e-01
3.363215050999999949e+04 5.020810057613812605e-01
3.364566281999999774e+04 5.024093715933315440e-01
3.365917514000000665e+04 5.027408456518156488e-01
3.367268744999999763e+04 5.032273156468644038e-01
3.368619976999999926e+04 5.035605718882386617e-01
3.369971207999999751e+04 5.038948664266325039e-01
3.371322439000000304e+04 5.043821146044566994e-01
3.372673670999999740e+04 5.047237140239196895e-01
3.374024902000000293e+04 5.052056983446784333e-01
3.375376134000000457e+04 5.055531734818102807e-01
3.376727365000000282e+04 5.059018567327671079e-01
3.378078596999999718e+04 5.063832479659260422e-01
3.379429827999999543e+04 5.067403638685896716e-01
3.380781059999999707e+04 5.071061237769298735e-01
3.382132291000000259e+04 5.075882408938321433e-01
3.383483522000000085e+04 5.079602430944112346e-01
3.384834754000000248e+04 5.083369607526759815e-01
3.386185985000000073e+04 5.088153458100792559e-01
3.387537217000000237e+04 5.091968937589584909e-01
3.388888448000000062e+04 5.095750154429373735e-01
3.390239680000000226e+04 5.100419368564832467e-01
3.391590911000000051e+04 5.104112707807532123e-01
3.392942143000000215e+04 5.107744500573874191e-01
3.394293373999999312e+04 5.112123556484324816e-01
3.395644604999999865e+04 5.115587938966239534e-01
3.396995837000000029e+04 5.119015603248580071e-01
3.398347067999999854e+04 5.123040685999943333e-01
3.399698300000000017e+04 5.126280022943590087e-01
3.401049530999999843e+04 5.130101596934646402e-01
3.402400763000000006e+04 5.133185605082188907e-01
3.403751994000000559e+04 5.136235323905186112e-01
3.405103224999999657e+04 5.139794554216745581e-01
3.406454456999999820e+04 5.142741807347268601e-01
3.407805687999999645e+04 5.145610510770091128e-01
3.409156919999999809e+04 5.148957773013829176e-01
3.410508151000000362e+04 5.151705294754562736e-01
3.411859382999999798e+04 5.154364293695642418e-01
3.413210614000000351e+04 5.157486098145113163e-01
3.414561846000000514e+04 5.160003115992292111e-01
3.415913077000000339e+04 5.162479918323046313e-01
3.417264307999999437e+04 5.165384273244572055e-01
3.418615539999999601e+04 5.167732882554544327e-01
3.419966771000000153e+04 5.170044595331904080e-01
3.421318002999999590e+04 5.172772598092286733e-01
3.422669234000000142e+04 5.174990450871985725e-01
3.424020466000000306e+04 5.177646893448617504e-01
3.425371697000000131e+04 5.179782634545799791e-01
3.426722927999999956e+04 5.181914432137860738e-01
3.428074160000000120e+04 5.184562305782268732e-01
3.429425390999999945e+04 5.186722020640874842e-01
3.430776623000000109e+04 5.188832059239774086e-01
3.432127853999999934e+04 5.191453987769836242e-01
3.433479086000000098e+04 5.193408287931404743e-01
3.434830316999999923e+04 5.195269650388818494e-01
3.436181549000000086e+04 5.197695563696077548e-01
3.437532779999999912e+04 5.199415587681280870e-01
3.438884011000000464e+04 5.201086305712291358e-01
3.440235242999999900e+04 5.203350580028298644e-01
3.441586474000000453e+04 5.204941231272739444e-01
3.442937706000000617e+04 5.206562965157987000e-01
3.444288936999999714e+04 5.208933587229874762e-01
3.445640168999999878e+04 5.210668532284983279e-01
3.446991399999999703e+04 5.212416202115728314e-01
3.448342631000000256e+04 5.214974282854334398e-01
3.449693862999999692e+04 5.216770683029917643e-01
3.451045094000000245e+04 5.219391149938538144e-01
3.452396326000000408e+04 5.221248363874777532e-01
3.453747557000000234e+04 5.223120187390374314e-01
3.455098788999999670e+04 5.225934839082199135e-01
3.456450020000000222e+04 5.227903807309239870e-01
3.457801252000000386e+04 5.229886050362790861e-01
3.459152483000000211e+04 5.232858455858264701e-01
3.460503714000000036e+04 5.234909315037501454e-01
3.461854946000000200e+04 5.236999973241440731e-01
3.463206177000000025e+04 5.240089932807369122e-01
3.464557409000000189e+04 5.242228913517927857e-01
3.465908640000000014e+04 5.244401668765990010e-01
3.467259872000000178e+04 5.247586304683915515e-01
3.468611103000000003e+04 5.249795949224218550e-01
3.469962335000000166e+04 5.252010574157641720e-01
3.471313565999999992e+04 5.255284477395821829e-01
3.472664796999999817e+04 5.257550686828484920e-01
3.474016028999999980e+04 5.260874354335407510e-01
3.475367259999999806e+04 5.263204405561092702e-01
3.476718491999999969e+04 5.265568025633216021e-01
3.478069722999999794e+04 5.269017798634525462e-01
3.479420954999999958e+04 5.271445790243618479e-01
3.480772186000000511e+04 5.273883141662374374e-01
3.482123416999999608e+04 5.277409444451902631e-01
3.483474649000000500e+04 5.279877285880600901e-01
3.484825879999999597e+04 5.282334708703964044e-01
3.486177111999999761e+04 5.285820154790570324e-01
3.487528343000000314e+04 5.288226049086987013e-01
3.488879574999999750e+04 5.290631870137524340e-01
3.490230806000000302e+04 5.294009933422560987e-01
3.491582038000000466e+04 5.296351728834600703e-01
3.492933268999999564e+04 5.298681779115164137e-01
3.494284500000000116e+04 5.301931064400615679e-01
3.495635732000000280e+04 5.304196632721027704e-01
3.496986963000000105e+04 5.306419181674237873e-01
3.498338194999999541e+04 5.309533014749363566e-01
3.499689426000000094e+04 5.311735476110974741e-01
3.501040658000000258e+04 5.314840223170340661e-01
3.502391889000000083e+04 5.317075487615731122e-01
3.503743119999999908e+04 5.319282220412855366e-01
3.505094352000000072e+04 5.322299492799151821e-01
3.506445582999999897e+04 5.324447377064920328e-01
3.507796815000000061e+04 5.326567287458370270e-01
3.509148045999999886e+04 5.329478761117790730e-01
3.510499278000000049e+04 5.331635845127369322e-01
3.511850508999999875e+04 5.333798634953472728e-01
3.513201741000000038e+04 5.336614100000887095e-01
3.514552971999999863e+04 5.338628260823353733e-01
3.515904202999999688e+04 5.340611633573721928e-01
3.517255434999999852e+04 5.343191006364143014e-01
3.518606666000000405e+04 5.345109889441812534e-01
3.519957897999999841e+04 5.346972598568597856e-01
3.521309129000000394e+04 5.349249005654008737e-01
3.522660361000000557e+04 5.350880831486191092e-01
3.524011591999999655e+04 5.352983182938666484e-01
3.525362823999999819e+04 5.354599277496233656e-01
3.526714054999999644e+04 5.356246708508907162e-01
3.528065286000000197e+04 5.358301848694133618e-01
3.529416518000000360e+04 5.359922017393490279e-01
3.530767749000000185e+04 5.361552889988171477e-01
3.532118981000000349e+04 5.363872653318502159e-01
3.533470212000000174e+04 5.365679986294867865e-01
3.534821444000000338e+04 5.367486788229320904e-01
3.536172675000000163e+04 5.369770054816768168e-01
3.537523905999999988e+04 5.371589161281629110e-01
3.538875138000000152e+04 5.373404593474877533e-01
3.540226368999999977e+04 5.375658554432276581e-01
3.541577600999999413e+04 5.377497136254372201e-01
3.542928831999999966e+04 5.379357017357722093e-01
3.544280064000000129e+04 5.381643456950525595e-01
3.545631294999999955e+04 5.383564677611030191e-01
3.546982527000000118e+04 5.385519349040406301e-01
3.548333757999999943e+04 5.387855301297775901e-01
3.549684988999999769e+04 5.389837321946462367e-01
3.551036220999999932e+04 5.392200168526148918e-01
3.552387451999999757e+04 5.394246408730916098e-01
3.553738683999999921e+04 5.396337725432285293e-01
3.555089914999999746e+04 5.398805307520664343e-01
3.556441146999999910e+04 5.400958597264065020e-01
3.557792378000000463e+04 5.403160951578840354e-01
3.559143609000000288e+04 5.405733946310121718e-01
3.560494841000000451e+04 5.408013537809791549e-01
3.561846071999999549e+04 5.410329387365115927e-01
3.563197303999999713e+04 5.413005071245682309e-01
3.564548534999999538e+04 5.415363151586449764e-01
3.565899766999999702e+04 5.417752828715437508e-01
3.567250998000000254e+04 5.420546122398454125e-01
3.568602229999999690e+04 5.423015879724177868e-01
3.569953461000000243e+04 5.425515017367572579e-01
3.571304692000000068e+04 5.428442952637165808e-01
3.572655924000000232e+04 5.431000834127230892e-01
3.574007155000000057e+04 5.433985421330586041e-01
3.575358387000000221e+04 5.436573838991344276e-01
3.576709618000000046e+04 5.439173403387481676e-01
3.578060850000000210e+04 5.442231034948752377e-01
3.579412081000000035e+04 5.444843448688114762e-01
3.580763311999999860e+04 5.447458907422304542e-01
3.582114544000000024e+04 5.450581897720991886e-01
3.583465774999999849e+04 5.453225406382472551e-01
3.584817007000000012e+04 5.455881795532554479e-01
3.586168238000000565e+04 5.459077348392574747e-01
3.587519470000000001e+04 5.461721721928485263e-01
3.588870700999999826e+04 5.464347161242445461e-01
3.590221932999999262e+04 5.467553856842869431e-01
3.591573163999999815e+04 5.470183394030541102e-01
3.592924394999999640e+04 5.472810355564556861e-01
3.594275626999999804e+04 5.476056659906598512e-01
3.595626858000000357e+04 5.478682074921965572e-01
3.596978089999999793e+04 5.481308727859961483e-01
3.598329321000000346e+04 5.484611283009857008e-01
3.599680553000000509e+04 5.487279565791580715e-01
3.601031783999999607e+04 5.490376479698200196e-01
3.602383015999999770e+04 5.492777741696199811e-01
3.603734246999999596e+04 5.495167064051720285e-01
3.605085478000000148e+04 5.498017414442775141e-01
3.606436710000000312e+04 5.500403496070748188e-01
3.607787941000000137e+04 5.502793359039768184e-01
3.609139173000000301e+04 5.505672506827530288e-01
3.610490404000000126e+04 5.508053009453081073e-01
3.611841636000000290e+04 5.510425173469281068e-01
3.613192867000000115e+04 5.513304386322930295e-01
3.614544097999999940e+04 5.515669910485065941e-01
3.615895330000000104e+04 5.518030287789468247e-01
3.617246560999999929e+04 5.520919760907021523e-01
3.618597793000000092e+04 5.523278405300355853e-01
3.619949023999999918e+04 5.525630376815261480e-01
3.621300256000000081e+04 5.528518127129933291e-01
3.622651486999999906e+04 5.530891169311702438e-01
3.624002719000000070e+04 5.533813874262412114e-01
3.625353949999999895e+04 5.536205048361946268e-01
3.626705180999999720e+04 5.538601689047720766e-01
3.628056412999999884e+04 5.541521297136531299e-01
3.629407643999999709e+04 5.543896985922347476e-01
3.630758875999999873e+04 5.546268942696426230e-01
3.632110106999999698e+04 5.549153842567624562e-01
3.633461338999999862e+04 5.551502131309957733e-01
3.634812570000000414e+04 5.553850215164370940e-01
3.636163801000000240e+04 5.556733409567058413e-01
3.637515033000000403e+04 5.559111703785228897e-01
3.638866263999999501e+04 5.561496638316432151e-01
3.640217495999999664e+04 5.564384180250578904e-01
3.641568726999999490e+04 5.566765591148804537e-01
3.642919958999999653e+04 5.569145219020094073e-01
3.644271190000000206e+04 5.571992384473412052e-01
3.645622421999999642e+04 5.574356959564434888e-01
3.646973653000000195e+04 5.576708643100232177e-01
3.648324884000000020e+04 5.579499970038450662e-01
3.649676116000000184e+04 5.581849752586290903e-01
3.651027347000000009e+04 5.584607708831603734e-01
3.652378579000000173e+04 5.586918395290993988e-01
3.653729809999999998e+04 5.589221497423697560e-01
3.655081042000000161e+04 5.591889609062818955e-01
3.656432272999999986e+04 5.594143029192957250e-01
3.657783504000000539e+04 5.596388084477906810e-01
3.659134735999999975e+04 5.598950980765473595e-01
3.660485966999999800e+04 5.601116638214989063e-01
3.661837198999999964e+04 5.603270637887677319e-01
3.663188429999999789e+04 5.605734931919577058e-01
3.664539661999999953e+04 5.607859311017766579e-01
3.665890892999999778e+04 5.609960645620659658e-01
3.667242124999999942e+04 5.612322014995920760e-01
3.668593355999999767e+04 5.614355651818515591e-01
3.669944586999999592e+04 5.616355578905967150e-01
3.671295818999999756e+04 5.618588494014722379e-01
3.672647050000000309e+04 5.620516892370936990e-01
3.673998281999999745e+04 5.622403297882403450e-01
3.675349513000000297e+04 5.624503790975923234e-01
3.676700745000000461e+04 5.626331272093652025e-01
3.678051976000000286e+04 5.628352571651520364e-01
3.679403208000000450e+04 5.630137674574993145e-01
3.680754438999999547e+04 5.631895843522030098e-01
3.682105670000000100e+04 5.633841866520450381e-01
3.683456902000000264e+04 5.635575415704363600e-01
3.684808133000000089e+04 5.637272327865381349e-01
3.686159365000000253e+04 5.639129123174798641e-01
3.687510596000000078e+04 5.640780198556161196e-01
3.688861827999999514e+04 5.642410416106244941e-01
3.690213059000000067e+04 5.644222000926168992e-01
3.691564289999999892e+04 5.645856817046022158e-01
3.692915522000000055e+04 5.647468045458445829e-01
3.694266752999999881e+04 5.649249943148837438e-01
3.695617985000000044e+04 5.650850716411225383e-01
3.696969215999999869e+04 5.652441896264486232e-01
3.698320448000000033e+04 5.654217846669269409e-01
3.699671678999999858e+04 5.655795003881161076e-01
3.701022911000000022e+04 5.657530730215825088e-01
3.702374141999999847e+04 5.659069210198732769e-01
3.703725373000000400e+04 5.660605865509420465e-01
3.705076605000000563e+04 5.662354460153127267e-01
3.706427836000000389e+04 5.663926442166881126e-01
3.707779067999999825e+04 5.665500491164748853e-01
3.709130298999999650e+04 5.667292900623290830e-01
3.710481530999999814e+04 5.668887451105146802e-01
3.711832761999999639e+04 5.670483442869191926e-01
3.713183993000000191e+04 5.672320873315925827e-01
3.714535225000000355e+04 5.673927217556378189e-01
3.715886456000000180e+04 5.675510286546262551e-01
3.717237688000000344e+04 5.677343686083851093e-01
3.718588918999999441e+04 5.678931806407089278e-01
3.719940150999999605e+04 5.680523168781344001e-01
3.721291382000000158e+04 5.682407668901630071e-01
3.722642613999999594e+04 5.684026545440219458e-01
3.723993845000000147e+04 5.685641171931575810e-01
3.725345075999999972e+04 5.687559250980666059e-01
3.726696308000000136e+04 5.689177605223392220e-01
3.728047538999999961e+04 5.691101995928071755e-01
3.729398771000000124e+04 5.692714108896337333e-01
3.730750001999999949e+04 5.694301435529869337e-01
3.732101234000000113e+04 5.696212114657076553e-01
3.733452464999999938e+04 5.697782561088708952e-01
3.734803695999999763e+04 5.699320584609395279e-01
3.736154927999999927e+04 5.701195700554756440e-01
3.737506158999999752e+04 5.702690895128104120e-01
3.738857390999999916e+04 5.704127432374893614e-01
3.740208621999999741e+04 5.705892394376423926e-01
3.741559853999999905e+04 5.707232359005072198e-01
3.742911085000000458e+04 5.708497089523183465e-01
3.744262316999999894e+04 5.710091894583292360e-01
3.745613547999999719e+04 5.711235655318900317e-01
3.746964778999999544e+04 5.712305563977275735e-01
3.748316010999999708e+04 5.713723089778182107e-01
3.749667242000000260e+04 5.714684135788778985e-01
3.751018473999999696e+04 5.715981602245273629e-01
3.752369705000000249e+04 5.716817860500122972e-01
3.753720937000000413e+04 5.717571003379456895e-01
3.755072168000000238e+04 5.718641655949907587e-01
3.756423400000000402e+04 5.719230227713135717e-01
3.757774631000000227e+04 5.719721609010772756e-01
3.759125862000000052e+04 5.720521683186268191e-01
3.760477093999999488e+04 5.720836626651473189e-01
3.761828325000000041e+04 5.721051830189431975e-01
3.763179557000000204e+04 5.721578828426927554e-01
3.764530788000000030e+04 5.721652076933164688e-01
3.765882020000000193e+04 5.721647631344461971e-01
3.767233251000000018e+04 5.721955297288767728e-01
3.768584481999999844e+04 5.721828572231768550e-01
3.769935714000000007e+04 5.721619931242234447e-01
3.771286944999999832e+04 5.721692577217971643e-01
3.772638176999999996e+04 5.721343139552408363e-01
3.773989407999999821e+04 5.720912706344717380e-01
3.775340639999999985e+04 5.720747470720645156e-01
3.776691870999999810e+04 5.720211821142773267e-01
3.778043102999999974e+04 5.719929430540400261e-01
3.779394333999999799e+04 5.719320019788360909e-01
3.780745565000000352e+04 5.718698999062539201e-01
3.782096797000000515e+04 5.718315205177016969e-01
3.783448027999999613e+04 5.717666559691867434e-01
3.784799259999999776e+04 5.717027388208648642e-01
3.786150490999999602e+04 5.716596760146921419e-01
3.787501722999999765e+04 5.715948727733650703e-01
3.788852953999999590e+04 5.715308945933902374e-01
3.790204185000000143e+04 5.714844126274353231e-01
3.791555417000000307e+04 5.714248345450430033e-01
3.792906648000000132e+04 5.713714359332031645e-01
3.794257880000000296e+04 5.713360217223664161e-01
3.795609111000000121e+04 5.712969907608160813e-01
3.796960343000000285e+04 5.712656850007494791e-01
3.798311574000000110e+04 5.712472028509998356e-01
3.799662805999999546e+04 5.712310287091779681e-01
3.801014037000000098e+04 5.712258848069375894e-01
3.802365267999999924e+04 5.712249840206500284e-01
3.803716500000000087e+04 5.712353131289875652e-01
3.805067731000000640e+04 5.712524490370118890e-01
3.806418963000000076e+04 5.712814231365209716e-01
3.807770193999999901e+04 5.713256507044440768e-01
3.809121426000000065e+04 5.713762248812828126e-01
3.810472656999999890e+04 5.714482221486224534e-01
3.811823889000000054e+04 5.715364518003376304e-01
3.813175119999999879e+04 5.716237269217712136e-01
3.814526350999999704e+04 5.717363932287133910e-01
3.815877582999999868e+04 5.718633764586887880e-01
3.817228813999999693e+04 5.719814691524511829e-01
3.818580045999999857e+04 5.721269111600766344e-01
3.819931277000000409e+04 5.722836776047217633e-01
3.821282508999999845e+04 5.724262475316833632e-01
3.822633740000000398e+04 5.726033584593479553e-01
3.823984970999999496e+04 5.727934899672515456e-01
3.825336202999999659e+04 5.729643914648484548e-01
3.826687434000000212e+04 5.731725557818521111e-01
3.828038665999999648e+04 5.733576383607978944e-01
3.829389897000000201e+04 5.735807077818568800e-01
3.830741129000000365e+04 5.738071809699722969e-01
3.832092360000000190e+04 5.740012856037348676e-01
3.833443592000000353e+04 5.742315075660364698e-01
3.834794823000000179e+04 5.744600652959117593e-01
3.836146054000000004e+04 5.746476980242566368e-01
3.837497285999999440e+04 5.748709294188116825e-01
3.838848516999999993e+04 5.750900743525007019e-01
3.840199749000000156e+04 5.752639439184800141e-01
3.841550979999999981e+04 5.754729078271838549e-01
3.842902212000000145e+04 5.756707832987513207e-01
3.844253442999999970e+04 5.758141055579664158e-01
3.845604673999999795e+04 5.759888748187609320e-01
3.846955905999999959e+04 5.761476953654545152e-01
3.848307136999999784e+04 5.762474393160266217e-01
3.849658368999999948e+04 5.763710753150498300e-01
3.851009599999999773e+04 5.764278757454366353e-01
3.852360831999999937e+04 5.765098584527135195e-01
3.853712063000000489e+04 5.765705715508381290e-01
3.855063294999999925e+04 5.765625442570231352e-01
3.856414525999999751e+04 5.765758597064355451e-01
3.857765757000000303e+04 5.765623700130415585e-01
3.859116988999999739e+04 5.764754752861429576e-01
3.860468220000000292e+04 5.764039448003447363e-01
3.861819452000000456e+04 5.763010557884162832e-01
3.863170682999999553e+04 5.761227567341158373e-01
3.864521914999999717e+04 5.759555995433240927e-01
3.865873145999999542e+04 5.757567083666730312e-01
3.867224377000000095e+04 5.754844661713358622e-01
3.868575609000000259e+04 5.752226132869211472e-01
3.869926840000000084e+04 5.749323369428462893e-01
3.871278072000000247e+04 5.745748590605852524e-01
3.872629303000000073e+04 5.742265336660814512e-01
3.873980535000000236e+04 5.738490971159142529e-01
3.875331766000000061e+04 5.734058731986284574e-01
3.876682998000000225e+04 5.729663876170885128e-01
3.878034229000000050e+04 5.724690834509471582e-01
3.879385459999999875e+04 5.719734236614675282e-01
3.880736692000000039e+04 5.714513970292380840e-01
3.882087922999999864e+04 5.708800881599971344e-01
3.883439155000000028e+04 5.703121213320229144e-01
3.884790385999999853e+04 5.697250186662445870e-01
3.886141618000000017e+04 5.691023585603839363e-01
3.887492848999999842e+04 5.684856340660553453e-01
3.888844081000000006e+04 5.678538698615149816e-01
3.890195311999999831e+04 5.671948823326431466e-01
3.891546543000000383e+04 5.665390673479174799e-01
3.892897774999999820e+04 5.658708269780139410e-01
3.894249005999999645e+04 5.651840593504435795e-01
3.895600237999999808e+04 5.644986260880109352e-01
3.896951469000000361e+04 5.638032601717020142e-01
3.898302700999999797e+04 5.630973786904212020e-01
3.899653932000000350e+04 5.623914898974375909e-01
3.901005162999999447e+04 5.616794601716028623e-01
3.902356395000000339e+04 5.609662042857181952e-01
3.903707626000000164e+04 5.602484903063298383e-01
3.905058857999999600e+04 5.595275458295964066e-01
3.906410089000000153e+04 5.587962933753629624e-01
3.907761320999999589e+04 5.580567304161561104e-01
3.909112552000000142e+04 5.573130622639779208e-01
3.910463784000000305e+04 5.565457146955004042e-01
3.911815015000000130e+04 5.557605158769329812e-01
3.913166245999999956e+04 5.549658068080263185e-01
3.914517478000000119e+04 5.541307856103587781e-01
3.915868708999999944e+04 5.532648327016322920e-01
3.917219941000000108e+04 5.523800269980423394e-01
3.918571171999999933e+04 5.514328666969018355e-01
3.919922404000000097e+04 5.504357143341074288e-01
3.921273634999999922e+04 5.494019013378682592e-01
3.922624865999999747e+04 5.482740304295679046e-01
3.923976097999999911e+04 5.470670878603562937e-01
3.925327329000000464e+04 5.457963253557462924e-01
3.926678560999999900e+04 5.443956513494844218e-01
3.928029791999999725e+04 5.429105641655940229e-01
3.929381023999999888e+04 5.412653727948815163e-01
3.930732254999999714e+04 5.394750622297260767e-01
3.932083486999999877e+04 5.375603388967424845e-01
3.933434717999999702e+04 5.354405969239397489e-01
3.934785949000000255e+04 5.331318353294232093e-01
3.936137180999999691e+04 5.306556198705389971e-01
3.937488412000000244e+04 5.279264898588632571e-01
3.938839644000000408e+04 5.249621943793502110e-01
3.940190875000000233e+04 5.217878522178124312e-01
3.941542107000000397e+04 5.183152501522002575e-01
3.942893337999999494e+04 5.145592703990309325e-01
3.944244569000000047e+04 5.105452029664199198e-01
3.945595801000000210e+04 5.061845067140017251e-01
3.946947032000000036e+04 5.015026038875401992e-01
3.948298264000000199e+04 4.965284845812220071e-01
3.949649495000000024e+04 4.911782419563970881e-01
3.951000727000000188e+04 4.855219636864545052e-01
3.952351958000000741e+04 4.794769565952177737e-01
3.953703190000000177e+04 4.730878575009180853e-01
3.955054421000000002e+04 4.663900708913570337e-01
3.956405651999999827e+04 4.593048488229336535e-01
3.957756883999999991e+04 4.518769532635473762e-01
3.959108114999999816e+04 4.441500416528973982e-01
3.960459346999999980e+04 4.360601856531379772e-01
3.961810577999999805e+04 4.276578083827114463e-01
3.963161809999999969e+04 4.189935155892241525e-01
3.964513040999999794e+04 4.100143701469700641e-01
3.965864272999999957e+04 4.007780697063176856e-01
3.967215503999999783e+04 3.913418911385806442e-01
3.968566735000000335e+04 3.816568677763718664e-01
3.969917966999999771e+04 3.717811348331632182e-01
3.971269197999999597e+04 3.617705392361373340e-01
3.972620429999999760e+04 3.515919760399690563e-01
3.973971661000000313e+04 3.413025931129848312e-01
3.975322892999999749e+04 3.309566642993249097e-01
3.976674124000000302e+04 3.205284069888360010e-01
3.978025355000000127e+04 3.100985110401122125e-01
3.979376587000000291e+04 2.996484851632935653e-01
3.980727817999999388e+04 2.892259883785677221e-01
3.982079049999999552e+04 2.788775922926298723e-01
3.983430281000000105e+04 2.685848885836494282e-01
3.984781512999999541e+04 2.583939784890418867e-01
3.986132744000000093e+04 2.483454610442227262e-01
3.987483976000000257e+04 2.384216744424703660e-01
3.988835207000000082e+04 2.286617114403406426e-01
3.990186438000000635e+04 2.191013516470156630e-01
3.991537670000000071e+04 2.097237038079811655e-01
3.992888900999999896e+04 2.005601560073170531e-01
3.994240133000000060e+04 1.916364318812640299e-01
3.995591363999999885e+04 1.829350797014860919e-01
3.996942596000000049e+04 1.744801212376040356e-01
3.998293826999999874e+04 1.662906743724071046e-01
3.999645057999999699e+04 1.583479646747409375e-01
4.000996289999999863e+04 1.506697213841951266e-01
4.002347520999999688e+04 1.432621801889004953e-01
4.003698752999999851e+04 1.361195263418010781e-01
4.005049984000000404e+04 1.292533123498570136e-01
4.006401216000000568e+04 1.226515197538916579e-01
4.007752446999999665e+04 1.163170996952200692e-01
4.009103678999999829e+04 1.102518756943368927e-01
4.010454909999999654e+04 1.044438224119106640e-01
4.011806141000000207e+04 9.889187719834213741e-02
4.013157373000000371e+04 9.359490613590565333e-02
4.014508604000000196e+04 8.853993903210256866e-02
4.015859835999999632e+04 8.372422513613306250e-02
4.017211067000000185e+04 7.914406877423221798e-02
4.018562299000000348e+04 7.478563103903011766e-02
4.019913530000000173e+04 7.064471832167852627e-02
4.021264760999999999e+04 6.671571207084707467e-02
4.022615992999999435e+04 6.298578097831140921e-02
4.023967223999999987e+04 5.945122841866106594e-02
4.025318456000000151e+04 5.610549494124194431e-02
4.026669686999999976e+04 5.293549702406861318e-02
4.028020919000000140e+04 4.993914185125161026e-02
4.029372150000000693e+04 4.710393769446767631e-02
4.030723381999999401e+04 4.442442028951330835e-02
4.032074612999999954e+04 4.189593540889310908e-02
4.033425843999999779e+04 3.950603011543642185e-02
4.034777075999999943e+04 3.724919910614005181e-02
4.036128307000000495e+04 3.512200209113830462e-02
4.037479538999999204e+04 3.311452970719597211e-02
4.038830769999999757e+04 3.122210013766234943e-02
4.040182001999999920e+04 2.943967637664776302e-02
4.041533232999999746e+04 2.775839822547249147e-02
4.042884464999999909e+04 2.617412693871883078e-02
4.044235696000000462e+04 2.468347098627416900e-02
4.045586926999999559e+04 2.327899526391632307e-02
4.046938158999999723e+04 2.195697353013564834e-02
4.048289389999999548e+04 2.071322266409940036e-02
4.049640622000000440e+04 1.954007038832991650e-02
4.050991853000000265e+04 1.843615831061981222e-02
4.052343085000000428e+04 1.739821156595596635e-02
4.053694315999999526e+04 1.641991283010501082e-02
4.055045547000000079e+04 1.550116680393647840e-02
4.056396779000000242e+04 1.463543295471195389e-02
4.057748010000000068e+04 1.382014935312797857e-02
4.059099241999999504e+04 1.305364521606470693e-02
4.060450472999999329e+04 1.233134939027441188e-02
4.061801704999999492e+04 1.165074393365649746e-02
4.063152936000000045e+04 1.101093541320387510e-02
4.064504168000000209e+04 1.040760006342704089e-02
4.065855399000000034e+04 9.839235499110844663e-03
4.067206630000000587e+04 9.304442920231123515e-03
4.068557862000000750e+04 8.800140857601982183e-03
4.069909093000000576e+04 8.325772959829780273e-03
4.071260325000000012e+04 7.879323196535521073e-03
4.072611555999999837e+04 7.457814633737644069e-03
4.073962788000000000e+04 7.060867578351870052e-03
4.075314019000000553e+04 6.687849714479148638e-03
4.076665249999999651e+04 6.335802156027197860e-03
4.078016481999999814e+04 6.005711582688364955e-03
4.079367712999999640e+04 5.693715004592958193e-03
4.080718944999999803e+04 5.398834728521598875e-03
4.082070176000000356e+04 5.121467241785500682e-03
4.083421408000000520e+04 4.859494505404236483e-03
4.084772638999999617e+04 4.612091172472649464e-03
4.086123870999999781e+04 4.378393364882799711e-03
4.087475102000000334e+04 4.156744166723711637e-03
4.088826333000000159e+04 3.946542568404180426e-03
4.090177565000000322e+04 3.748347016853464768e-03
4.091528796000000148e+04 3.561114387410880926e-03
4.092880027999999584e+04 3.384912478581083087e-03
4.094231259000000136e+04 3.218830078441265851e-03
4.095582491000000300e+04 3.061680189791086276e-03
4.096933722000000125e+04 2.913754094572956407e-03
4.098284952999999950e+04 2.774169556685754726e-03
4.099636185000000842e+04 2.641513031346085297e-03
4.100987415999999939e+04 2.516176879971382830e-03
4.102338648000000103e+04 2.398171954666786319e-03
4.103689878999999200e+04 2.285464485379940739e-03
4.105041110999999364e+04 2.179085756590192283e-03
4.106392342000000644e+04 2.077984599290731791e-03
4.107743573999999353e+04 1.981993882295982837e-03
4.109094804999999906e+04 1.891152096497248671e-03
4.110446035999999731e+04 1.805532754567147364e-03
4.111797267999999895e+04 1.724696941363657553e-03
4.113148499000000447e+04 1.647878103106400344e-03
4.114499730999999883e+04 1.574776948213275863e-03
4.115850962000000436e+04 1.505448176272993974e-03
4.117202194000000600e+04 1.439649578350684928e-03
4.118553424999999697e+04 1.376682032006707780e-03
4.119904656999999861e+04 1.317480708765361936e-03
4.121255887999999686e+04 1.261168189235425301e-03
4.122607119000000239e+04 1.206965689977030102e-03
4.123958351000000403e+04 1.155335319821562635e-03
4.125309582000000228e+04 1.106855040858279338e-03
4.126660814000000391e+04 1.060313732265558747e-03
4.128012045000000217e+04 1.015942330805269609e-03
4.129363277000000380e+04 9.737451680604846185e-04
4.130714507999999478e+04 9.335212826760087759e-04
4.132065739000000031e+04 8.954210641478077028e-04
4.133416971000000194e+04 8.595694469498988809e-04
4.134768202000000019e+04 8.259765162837505274e-04
4.136119434000000183e+04 7.936591889253408107e-04
4.137470664999999281e+04 7.626700470416329734e-04
4.138821896999999444e+04 7.335041059581791367e-04
4.140173128000000725e+04 7.058819096698834734e-04
4.141524360000000161e+04 6.783099773806666212e-04
4.142875590999999986e+04 6.514246800750703170e-04
4.144226821999999083e+04 6.256656739453599894e-04
4.145578053999999247e+04 6.012037551029821188e-04
4.146929285000000527e+04 5.782512060635686645e-04
4.148280516999999963e+04 5.570378770492817513e-04
4.149631747999999789e+04 5.367499643870019986e-04
4.150982979999999952e+04 5.171842179841497876e-04
4.152334211000000505e+04 4.993298071097179974e-04
4.153685441999999603e+04 4.827790244413293522e-04
4.155036673999999766e+04 4.663736527202668489e-04
4.156387904999999591e+04 4.494206016030949944e-04
4.157739136999999027e+04 4.330812719262320566e-04
4.159090368000000308e+04 4.175967972131711873e-04
4.160441600000000471e+04 4.028464160188793375e-04
4.161792830999999569e+04 3.885750397453357650e-04
4.163144062999999733e+04 3.752015204581487205e-04
4.164495294000000285e+04 3.620670864686786677e-04
4.165846525000000111e+04 3.497297322389892899e-04
4.167197757000000274e+04 3.386507110439396749e-04
4.168548987999999372e+04 3.285189048408461584e-04
4.169900220000000263e+04 3.184704441708153134e-04
4.171251451000000088e+04 3.086410535614001220e-04
4.172602683000000252e+04 2.994985475035858010e-04
4.173953914000000077e+04 2.905241587838115237e-04
4.175305145999999513e+04 2.815180328998913859e-04
4.176656377000000793e+04 2.731332199620866330e-04
4.178007607999999891e+04 2.655851801348837744e-04
4.179358840000000055e+04 2.579373226613244918e-04
4.180710070999999880e+04 2.502614390451124893e-04
4.182061303000000044e+04 2.427636512867686631e-04
4.183412534000000596e+04 2.356411486512812283e-04
4.184763765999999305e+04 2.286912370672549832e-04
4.186114996999999858e+04 2.224989955523167017e-04
4.187466227999999683e+04 2.166802069946048527e-04
4.188817459999999846e+04 2.107987477218495754e-04
4.190168691000000399e+04 2.046460089464235228e-04
4.191519922999999835e+04 1.990738311629857370e-04
4.192871154000000388e+04 1.940622075400243911e-04
4.194222386000000552e+04 1.891109761360174589e-04
4.195573616999999649e+04 1.840886243128920499e-04
4.196924849000000540e+04 1.794986545829415834e-04
4.198276079999999638e+04 1.749132283582954187e-04
4.199627311000000191e+04 1.701568119051459537e-04
4.200978542999999627e+04 1.656690600561848132e-04
4.202329774000000180e+04 1.616027648379291307e-04
4.203681006000000343e+04 1.576126614802304620e-04
4.205032237000000168e+04 1.538018272653021191e-04
4.206383469000000332e+04 1.506696680970521043e-04
4.207734699999999430e+04 1.478651153678594795e-04
4.209085930999999982e+04 1.451264210291421932e-04
4.210437163000000146e+04 1.427305912317090278e-04
4.211788393999999971e+04 1.410240271826943654e-04
4.213139626000000135e+04 1.393477873445816821e-04
4.214490856999999232e+04 1.373171411339170803e-04
4.215842088999999396e+04 1.349491480184649285e-04
4.217193320000000676e+04 1.326954004301140913e-04
4.218544552000000112e+04 1.303134966896388105e-04
4.219895782999999938e+04 1.281205036044019002e-04
4.221247013999999035e+04 1.260802620804967215e-04
4.222598245999999199e+04 1.238781126281055000e-04
4.223949476999999752e+04 1.211567060818221508e-04
4.225300708999999915e+04 1.184938589893432838e-04
4.226651939999999740e+04 1.162019859371932640e-04
4.228003171999999176e+04 1.140199000126535905e-04
4.229354403000000457e+04 1.119972785391067560e-04
4.230705633999999554e+04 1.103853631676827833e-04
4.232056865999999718e+04 1.090665752759345573e-04
4.233408097000000998e+04 1.074792230187216326e-04
4.234759329000000434e+04 1.057864234214078871e-04
4.236110560000000260e+04 1.045850918829198406e-04
4.237461792000000423e+04 1.035029767095640426e-04
4.238813022999999521e+04 1.016971937263754487e-04
4.240164254999999685e+04 9.885237033473945898e-05
4.241515486000000237e+04 9.589586770191203336e-05
4.242866717000000062e+04 9.306808586879717748e-05
4.244217949000000226e+04 9.093533168875206243e-05
4.245569180000000051e+04 8.966932513727109513e-05
4.246920412000000942e+04 8.880158209136168970e-05
4.248271643000000040e+04 8.775993050313192793e-05
4.249622875000000204e+04 8.681291452820394730e-05
4.250974105999999301e+04 8.630697283868073036e-05
4.252325337999999465e+04 8.567945426630624317e-05
4.253676569000000745e+04 8.429068731748940260e-05
4.255027799999999843e+04 8.223934434130022097e-05
4.256379032000000007e+04 7.984237388446776412e-05
4.257730262999999832e+04 7.725581742416219025e-05
4.259081494999999995e+04 7.459735741400247834e-05
4.260432726000000548e+04 7.244229353280668532e-05
4.261783957999999984e+04 7.095003320957745253e-05
4.263135188999999809e+04 6.981443038950156405e-05
4.264486419999999634e+04 6.891856665930147909e-05
4.265837651999999798e+04 6.855448054178931133e-05
4.267188883000000351e+04 6.850874954595685229e-05
4.268540115000000515e+04 0.000000000000000000e+00
4.269891347000000678e+04 0.000000000000000000e+00
