6.023999999999999773e+02,2.720904999999999839e-08
6.048999999999999773e+02,2.296649999999999922e-08
6.073999999999999773e+02,1.724911999999999968e-08
6.098999999999999773e+02,2.038246000000000118e-08
6.123999999999999773e+02,2.055208000000000003e-08
6.148999999999999773e+02,2.014240000000000108e-08
6.173999999999999773e+02,1.379247999999999950e-08
6.198999999999999773e+02,1.656317999999999863e-08
6.223999999999999773e+02,2.807341000000000098e-08
6.248999999999999773e+02,1.760903999999999858e-08
6.273999999999999773e+02,2.030515000000000034e-08
6.298999999999999773e+02,2.015462999999999867e-08
6.323999999999999773e+02,1.984243000000000134e-08
6.348999999999999773e+02,2.404176000000000074e-08
6.373999999999999773e+02,1.340319000000000032e-08
6.398999999999999773e+02,2.342093999999999915e-08
6.423999999999999773e+02,1.867939999999999983e-08
6.448999999999999773e+02,2.332628999999999969e-08
6.473999999999999773e+02,1.983849999999999927e-08
6.498999999999999773e+02,1.635049000000000151e-08
6.523999999999999773e+02,1.890592000000000165e-08
6.548999999999999773e+02,2.743737000000000159e-08
6.573999999999999773e+02,2.754222000000000004e-08
6.598999999999999773e+02,5.148179000000000323e-08
6.623999999999999773e+02,9.315445000000000602e-08
6.648999999999999773e+02,1.374571000000000034e-07
6.673999999999999773e+02,1.945057999999999972e-07
6.698999999999999773e+02,2.834996999999999879e-07
6.723999999999999773e+02,4.305854999999999748e-07
6.748999999999999773e+02,7.281943999999999842e-07
6.773999999999999773e+02,1.373810999999999966e-06
6.798999999999999773e+02,2.898140999999999905e-06
6.823999999999999773e+02,6.562627000000000178e-06
6.848999999999999773e+02,1.280571999999999977e-05
6.873999999999999773e+02,2.698525000000000053e-05
6.898999999999999773e+02,6.403922000000000314e-05
6.923999999999999773e+02,1.983282999999999964e-04
6.948999999999999773e+02,5.959223000000000254e-04
6.973999999999999773e+02,1.880107999999999909e-03
6.998999999999999773e+02,6.398614000000000385e-03
7.023999999999999773e+02,2.261372000000000035e-02
7.048999999999999773e+02,7.282518999999999798e-02
7.073999999999999773e+02,1.586922000000000055e-01
7.098999999999999773e+02,2.149587000000000026e-01
7.123999999999999773e+02,2.289541999999999966e-01
7.148999999999999773e+02,2.286183999999999994e-01
7.173999999999999773e+02,2.257446999999999926e-01
7.198999999999999773e+02,2.216843000000000008e-01
7.223999999999999773e+02,2.174030000000000129e-01
7.248999999999999773e+02,2.140052000000000065e-01
7.273999999999999773e+02,2.124599000000000071e-01
7.298999999999999773e+02,2.125835000000000086e-01
7.323999999999999773e+02,2.134421999999999986e-01
7.348999999999999773e+02,2.142998000000000125e-01
7.373999999999999773e+02,2.141355000000000064e-01
7.398999999999999773e+02,2.125267999999999879e-01
7.423999999999999773e+02,2.092407000000000017e-01
7.448999999999999773e+02,2.052512999999999976e-01
7.473999999999999773e+02,2.013742000000000032e-01
7.498999999999999773e+02,1.982904000000000055e-01
7.523999999999999773e+02,1.962548000000000070e-01
7.548999999999999773e+02,1.953535000000000132e-01
7.573999999999999773e+02,1.955173000000000050e-01
7.598999999999999773e+02,1.956970000000000098e-01
7.623999999999999773e+02,1.952002999999999933e-01
7.648999999999999773e+02,1.931039999999999979e-01
7.673999999999999773e+02,1.897360999999999909e-01
7.698999999999999773e+02,1.855659000000000058e-01
7.723999999999999773e+02,1.813268000000000102e-01
7.748999999999999773e+02,1.774737000000000120e-01
7.773999999999999773e+02,1.744967000000000046e-01
7.798999999999999773e+02,1.722535000000000038e-01
7.823999999999999773e+02,1.708521000000000067e-01
7.848999999999999773e+02,1.696961999999999915e-01
7.873999999999999773e+02,1.688138000000000138e-01
7.898999999999999773e+02,1.673571000000000086e-01
7.923999999999999773e+02,1.656327999999999967e-01
7.948999999999999773e+02,1.636092000000000102e-01
7.973999999999999773e+02,1.617433000000000065e-01
7.998999999999999773e+02,1.599829000000000112e-01
8.023999999999999773e+02,1.582983000000000029e-01
8.048999999999999773e+02,1.566784999999999983e-01
8.073999999999999773e+02,1.549975000000000103e-01
8.098999999999999773e+02,1.528037999999999896e-01
8.123999999999999773e+02,1.500224000000000002e-01
8.148999999999999773e+02,1.465819999999999901e-01
8.173999999999999773e+02,1.430310999999999944e-01
8.198999999999999773e+02,1.393925000000000025e-01
8.223999999999999773e+02,1.361372999999999889e-01
8.248999999999999773e+02,1.337666000000000133e-01
8.273999999999999773e+02,1.320442000000000005e-01
8.298999999999999773e+02,1.311704999999999954e-01
8.323999999999999773e+02,1.307342999999999977e-01
8.348999999999999773e+02,1.307361999999999969e-01
8.373999999999999773e+02,1.304298000000000124e-01
8.398999999999999773e+02,1.300163000000000013e-01
8.423999999999999773e+02,1.290843000000000129e-01
8.448999999999999773e+02,1.274758000000000002e-01
8.473999999999999773e+02,1.258227000000000095e-01
8.498999999999999773e+02,1.222649999999999987e-01
8.523999999999999773e+02,1.195007000000000014e-01
8.548999999999999773e+02,1.172534999999999966e-01
8.573999999999999773e+02,1.150772000000000045e-01
8.598999999999999773e+02,1.133322999999999969e-01
8.623999999999999773e+02,1.119974999999999998e-01
8.648999999999999773e+02,1.113878999999999980e-01
8.673999999999999773e+02,1.111787000000000053e-01
8.698999999999999773e+02,1.107884999999999981e-01
8.723999999999999773e+02,1.103668000000000010e-01
8.748999999999999773e+02,1.098355000000000026e-01
8.773999999999999773e+02,1.089619000000000004e-01
8.798999999999999773e+02,1.077758999999999939e-01
8.823999999999999773e+02,1.060472999999999971e-01
8.848999999999999773e+02,1.043685000000000029e-01
8.873999999999999773e+02,1.028217000000000020e-01
8.898999999999999773e+02,1.012051000000000062e-01
8.923999999999999773e+02,9.947113999999999956e-02
8.948999999999999773e+02,9.799655999999999645e-02
8.973999999999999773e+02,9.645462000000000480e-02
8.998999999999999773e+02,9.505051000000000472e-02
9.023999999999999773e+02,9.348423000000000149e-02
9.048999999999999773e+02,9.196848999999999996e-02
9.073999999999999773e+02,9.052938000000000651e-02
9.098999999999999773e+02,8.918310999999999600e-02
9.123999999999999773e+02,8.770508999999999944e-02
9.148999999999999773e+02,8.617729999999999835e-02
9.173999999999999773e+02,8.450575999999999921e-02
9.198999999999999773e+02,8.279393999999999643e-02
9.223999999999999773e+02,8.072944999999999427e-02
9.249000999999999522e+02,7.852307999999999510e-02
9.273999999999999773e+02,7.621477999999999586e-02
9.298999999999999773e+02,7.391106000000000065e-02
9.323999999999999773e+02,7.173915999999999626e-02
9.348999999999999773e+02,6.968555999999999362e-02
9.373999000000000024e+02,6.776949999999999641e-02
9.398999999999999773e+02,6.596467999999999776e-02
9.423999999999999773e+02,6.389970000000000372e-02
9.448999999999999773e+02,6.150246999999999659e-02
9.473999999999999773e+02,5.867510000000000087e-02
9.498999999999999773e+02,5.542172000000000071e-02
9.524000999999999522e+02,5.269631999999999789e-02
9.548999000000000024e+02,4.916492000000000084e-02
9.573999999999999773e+02,4.264661000000000146e-02
9.598999999999999773e+02,3.065814000000000039e-02
9.623999999999999773e+02,1.687444000000000097e-02
9.648999999999999773e+02,7.611126000000000176e-03
9.673999999999999773e+02,3.186106000000000181e-03
9.698999999999999773e+02,1.401101999999999990e-03
9.723999999999999773e+02,6.290014000000000455e-04
9.748999999999999773e+02,3.060213000000000104e-04
9.773999999999999773e+02,1.554604000000000066e-04
9.798999999999999773e+02,8.859375999999999590e-05
9.823999999999999773e+02,5.701344000000000144e-05
9.848999999999999773e+02,3.655219999999999878e-05
9.873999999999999773e+02,2.215855000000000149e-05
9.898999999999999773e+02,1.854915999999999911e-05
9.923999999999999773e+02,1.540490999999999952e-05
9.948999000000000024e+02,1.324824999999999975e-05
9.973999999999999773e+02,1.281394000000000051e-05
9.998999999999999773e+02,1.019424999999999985e-05
1.002399999999999977e+03,7.919722999999999322e-06
1.004899999999999977e+03,8.571489000000000766e-06
1.007399999999999977e+03,5.702002999999999657e-06
1.009899999999999977e+03,5.246470000000000101e-06
1.012399999999999977e+03,7.297172000000000275e-06
1.014899999999999977e+03,6.506535999999999600e-06
1.017399999999999977e+03,2.571025000000000088e-06
1.019899999999999977e+03,4.250978999999999674e-06
1.022399999999999977e+03,4.028460999999999613e-06
1.024900000000000091e+03,3.222134000000000125e-06
1.027400000000000091e+03,2.289664000000000140e-06
1.029900000000000091e+03,3.051617999999999791e-06
1.032400000000000091e+03,3.057605999999999910e-06
1.034900000000000091e+03,1.786020000000000054e-06
1.037400000000000091e+03,1.460223000000000012e-06
1.039900000000000091e+03,1.067160000000000088e-06
1.042400000000000091e+03,1.517515000000000073e-06
1.044900000000000091e+03,1.191505000000000080e-06
1.047400000000000091e+03,1.600460999999999947e-06
1.049900000000000091e+03,1.186406999999999964e-06
1.052400000000000091e+03,1.341911999999999926e-06
1.054900000000000091e+03,1.101310000000000006e-06
1.057400000000000091e+03,8.421922999999999783e-07
1.059900000000000091e+03,6.990207999999999591e-07
1.062400000000000091e+03,3.874985000000000072e-07
1.064900000000000091e+03,7.338452000000000284e-07
1.067400000000000091e+03,5.118214999999999751e-07
1.069900000000000091e+03,7.849787999999999669e-07
1.072400000000000091e+03,2.743648000000000243e-07
1.074900000000000091e+03,2.319505999999999885e-07
1.077400000000000091e+03,3.296810999999999815e-09
1.079900000000000091e+03,3.249551000000000125e-09
1.082400000000000091e+03,2.898934999999999978e-09
1.084900000000000091e+03,2.918175000000000007e-09
1.087400000000000091e+03,2.412358999999999817e-09
1.089900000000000091e+03,2.733409000000000068e-09
1.092400000000000091e+03,2.026777000000000186e-09
1.094900000000000091e+03,1.785016000000000074e-09
1.097400000000000091e+03,1.454468000000000028e-09
1.099900000000000091e+03,1.261738000000000012e-09
