# SDSS u' filter
# From http://www.aip.de/en/research/facilities/stella/instruments/data/sloanugriz-filter-curves
1200,-0.012964863
1199.5,-0.011395485
1199,-0.013619051
1198.5,-0.017814016
1198,-0.014082963
1197.5,-0.013124063
1197,-0.00921478
1196.5,-0.011693149
1196,-0.017416773
1195.5,-0.011296488
1195,-0.016002012
1194.5,-0.013134733
1194,-0.014237063
1193.5,-0.01239053
1193,-0.015271448
1192.5,-0.016909508
1192,-0.014671394
1191.5,-0.0133074
1191,-0.010749091
1190.5,-0.011580216
1190,-0.014804991
1189.5,-0.013265241
1189,-0.013860703
1188.5,-0.017215263
1188,-0.012856644
1187.5,-0.013559827
1187,-0.015769621
1186.5,-0.01390544
1186,-0.012657669
1185.5,-0.01306209
1185,-0.015745061
1184.5,-0.016475964
1184,-0.013723835
1183.5,-0.011722347
1183,-0.016269282
1182.5,-0.016462427
1182,-0.013833495
1181.5,-0.010559293
1181,-0.013211065
1180.5,-0.013749811
1180,-0.011409391
1179.5,-0.015213998
1179,-0.014605973
1178.5,-0.014928123
1178,-0.013238238
1177.5,-0.014610041
1177,-0.016842186
1176.5,-0.016712092
1176,-0.010685568
1175.5,-0.013490407
1175,-0.013094273
1174.5,-0.013921231
1174,-0.011454902
1173.5,-0.013235126
1173,-0.014081967
1172.5,-0.014906421
1172,-0.013046497
1171.5,-0.014692524
1171,-0.014074493
1170.5,-0.012428325
1170,-0.011602767
1169.5,-0.0150706
1169,-0.01385059
1168.5,-0.010396521
1168,-0.011028225
1167.5,-0.014727971
1167,-0.014940959
1166.5,-0.009311311
1166,-0.011594695
1165.5,-0.014158173
1165,-0.011283736
1164.5,-0.011345414
1164,-0.013687863
1163.5,-0.012866185
1163,-0.009372439
1162.5,-0.015358252
1162,-0.015781617
1161.5,-0.013113599
1161,-0.011476261
1160.5,-0.012464702
1160,-0.014349839
1159.5,-0.012472835
1159,-0.016573051
1158.5,-0.012336008
1158,-0.015595814
1157.5,-0.012383098
1157,-0.011942304
1156.5,-0.01269325
1156,-0.012655756
1155.5,-0.012152277
1155,-0.014986278
1154.5,-0.015418283
1154,-0.010702109
1153.5,-0.015696472
1153,-0.01124554
1152.5,-0.014470515
1152,-0.013699346
1151.5,-0.010803934
1151,-0.013885003
1150.5,-0.013471234
1150,-0.011014685
1149.5,-0.012698089
1149,-0.011055889
1148.5,-0.016417032
1148,-0.013337708
1147.5,-0.009997605
1147,-0.013078679
1146.5,-0.016170762
1146,-0.01414813
1145.5,-0.01191203
1145,-0.014735569
1144.5,-0.011631217
1144,-0.010003035
1143.5,-0.014055999
1143,-0.013979933
1142.5,-0.014750543
1142,-0.016240761
1141.5,-0.014183117
1141,-0.011982229
1140.5,-0.012382299
1140,-0.017040014
1139.5,-0.015388201
1139,-0.016199911
1138.5,-0.011876793
1138,-0.014383178
1137.5,-0.013148066
1137,-0.014993008
1136.5,-0.012384381
1136,-0.01224075
1135.5,-0.012881632
1135,-0.012632604
1134.5,-0.017473478
1134,-0.01336733
1133.5,-0.011427278
1133,-0.013073502
1132.5,-0.014136567
1132,-0.011317988
1131.5,-0.015839696
1131,-0.013998984
1130.5,-0.010970963
1130,-0.014743315
1129.5,-0.014062619
1129,-0.008709867
1128.5,-0.008524735
1128,-0.014786743
1127.5,-0.015002887
1127,-0.010865308
1126.5,-0.009866314
1126,-0.013255807
1125.5,-0.015247475
1125,-0.013268019
1124.5,-0.011810047
1124,-0.014077338
1123.5,-0.011798452
1123,-0.013463544
1122.5,-0.013860677
1122,-0.010711951
1121.5,-0.013785331
1121,-0.010033778
1120.5,-0.015272368
1120,-0.012376437
1119.5,-0.012960861
1119,-0.013004581
1118.5,-0.014640226
1118,-0.012899641
1117.5,-0.009423783
1117,-0.014815462
1116.5,-0.010280066
1116,-0.011951977
1115.5,-0.013387558
1115,-0.011512815
1114.5,-0.012539228
1114,-0.01604146
1113.5,-0.015228637
1113,-0.010279202
1112.5,-0.015257002
1112,-0.015696127
1111.5,-0.011498423
1111,-0.010822624
1110.5,-0.011922289
1110,-0.013400399
1109.5,-0.013224564
1109,-0.011388512
1108.5,-0.01297579
1108,-0.009457998
1107.5,-0.012687219
1107,-0.013947712
1106.5,-0.012189806
1106,-0.014094993
1105.5,-0.01252581
1105,-0.008463726
1104.5,-0.014004269
1104,-0.014377506
1103.5,-0.010203366
1103,-0.013131022
1102.5,-0.010343293
1102,-0.010978633
1101.5,-0.010987353
1101,-0.012530904
1100.5,-0.011534063
1100,-0.012818289
1099.5,-0.016017564
1099,-0.012074922
1098.5,-0.010247564
1098,-0.017152565
1097.5,-0.014070706
1097,-0.01069852
1096.5,-0.011600006
1096,-0.013692942
1095.5,-0.01426773
1095,-0.014164459
1094.5,-0.013105864
1094,-0.012000156
1093.5,-0.012885187
1093,-0.011501401
1092.5,-0.013171599
1092,-0.014470313
1091.5,-0.014502389
1091,-0.012584957
1090.5,-0.011809346
1090,-0.012882398
1089.5,-0.015235478
1089,-0.01118448
1088.5,-0.013394902
1088,-0.012209374
1087.5,-0.012641811
1087,-0.012256298
1086.5,-0.012667201
1086,-0.017356571
1085.5,-0.010645817
1085,-0.007998765
1084.5,-0.016483953
1084,-0.014316164
1083.5,-0.014632006
1083,-0.008675172
1082.5,-0.017777788
1082,-0.013741633
1081.5,-0.011290388
1081,-0.011143801
1080.5,-0.015389837
1080,-0.012072466
1079.5,-0.010999527
1079,-0.009026458
1078.5,-0.010980337
1078,-0.014365886
1077.5,-0.014748662
1077,-0.014153283
1076.5,-0.011222649
1076,-0.011690132
1075.5,-0.013022712
1075,-0.014146972
1074.5,-0.013702342
1074,-0.008637669
1073.5,-0.014104374
1073,-0.012774013
1072.5,-0.014949698
1072,-0.010747811
1071.5,-0.013713215
1071,-0.014192277
1070.5,-0.011457828
1070,-0.011007287
1069.5,-0.011858924
1069,-0.015025459
1068.5,-0.009797388
1068,-0.014007309
1067.5,-0.011257194
1067,-0.011325179
1066.5,-0.015174766
1066,-0.014130587
1065.5,-0.009808545
1065,-0.01156834
1064.5,-0.010139059
1064,-0.016226346
1063.5,-0.00998564
1063,-0.012947091
1062.5,-0.012911875
1062,-0.011445664
1061.5,-0.011963619
1061,-0.010766983
1060.5,-0.015725259
1060,-0.011000185
1059.5,-0.011696106
1059,-0.008989941
1058.5,-0.014400886
1058,-0.010487307
1057.5,-0.013155868
1057,-0.014698946
1056.5,-0.009469299
1056,-0.011456541
1055.5,-0.015883941
1055,-0.011586321
1054.5,-0.013601336
1054,-0.010848003
1053.5,-0.01186181
1053,-0.011359386
1052.5,-0.01222843
1052,-0.015826765
1051.5,-0.016406737
1051,-0.013783823
1050.5,-0.010985058
1050,-0.012594013
1049.5,-0.013403004
1049,-0.007455631
1048.5,-0.011747327
1048,-0.016168222
1047.5,-0.012251388
1047,-0.012741533
1046.5,-0.011387855
1046,-0.011345425
1045.5,-0.013758786
1045,-0.012286452
1044.5,-0.010887776
1044,-0.012656183
1043.5,-0.012362411
1043,-0.012999866
1042.5,-0.009405064
1042,-0.011660013
1041.5,-0.012304526
1041,-0.012960937
1040.5,-0.01357501
1040,-0.011050371
1039.5,-0.015143094
1039,-0.010741198
1038.5,-0.013881714
1038,-0.013751528
1037.5,-0.012070013
1037,-0.012066726
1036.5,-0.013281104
1036,-0.010773366
1035.5,-0.007190809
1035,-0.016590038
1034.5,-0.014745265
1034,-0.009917596
1033.5,-0.01168419
1033,-0.01323488
1032.5,-0.015264137
1032,-0.010011729
1031.5,-0.013317445
1031,-0.012131421
1030.5,-0.016617166
1030,-0.010557098
1029.5,-0.009622407
1029,-0.013156571
1028.5,-0.017009553
1028,-0.010825627
1027.5,-0.013100025
1027,-0.01492765
1026.5,-0.017412212
1026,-0.009653406
1025.5,-0.011885645
1025,-0.012847743
1024.5,-0.013411796
1024,-0.010692656
1023.5,-0.010467224
1023,-0.015071269
1022.5,-0.01535878
1022,-0.007773386
1021.5,-0.011656391
1021,-0.012526863
1020.5,-0.008745337
1020,-0.010483757
1019.5,-0.012361305
1019,-0.01446516
1018.5,-0.01343685
1018,-0.009238309
1017.5,-0.015184155
1017,-0.016006809
1016.5,-0.008765284
1016,-0.0107683
1015.5,-0.015360722
1015,-0.012595582
1014.5,-0.01168917
1014,-0.010970774
1013.5,-0.012039715
1013,-0.014051218
1012.5,-0.012781196
1012,-0.012636563
1011.5,-0.011212626
1011,-0.012158635
1010.5,-0.01243405
1010,-0.008476049
1009.5,-0.012750905
1009,-0.014455427
1008.5,-0.013017644
1008,-0.017177969
1007.5,-0.011733286
1007,-0.00978235
1006.5,-0.008763212
1006,-0.012696069
1005.5,-0.013826047
1005,-0.01136251
1004.5,-0.010873157
1004,-0.007279545
1003.5,-0.011244398
1003,-0.01079716
1002.5,-0.01216433
1002,-0.011990818
1001.5,-0.009315547
1001,-0.010145681
1000.5,-0.015159733
1000,-0.010779222
999.5,-0.011636105
999,-0.008781419
998.5,-0.015134318
998,-0.007090196
997.5,-0.010586358
997,-0.01377653
996.5,-0.009475237
996,-0.012995517
995.5,-0.011902115
995,-0.009369475
994.5,-0.014197353
994,-0.011742522
993.5,-0.009675398
993,-0.011374234
992.5,-0.012260528
992,-0.010690128
991.5,-0.016360665
991,-0.01056151
990.5,-0.011742801
990,-0.012067813
989.5,-0.007837317
989,-0.012008846
988.5,-0.013028122
988,-0.014673292
987.5,-0.010120179
987,-0.011155589
986.5,-0.007753753
986,-0.012610834
985.5,-0.011780296
985,-0.011901997
984.5,-0.012304836
984,-0.013849483
983.5,-0.007144712
983,-0.009935712
982.5,-0.013253377
982,-0.009894113
981.5,-0.011913337
981,-0.010249024
980.5,-0.013139373
980,-0.010216462
979.5,-0.012341974
979,-0.010736967
978.5,-0.012223977
978,-0.012879581
977.5,-0.013418116
977,-0.007648462
976.5,-0.010096557
976,-0.012895822
975.5,-0.010659331
975,-0.008049087
974.5,-0.012910941
974,-0.014541063
973.5,-0.013119414
973,-0.009925831
972.5,-0.0108941
972,-0.011683774
971.5,-0.009794029
971,-0.013799872
970.5,-0.009175961
970,-0.009706426
969.5,-0.010273092
969,-0.012320715
968.5,-0.009496866
968,-0.00980917
967.5,-0.011011716
967,-0.010505989
966.5,-0.011797953
966,-0.010496795
965.5,-0.010026662
965,-0.014552823
964.5,-0.010066122
964,-0.012865207
963.5,-0.009653769
963,-0.01112027
962.5,-0.007184908
962,-0.014091734
961.5,-0.014998039
961,-0.007457645
960.5,-0.01191667
960,-0.010574611
959.5,-0.010580109
959,-0.009893035
958.5,-0.009449604
958,-0.012517179
957.5,-0.011856845
957,-0.009363115
956.5,-0.008519936
956,-0.012796889
955.5,-0.010854153
955,-0.012046782
954.5,-0.009419892
954,-0.011558793
953.5,-0.007062268
953,-0.011851395
952.5,-0.013560111
952,-0.009725066
951.5,-0.010081247
951,-0.010907995
950.5,-0.010555674
950,-0.007685262
949.5,-0.012085183
949,-0.007240928
948.5,-0.008546536
948,-0.015247262
947.5,-0.008807934
947,-0.005178278
946.5,-0.011205737
946,-0.011675103
945.5,-0.011376384
945,-0.009552677
944.5,-0.009723688
944,-0.011579183
943.5,-0.009532171
943,-0.013712753
942.5,-0.010057358
942,-0.009476144
941.5,-0.008454638
941,-0.009469832
940.5,-0.014959767
940,-0.009355538
939.5,-0.00818545
939,-0.010653931
938.5,-0.011245523
938,-0.007040465
937.5,-0.008975822
937,-0.011855559
936.5,-0.010291138
936,-0.005497584
935.5,-0.011042617
935,-0.012769206
934.5,-0.00707152
934,-0.012580986
933.5,-0.013256497
933,-0.007575093
932.5,-0.00890239
932,-0.010429513
931.5,-0.009495603
931,-0.013373032
930.5,-0.00646008
930,-0.00793332
929.5,-0.011403598
929,-0.011422762
928.5,-0.011188592
928,-0.011938261
927.5,-0.009343863
927,-0.008977371
926.5,-0.012672222
926,-0.00849296
925.5,-0.007227102
925,-0.0117073
924.5,-0.008154925
924,-0.012057219
923.5,-0.007918603
923,-0.007450556
922.5,-0.012035891
922,-0.012755978
921.5,-0.011926658
921,-0.006632564
920.5,-0.010526521
920,-0.013538795
919.5,-0.011429202
919,-0.012048832
918.5,-0.008507315
918,-0.009279677
917.5,-0.008847973
917,-0.009025772
916.5,-0.01378087
916,-0.007395238
915.5,-0.007672263
915,-0.00880959
914.5,-0.008238278
914,-0.009425676
913.5,-0.010299281
913,-0.010738789
912.5,-0.006793042
912,-0.007413643
911.5,-0.010633664
911,-0.008958965
910.5,-0.008343366
910,-0.009826651
909.5,-0.011992347
909,-0.008702844
908.5,-0.007533258
908,-0.012083377
907.5,-0.010785725
907,-0.006995148
906.5,-0.011215271
906,-0.009528709
905.5,-0.00820788
905,-0.009711797
904.5,-0.009509238
904,-0.006036127
903.5,-0.01102235
903,-0.011455046
902.5,-0.006414197
902,-0.009486651
901.5,-0.011059541
901,-0.006324695
900.5,-0.010794327
900,-0.008470348
899.5,-0.010385021
899,0.000936664
898.5,0.001755107
898,0.000382956
897.5,-0.002122867
897,0.00104246
896.5,0.002748719
896,0.00380275
895.5,0.001992566
895,0.000152445
894.5,0.001099434
894,0.000863742
893.5,0.003286099
893,0.001819032
892.5,0.002124835
892,0.002006055
891.5,0.002998757
891,0.001368374
890.5,0.003493397
890,0.004222333
889.5,0.000479936
889,0.000847772
888.5,0.002913241
888,0.002059059
887.5,0.003273448
887,0.002717237
886.5,0.001618763
886,0.000865719
885.5,0.003340729
885,0.004206813
884.5,0.004397462
884,0.002768296
883.5,0.001492557
883,0.002657838
882.5,0.005070411
882,0.005390451
881.5,0.002634741
881,0.003334337
880.5,0.00450615
880,0.002008912
879.5,0.003877945
879,0.002927009
878.5,0.00317625
878,0.002812684
877.5,0.003954082
877,0.00200013
876.5,0.003774077
876,0.003849151
875.5,0.002833637
875,0.00296036
874.5,0.003153328
874,0.001560968
873.5,0.002263841
873,0.001948608
872.5,0.003417894
872,0.00047433
871.5,0.002585445
871,0.001691576
870.5,0.002589124
870,0.002076959
869.5,0.002523036
869,0.002202765
868.5,0.000870634
868,0.002326844
867.5,0.001127876
867,0.001947456
866.5,0.001255193
866,0.001319981
865.5,0.001945978
865,0.001638963
864.5,0.000411306
864,0.00125294
863.5,-3.01E-05
863,0.00138526
862.5,0.000813665
862,0.001894786
861.5,0.002018889
861,0.001768886
860.5,0.001126471
860,0.001843162
859.5,0.000808646
859,0.001392523
858.5,0.001588386
858,0.001461927
857.5,0.001716459
857,0.001274881
856.5,0.002044328
856,0.001592633
855.5,0.001271168
855,0.002501014
854.5,0.001404674
854,0.002047074
853.5,0.001473209
853,0.00262409
852.5,0.003206785
852,-0.000117126
851.5,0.00220194
851,0.002398164
850.5,0.001938539
850,0.00128606
849.5,0.004032163
849,0.003314158
848.5,0.002333323
848,0.003244826
847.5,0.003370159
847,0.002915178
846.5,0.003429621
846,0.00551314
845.5,0.004243331
845,0.006582187
844.5,0.006656016
844,0.008994862
843.5,0.008060043
843,0.012615924
842.5,0.01290753
842,0.015954502
841.5,0.016146287
841,0.01846491
840.5,0.019069571
840,0.018640198
839.5,0.016451238
839,0.016233578
838.5,0.012781652
838,0.011584241
837.5,0.008776649
837,0.007141224
836.5,0.005682931
836,0.004760171
835.5,0.00380113
835,0.003618651
834.5,0.001268044
834,0.002222762
833.5,0.001677934
833,0.001276611
832.5,0.001681742
832,0.000855622
831.5,0.000744382
831,0.00059786
830.5,0.000444419
830,0.000206779
829.5,4.99E-05
829,0.000580879
828.5,-0.000888004
828,0.000451399
827.5,0.001345337
827,0.000663967
826.5,-0.000395606
826,-0.001125658
825.5,0.000291792
825,-0.000858192
824.5,-0.000267243
824,-0.001352935
823.5,-0.00206358
823,0.000657654
822.5,-0.000772185
822,1.73E-05
821.5,-9.63E-05
821,-0.000497301
820.5,-0.000115086
820,-0.001199605
819.5,0.000548861
819,-0.000184509
818.5,-0.000746255
818,-0.002146754
817.5,0.000582927
817,-0.000104172
816.5,-0.001192355
816,0.000755376
815.5,0.000161795
815,-0.000617638
814.5,-0.00037969
814,-0.000503642
813.5,-0.001264849
813,0.000519803
812.5,0.000180286
812,-0.000917015
811.5,-0.000347183
811,-0.000126643
810.5,2.36E-05
810,0.00025708
809.5,-0.000821466
809,-0.000805515
808.5,-0.000432151
808,-0.000278059
807.5,0.001150349
807,-0.000819784
806.5,0.000454959
806,-0.000166316
805.5,-0.001129317
805,0.000887276
804.5,0.000684444
804,-0.000612915
803.5,-0.001013235
803,0.000797479
802.5,0.000250519
802,-0.00062047
801.5,-0.00126806
801,0.000916612
800.5,0.000991116
800,-1.73E-05
799.5,-0.000949154
799,-0.000202578
798.5,0.000574497
798,0.001111455
797.5,0.00096786
797,-0.00146286
796.5,-0.000189942
796,0.0004798
795.5,-0.000729288
795,-0.000138051
794.5,0.000160454
794,0.000174863
793.5,0.000119616
793,-0.000893109
792.5,1.74E-05
792,0.000400044
791.5,-0.000452119
791,-0.001287712
790.5,-0.000200327
790,0.000377919
789.5,-0.000857281
789,0.000746469
788.5,0.000687474
788,-0.000325221
787.5,-0.000173676
787,0.000274163
786.5,-0.00013812
786,0.000230964
785.5,-0.000519247
785,-0.000222874
784.5,-0.000544361
784,0.000790447
783.5,-0.000909247
783,-0.000523656
782.5,0.000920311
782,0.000928277
781.5,-0.000248854
781,0.000184239
780.5,-7.40E-05
780,0.000504947
779.5,0.000466747
779,-0.000813197
778.5,0.000988863
778,0.000222092
777.5,0.000584909
777,-2.38E-05
776.5,0.000402834
776,-0.00025879
775.5,-0.001565652
775,-0.000664155
774.5,-0.000427824
774,-0.000615522
773.5,-0.001007628
773,-0.001391708
772.5,-0.000273401
772,0.00022609
771.5,-3.69E-05
771,-0.000732102
770.5,0.000492597
770,-5.30E-05
769.5,0.000103471
769,0.000324754
768.5,0.000609372
768,-0.00095703
767.5,0.000179531
767,0.000195009
766.5,-0.000423476
766,-0.001376419
765.5,0.001343365
765,-0.000974889
764.5,-0.000947455
764,0.000364221
763.5,-0.00068313
763,-0.000870811
762.5,0.000421279
762,-0.000537085
761.5,0.002371673
761,-8.56E-05
760.5,0.000202376
760,0.000575541
759.5,-0.000738695
759,-0.000286487
758.5,-0.001235455
758,-0.001200996
757.5,-0.002186603
757,0.000673748
756.5,-0.000322668
756,-0.001312067
755.5,-0.000715127
755,-0.00117648
754.5,0.000163061
754,-0.001182113
753.5,0.00046525
753,0.0002199
752.5,-0.00025589
752,-0.000305628
751.5,-0.000634426
751,-0.000677279
750.5,-0.001267797
750,0.000118332
749.5,-0.000466718
749,-0.001494351
748.5,-0.00187578
748,0.000409392
747.5,-0.000548605
747,-0.002100589
746.5,-0.000295647
746,0.000598134
745.5,0.000774186
745,-0.001098992
744.5,-0.00134792
744,0.000420203
743.5,9.10E-05
743,-0.00172336
742.5,-0.000210607
742,0.000805458
741.5,-0.000379269
741,-0.000582668
740.5,-0.001529643
740,0.000978901
739.5,-0.001119991
739,-0.000215033
738.5,-0.001588583
738,-0.000250285
737.5,0.000112162
737,-8.01E-05
736.5,0.000284505
736,0.000572591
735.5,-0.000830947
735,-0.000802064
734.5,-0.000324288
734,-0.000524494
733.5,-8.13E-05
733,-0.000613782
732.5,-0.00017894
732,0.000852178
731.5,-0.000471357
731,0.000360181
730.5,-9.94E-05
730,0.000268205
729.5,0.000284133
729,0.000503311
728.5,-0.002235986
728,6.51E-05
727.5,2.05E-05
727,0.000253641
726.5,0.00013023
726,0.000353463
725.5,-0.000308923
725,0.000651194
724.5,0.000331783
724,0.000430502
723.5,-0.000376978
723,0.00020114
722.5,-5.59E-05
722,-0.000982885
721.5,0.001253293
721,-6.41E-05
720.5,9.38E-05
720,-0.001135751
719.5,-0.000759754
719,0.000359045
718.5,0.000912471
718,0.000255838
717.5,-0.000187686
717,-0.000638828
716.5,-0.000491558
716,-0.000739033
715.5,-0.000508802
715,0.000517764
714.5,0.000465066
714,0.000367223
713.5,0.000194012
713,-0.000200235
712.5,-0.000516273
712,0.000513031
711.5,-0.000134445
711,0.000836753
710.5,-0.000159749
710,0.000274267
709.5,0.000630683
709,-0.001235434
708.5,-0.000339149
708,-0.000726216
707.5,0.000326301
707,-0.000412809
706.5,-0.000863002
706,0.000709421
705.5,-0.000139428
705,0.000970822
704.5,-0.000500167
704,0.000415823
703.5,0.000430748
703,-0.000287569
702.5,-0.000593084
702,-0.000239526
701.5,0.000543308
701,0.00103379
700.5,-0.000438358
700,-0.000411407
699.5,-0.000451874
699,0.000105416
698.5,-0.000616688
698,0.000901556
697.5,0.000242933
697,0.000458635
696.5,-0.000307087
696,-0.001176175
695.5,-0.000460741
695,0.000170705
694.5,0.000123596
694,-0.001120625
693.5,-0.001038666
693,0.000219399
692.5,-0.000498545
692,0.001182419
691.5,9.45E-05
691,0.000681989
690.5,-0.000119648
690,-0.000364158
689.5,0.001116527
689,0.000900562
688.5,-0.000437435
688,-0.000408449
687.5,0.001644532
687,0.000512829
686.5,0.000462787
686,-0.000427675
685.5,0.000146733
685,3.29E-05
684.5,-0.000208892
684,0.000231724
683.5,-0.001916338
683,-0.000514803
682.5,-0.000417981
682,-0.000192266
681.5,0.001177563
681,0.000151578
680.5,0.000774878
680,0.00045791
679.5,-0.001506629
679,0.000280115
678.5,0.000434084
678,0.000716281
677.5,0.000163773
677,-0.000271593
676.5,0.000834895
676,0.001046317
675.5,0.000923877
675,0.000714597
674.5,-0.000580283
674,0.000713864
673.5,-0.000252873
673,0.00051512
672.5,0.000564548
672,-0.000150674
671.5,0.00144716
671,0.001245002
670.5,0.000428105
670,-0.000153333
669.5,0.000397967
669,-0.001150673
668.5,0.000967691
668,-2.14E-05
667.5,-0.000260369
667,-8.71E-05
666.5,-0.001530236
666,-0.000887953
665.5,-0.000982306
665,-0.000222315
664.5,0.000424656
664,0.0007088
663.5,-0.000529828
663,-0.00016295
662.5,-0.000874268
662,-0.000640081
661.5,0.000318228
661,-5.70E-05
660.5,0.000712513
660,-0.000519612
659.5,0.000307345
659,-0.000467889
658.5,-0.00103912
658,-0.001632649
657.5,2.38E-05
657,-0.00015873
656.5,-0.001196114
656,0.000139898
655.5,0.000111034
655,-0.000666438
654.5,-3.94E-05
654,0.000308753
653.5,-0.000670922
653,0.000854962
652.5,0.001239067
652,0.000475006
651.5,-0.000198283
651,1.71E-05
650.5,2.70E-05
650,-0.000499005
649.5,-0.000687211
649,-0.000676187
648.5,-0.000600447
648,0.000392996
647.5,4.69E-06
647,0.000400627
646.5,-0.000637898
646,0.000881777
645.5,-1.15E-05
645,0.000471166
644.5,-7.82E-05
644,0.000402834
643.5,-0.000835038
643,0.001226448
642.5,-0.00056545
642,-0.001328509
641.5,-0.000574772
641,-0.000719607
640.5,0.001499713
640,-0.000385576
639.5,0.00107805
639,-0.000894361
638.5,-0.000340664
638,5.04E-06
637.5,0.000496245
637,0.000849109
636.5,-0.001175606
636,-0.000901938
635.5,-0.000551868
635,-0.001299681
634.5,1.20E-05
634,-0.000295301
633.5,0.000964801
633,0.000281978
632.5,0.000240103
632,0.000199119
631.5,-0.001114227
631,-0.000402718
630.5,-0.001003201
630,-0.000133464
629.5,-0.000813603
629,-0.000454664
628.5,0.000210523
628,-0.000853171
627.5,0.000424215
627,0.000130907
626.5,-0.000309564
626,0.00040741
625.5,-0.000471479
625,3.22E-05
624.5,0.000320517
624,9.59E-05
623.5,-0.002269673
623,-0.000207118
622.5,-0.000580664
622,-0.000435246
621.5,0.000305887
621,0.000379945
620.5,-0.001402144
620,1.10E-05
619.5,-0.00102444
619,-0.00087192
618.5,-0.000570919
618,-4.96E-05
617.5,-0.000337568
617,-0.000329671
616.5,-0.000904699
616,0.001500714
615.5,-0.000157921
615,-0.001224701
614.5,-0.001064685
614,-0.000764118
613.5,0.000237971
613,-0.001220969
612.5,-0.000922518
612,-0.000489617
611.5,0.000416561
611,8.68E-05
610.5,-3.54E-05
610,-0.000890796
609.5,0.000124059
609,-0.000587586
608.5,0.000639957
608,-0.000486789
607.5,-0.000334613
607,-0.000593356
606.5,-0.000780388
606,-0.000698944
605.5,-0.000686975
605,-0.000543965
604.5,-0.000602618
604,-0.000331479
603.5,-6.37E-05
603,-0.000391111
602.5,-6.18E-05
602,0.000398499
601.5,0.000395809
601,-0.001266978
600.5,-0.000212987
600,0.001518456
599.5,-0.001382558
599,0.000225482
598.5,0.000280999
598,-0.000980153
597.5,0.000812155
597,0.000163222
596.5,-0.001222665
596,-0.000680855
595.5,-0.000272154
595,-0.000377896
594.5,0.000614962
594,-0.000689719
593.5,-0.001477862
593,0.000362367
592.5,-0.000223825
592,-0.000726464
591.5,-0.000318095
591,-0.000899861
590.5,-0.001475725
590,-0.000397931
589.5,-0.001807651
589,-0.000359216
588.5,-9.48E-05
588,-0.00082933
587.5,0.000388072
587,5.95E-05
586.5,-0.000600461
586,9.34E-05
585.5,-0.000844882
585,0.000232113
584.5,0.000395782
584,0.000298119
583.5,0.00016756
583,0.000260761
582.5,-0.000285184
582,-0.001605106
581.5,8.94E-05
581,-0.000989701
580.5,0.000762132
580,0.001354612
579.5,-0.000275254
579,-0.000169014
578.5,2.91E-05
578,0.00075823
577.5,-0.000768586
577,-0.000575202
576.5,-0.000680261
576,-0.000927522
575.5,-0.00132897
575,0.000677338
574.5,-0.001924605
574,-0.001026574
573.5,-0.000386273
573,-0.000331083
572.5,0.000246203
572,-0.000140992
571.5,-0.001517099
571,0.00021065
570.5,-5.15E-05
570,-0.000954423
569.5,-0.000681146
569,-0.00039267
568.5,0.00092105
568,0.000470534
567.5,-0.000358878
567,-0.001571095
566.5,0.000300685
566,0.000219568
565.5,-0.000315171
565,-0.000315803
564.5,-0.001605094
564,0.00075022
563.5,0.000525571
563,-7.62E-05
562.5,9.30E-07
562,0.000755559
561.5,0.000529727
561,0.000755904
560.5,-0.001656288
560,-0.00045055
559.5,-0.000979173
559,0.000151806
558.5,-0.000755047
558,0.000754394
557.5,-0.001739833
557,-0.000380858
556.5,-0.001214386
556,-0.001594989
555.5,-5.84E-06
555,-0.000840848
554.5,-0.00015975
554,0.0009022
553.5,-0.000997976
553,-0.001455932
552.5,-0.000240972
552,-0.000394543
551.5,-0.000243508
551,-0.000320961
550.5,-0.001619751
550,0.000134493
549.5,-0.000249087
549,-0.001091854
548.5,0.000666756
548,-0.000559422
547.5,-0.000192315
547,0.000153301
546.5,-0.000132983
546,-0.000919512
545.5,0.000375574
545,-0.000687204
544.5,-0.000604826
544,-0.002353881
543.5,-0.00064901
543,-0.00133601
542.5,-0.00125547
542,-6.88E-05
541.5,5.21E-06
541,-0.000954737
540.5,-0.000810672
540,0.000222825
539.5,-0.000389904
539,-0.001137482
538.5,0.00016279
538,-0.000107304
537.5,-0.000104679
537,0.000916208
536.5,0.000239447
536,-0.000842089
535.5,3.96E-05
535,0.000108988
534.5,0.000110731
534,-0.000899495
533.5,-0.001099178
533,-0.000760115
532.5,-0.000354863
532,-0.000420459
531.5,-0.000486558
531,0.001125874
530.5,5.30E-05
530,-0.001153122
529.5,-7.97E-05
529,-0.000882889
528.5,0.000725529
528,-0.00242021
527.5,0.001127506
527,-0.000879367
526.5,-0.000945705
526,-0.001613479
525.5,0.000191902
525,0.000258774
524.5,-0.000944416
524,-0.000275643
523.5,-0.000475876
523,-0.000676528
522.5,0.001128008
522,0.000259133
521.5,-0.001680104
521,-0.000209299
520.5,-0.000343138
520,-9.03E-06
519.5,0.000325107
519,-0.001815334
518.5,-0.000210687
518,-0.000144061
517.5,-0.000880212
517,0.000390664
516.5,0.000390228
516,-0.001485416
515.5,-0.001218517
515,-0.000951369
514.5,-0.000483507
514,-8.16E-05
513.5,5.17E-05
513,-0.001425517
512.5,0.000251536
512,-0.000756704
511.5,0.000720722
511,-0.001162423
510.5,-0.000895207
510,0.001392243
509.5,0.000449048
509,-0.000428005
508.5,-0.000361884
508,-0.000633152
507.5,-0.000297096
507,0.000106931
506.5,-0.000705635
506,-0.001654812
505.5,-0.000438529
505,-0.001117751
504.5,-0.000441658
504,0.000303366
503.5,-0.000581081
503,-0.001059032
502.5,-0.001061434
502,0.00023019
501.5,0.000978751
501,0.000909849
500.5,-0.000320248
500,-0.000117266
499.5,-0.000598111
499,-0.000668833
498.5,-0.000602456
498,-0.000124433
497.5,-0.000332443
497,0.000490436
496.5,0.000626837
496,0.000418952
495.5,0.000900368
495,7.03E-05
494.5,-0.000484502
494,-0.00159574
493.5,-0.00090624
493,-0.000909399
492.5,-0.000495683
492,0.000267114
491.5,-0.000153086
491,-0.001411244
490.5,0.000540954
490,-0.000439896
489.5,-2.28E-05
489,-0.001708585
488.5,0.000182977
488,-0.000873876
487.5,-0.000243657
487,-0.001022514
486.5,-0.00032001
486,-0.000322719
485.5,0.000736907
485,0.000167922
484.5,-0.00111317
484,2.10E-05
483.5,0.000659783
483,0.000800866
482.5,-0.00170156
482,-0.000204058
481.5,0.000222955
481,-0.00114337
480.5,-0.000500685
480,-0.000360298
479.5,0.000790425
479,6.66E-05
478.5,-0.000442156
478,-0.000735361
477.5,5.88E-05
477,0.000274461
476.5,-0.000382621
476,-2.19E-05
475.5,-0.000389336
475,-0.001050474
474.5,-2.98E-05
474,-0.000619355
473.5,-0.001063647
473,-0.000552793
472.5,0.000696081
472,0.000399438
471.5,0.000471474
471,-0.001305967
470.5,0.000986194
470,0.000317373
469.5,0.000463843
469,-0.001026263
468.5,-0.000433897
468,0.000831335
467.5,-0.000813504
467,-0.000218783
466.5,-0.001420398
466,-0.000449739
465.5,-0.000753603
465,-0.00196053
464.5,-0.001212279
464,-0.001141622
463.5,-0.000314523
463,-0.001149956
462.5,-0.000548018
462,-0.000323802
461.5,-0.00116288
461,-0.000266871
460.5,-0.000782816
460,-7.07E-05
459.5,-0.001293464
459,6.72E-05
458.5,0.000855994
458,-0.000226825
457.5,0.001141764
457,-0.000522741
456.5,-0.002193428
456,-0.000748679
455.5,0.000482582
455,0.000480087
454.5,-0.000106358
454,-0.000329601
453.5,0.000179225
453,0.000249233
452.5,0.000540334
452,-0.000347557
451.5,-0.001165845
451,-0.000209569
450.5,0.001568704
450,0.001046793
449.5,-0.000747707
449,-0.001204001
448.5,-0.001287941
448,0.001415482
447.5,-0.001079513
447,-0.000485084
446.5,0.000857183
446,-0.001289647
445.5,-0.000726807
445,0.000631719
444.5,-9.52E-05
444,-0.000682932
443.5,-0.001640211
443,-4.51E-05
442.5,0.000755779
442,-0.000503741
441.5,-0.000143441
441,-7.79E-05
440.5,0.000287839
440,0.000656726
439.5,-0.001056087
439,0.000790414
438.5,-0.000135256
438,-0.000288565
437.5,0.000200698
437,0.000263691
436.5,-0.000544057
436,-0.001215962
435.5,0.001558984
435,-0.000515532
434.5,0.001706442
434,-0.000172014
433.5,-0.001220767
433,0.000134511
432.5,-0.000882879
432,0.000254555
431.5,2.40E-05
431,-0.000652495
430.5,-0.000598377
430,0.00035509
429.5,-0.001657121
429,-0.000225181
428.5,-0.000171725
428,2.86E-05
427.5,-0.000134178
427,0.000366213
426.5,-0.000544807
426,-0.000126322
425.5,0.001268149
425,-0.000608853
424.5,0.001769198
424,-0.000291977
423.5,-0.00120886
423,-0.00142873
422.5,0.000203504
422,4.20E-05
421.5,-0.000777875
421,0.000369727
420.5,0.000502117
420,-0.001216488
419.5,5.58E-05
419,-0.000613543
418.5,-0.000789259
418,-0.000673934
417.5,-0.000332702
417,0.0011927
416.5,-0.001032703
416,-0.000125856
415.5,0.001100249
415,0.001471189
414.5,0.000492774
414,0.000122433
413.5,0.000389909
413,0.000810518
412.5,0.001537755
412,0.000891736
411.5,0.001260096
411,0.002463066
410.5,0.000890024
410,0.003285321
409.5,0.00264162
409,0.004984875
408.5,0.008119482
408,0.008978562
407.5,0.013510409
407,0.016193528
406.5,0.021640128
406,0.02860106
405.5,0.038823459
405,0.049580306
404.5,0.065887943
404,0.083842136
403.5,0.109256268
403,0.142751306
402.5,0.181894064
402,0.229811803
401.5,0.291212738
401,0.365675211
400.5,0.458382249
400,0.570877791
399.5,0.702594161
399,0.864416242
398.5,1.053800941
398,1.272608161
397.5,1.533899784
397,1.832176566
396.5,2.182503223
396,2.584236622
395.5,3.030227423
395,3.549914122
394.5,4.124026775
394,4.765136719
393.5,5.489321709
393,6.273876667
392.5,7.15225935
392,8.100427628
391.5,9.113163948
391,10.23070526
390.5,11.42150497
390,12.68561745
389.5,14.05537605
389,15.45473289
388.5,16.91495705
388,18.41240311
387.5,19.95496368
387,21.56400681
386.5,23.15805054
386,24.76071548
385.5,26.41824532
385,28.0378933
384.5,29.65841866
384,31.31342506
383.5,32.90988541
383,34.54870224
382.5,36.15745544
382,37.74036026
381.5,39.33176804
381,40.93079376
380.5,42.52393341
380,44.12822723
379.5,45.66719818
379,47.18313217
378.5,48.63107681
378,50.01446533
377.5,51.37172318
377,52.64154053
376.5,53.87716293
376,54.97435379
375.5,56.01709366
375,56.9771347
374.5,57.90663528
374,58.69948959
373.5,59.52531052
373,60.2664299
372.5,60.97180176
372,61.64768982
371.5,62.31847382
371,63.00357437
370.5,63.63406754
370,64.28299713
369.5,64.90642548
369,65.51190948
368.5,66.02910614
368,66.56534576
367.5,67.04453278
367,67.47450256
366.5,67.80951691
366,68.07926941
365.5,68.33876038
365,68.51776123
364.5,68.65576172
364,68.75504303
363.5,68.83135223
363,68.89150238
362.5,68.9352417
362,68.94359589
361.5,68.95295715
361,68.92873383
360.5,68.86203003
360,68.79747772
359.5,68.67190552
359,68.49504852
358.5,68.29450989
358,68.03096008
357.5,67.76085663
357,67.45859528
356.5,67.08573151
356,66.7618866
355.5,66.44299316
355,66.10273743
354.5,65.77875519
354,65.46356964
353.5,65.18449402
353,64.88023376
352.5,64.56354523
352,64.18779755
351.5,63.79855347
351,63.33852386
350.5,62.83304596
350,62.27338409
349.5,61.67017746
349,61.00999069
348.5,60.27902985
348,59.62405777
347.5,58.96378326
347,58.27737427
346.5,57.61211014
346,57.04006958
345.5,56.35333633
345,55.71524429
344.5,55.10293961
344,54.37924194
343.5,53.60723114
343,52.8792572
342.5,51.99888992
342,51.11964417
341.5,50.21380234
341,49.30836105
340.5,48.39547729
340,47.50281143
339.5,46.64233017
339,45.82600784
338.5,44.99282074
338,44.19667816
337.5,43.36468506
337,42.54321289
336.5,41.66091156
336,40.67750168
335.5,39.65238571
335,38.55355453
334.5,37.4257164
334,36.26858521
333.5,35.12334824
333,34.01447678
332.5,32.92582321
332,31.85899353
331.5,30.86251259
331,29.8937149
330.5,28.93534088
330,27.98676491
329.5,26.97861862
329,25.97673225
328.5,24.9580574
328,23.91102982
327.5,22.85737038
327,21.80145836
326.5,20.7335701
326,19.74213791
325.5,18.73428726
325,17.76984406
324.5,16.84830856
324,15.91199684
323.5,15.01490211
323,14.13213158
322.5,13.25529861
322,12.43289757
321.5,11.6145916
321,10.8479023
320.5,10.13855839
320,9.424848557
319.5,8.776620865
319,8.162964821
318.5,7.562237263
318,6.989949226
317.5,6.416791916
317,5.870261192
316.5,5.355682373
316,4.859972954
315.5,4.400103569
315,3.985542536
314.5,3.594158173
314,3.231220245
313.5,2.894667625
313,2.578879833
312.5,2.293049574
312,2.022360563
311.5,1.781803131
311,1.566204071
310.5,1.36935401
310,1.198335886
309.5,1.044657826
309,0.903119445
308.5,0.779323578
308,0.661419034
307.5,0.559201241
307,0.471688062
306.5,0.396116763
306,0.332474649
305.5,0.280333996
305,0.236577198
304.5,0.199164748
304,0.167391345
303.5,0.135165051
303,0.108605601
302.5,0.087109715
302,0.070257515
301.5,0.052207664
301,0.041710474
300.5,0.031895425
300,0.023881089
299.5,0.017060427
299,0.01102632
298.5,0.007587776
298,0.005571688
297.5,0.001826229
297,0.000877494
296.5,0.000886892
296,0.000462181
295.5,0.000111232
295,-0.000992604
294.5,-9.35E-05
294,-0.000322547
293.5,-0.000356603
293,-0.000204453
292.5,0.000429691
292,-0.00047301
291.5,0.000433167
291,-0.000562117
290.5,-3.13E-05
290,-0.001358556
289.5,1.71E-05
289,0.000558593
288.5,0.000253997
288,-0.000418257
287.5,-0.000885873
287,-0.000974163
286.5,-0.000472505
286,0.000439423
285.5,-0.000689227
285,-0.000846272
284.5,-0.000380969
284,-0.001320253
283.5,-0.000357267
283,-0.000526583
282.5,-0.000436214
282,-0.000222769
281.5,0.000421108
281,5.28E-06
280.5,0.000656892
280,-0.000477434
279.5,-0.000518816
279,0.000523919
278.5,0.000914313
278,-0.000950932
277.5,6.34E-05
277,-0.000806505
276.5,0.000300657
276,0.000508575
275.5,-0.000640029
275,0.000975649
274.5,-0.000661952
274,-0.001018403
273.5,0.000123544
273,-0.000237358
272.5,0.000433086
272,-0.000732752
271.5,-0.000905915
271,0.000207725
270.5,-3.42E-05
270,-0.00020908
269.5,-0.000506117
269,-0.000176738
268.5,-0.000994833
268,0.00044142
267.5,-0.000201368
267,-0.000768745
266.5,-0.000683303
266,-0.001555242
265.5,-0.000265555
265,-0.000813778
264.5,-4.71E-05
264,-0.000966793
263.5,-0.001808405
263,-0.000336486
262.5,-0.000909935
262,-0.0008919
261.5,-3.73E-05
261,0.000934202
260.5,-0.000334276
260,-0.000321917
259.5,-0.001002222
259,-0.000954473
258.5,-0.000769965
258,0.000445433
257.5,-0.000876054
257,-0.000268169
256.5,7.02E-05
256,1.18E-05
255.5,-0.000958497
255,-0.001078489
254.5,3.27E-05
254,-0.000543471
253.5,-0.001052966
253,0.001075051
252.5,-0.000143684
252,0.000500874
251.5,-0.000908111
251,-0.000328529
250.5,-0.00141645
250,-0.000582181
249.5,-0.000324971
249,-0.001220881
248.5,0.000446484
248,-5.07E-08
247.5,-0.000573461
247,-0.000506365
246.5,0.000327923
246,-0.001629606
245.5,-0.000102866
245,-0.00037094
244.5,-0.001319091
244,0.000454084
243.5,-0.001171069
243,-0.001777584
242.5,-0.00069064
242,-0.000283108
241.5,-0.001029586
241,-0.000827649
240.5,-8.18E-05
240,-1.48E-05
239.5,0.00018812
239,-8.69E-05
238.5,-0.001939605
238,0.001005898
237.5,0.000109094
237,-0.00079453
236.5,-0.000873049
236,-0.00088282
235.5,-0.001384798
235,-0.001258253
234.5,-0.001060727
234,-0.000577074
233.5,-0.001236197
233,-0.000533267
232.5,-0.000694451
232,0.001419063
231.5,8.44E-05
231,-0.001946229
230.5,-0.000543934
230,-0.000189299
229.5,0.000859861
229,5.92E-05
228.5,-0.001123658
228,-0.000194099
227.5,0.000233552
227,0.000217642
226.5,-0.001144489
226,-0.000574645
225.5,-0.000385577
225,-0.001377658
224.5,0.000231186
224,-0.000249475
223.5,-0.001101919
223,0.001957107
222.5,-0.001615671
222,-0.000765507
221.5,0.000401533
221,-0.000456993
220.5,0.00017203
220,-0.000782726
219.5,0.001070613
219,3.31E-05
218.5,-0.000239441
218,-0.000668019
217.5,0.00048305
217,-0.000633488
216.5,0.000617162
216,-0.000203848
215.5,0.000416311
215,-0.002177053
214.5,0.000387637
214,0.000322525
213.5,-0.000960153
213,-0.001996858
212.5,-0.000847952
212,-0.00179034
211.5,0.000475426
211,-0.001200873
210.5,-0.000726099
210,0.000349276
209.5,-0.000410852
209,-0.000954517
208.5,-0.000872858
208,0.000316407
207.5,0.000476566
207,-0.000144441
206.5,0.001427239
206,-0.000771957
205.5,0.00056409
205,0.000561143
204.5,0.000474452
204,-0.001790527
203.5,0.000402411
203,-0.000829196
202.5,-0.00077662
202,-9.91E-07
201.5,-0.002261226
201,0.000498502
200.5,-0.00027109
200,-0.00090366