# SDSS i' filter
# From http://www.aip.de/en/research/facilities/stella/instruments/data/sloanugriz-filter-curves
1100,0.016989978
1099.5,0.011556068
1099,0.013618346
1098.5,0.011309397
1098,0.014193976
1097.5,0.013827494
1097,0.013689029
1096.5,0.012012143
1096,0.010340733
1095.5,0.009490682
1095,0.012608884
1094.5,0.013261195
1094,0.012652723
1093.5,0.009932054
1093,0.013503706
1092.5,0.011806441
1092,0.010576512
1091.5,0.009061837
1091,0.010017751
1090.5,0.009158345
1090,0.015168048
1089.5,0.008991095
1089,0.008672212
1088.5,0.008808682
1088,0.010231402
1087.5,0.009360543
1087,0.011283483
1086.5,0.008643913
1086,0.013392853
1085.5,0.012544659
1085,0.00730072
1084.5,0.011156504
1084,0.012028562
1083.5,0.005045186
1083,0.00604983
1082.5,0.012857987
1082,0.010984613
1081.5,0.00589711
1081,0.007707347
1080.5,0.009236801
1080,0.01055267
1079.5,0.00826815
1079,0.008298046
1078.5,0.009669355
1078,0.007357375
1077.5,0.010126186
1077,0.007578667
1076.5,0.010766178
1076,0.007978828
1075.5,0.006853948
1075,0.009909621
1074.5,0.007189298
1074,0.009178901
1073.5,0.004780656
1073,0.00930531
1072.5,0.009373006
1072,0.006297328
1071.5,0.008749471
1071,0.008268252
1070.5,0.009128939
1070,0.009157446
1069.5,0.007908081
1069,0.011690291
1068.5,0.008917987
1068,0.005872031
1067.5,0.010006311
1067,0.011302909
1066.5,0.006818451
1066,0.005672546
1065.5,0.008857149
1065,0.009544672
1064.5,0.009214651
1064,0.0066305
1063.5,0.007394832
1063,0.007868503
1062.5,0.009382555
1062,0.008981463
1061.5,0.004871637
1061,0.012525318
1060.5,0.008300764
1060,0.009002245
1059.5,0.00601864
1059,0.006721634
1058.5,0.006581658
1058,0.011055576
1057.5,0.010181095
1057,0.008125986
1056.5,0.007530024
1056,0.008285217
1055.5,0.01153395
1055,0.008350733
1054.5,0.006133044
1054,0.010965895
1053.5,0.012467067
1053,0.009767804
1052.5,0.008465166
1052,0.009087302
1051.5,0.013034696
1051,0.003264277
1050.5,0.007089093
1050,0.01006037
1049.5,0.006622361
1049,0.010266617
1048.5,0.002681102
1048,0.009920144
1047.5,0.008544131
1047,0.010862686
1046.5,0.00673043
1046,0.010119183
1045.5,0.009959516
1045,0.007676279
1044.5,0.007819331
1044,0.01017631
1043.5,0.010921182
1043,0.009280638
1042.5,0.006401652
1042,0.006421195
1041.5,0.010212473
1041,0.010170342
1040.5,0.004155772
1040,0.006038344
1039.5,0.00855597
1039,0.009202792
1038.5,0.009551755
1038,0.008557744
1037.5,0.006969154
1037,0.007079582
1036.5,0.00803707
1036,0.006588701
1035.5,0.007753135
1035,0.008255323
1034.5,0.004490946
1034,0.007425458
1033.5,0.005724879
1033,0.006095882
1032.5,0.009957801
1032,0.00822666
1031.5,0.00730861
1031,0.005548528
1030.5,0.008787454
1030,0.010581685
1029.5,0.00940184
1029,0.007118224
1028.5,0.00983287
1028,0.002895663
1027.5,0.003288969
1027,0.008018802
1026.5,0.00841696
1026,0.008339034
1025.5,0.007984482
1025,0.006190062
1024.5,0.007901708
1024,0.011343457
1023.5,0.007359646
1023,0.007024145
1022.5,0.01047403
1022,0.003030976
1021.5,0.010430235
1021,0.005500271
1020.5,0.004575718
1020,0.013362347
1019.5,0.005203886
1019,0.003957614
1018.5,0.009190373
1018,0.010875527
1017.5,0.005830607
1017,0.003436952
1016.5,0.0124429
1016,0.009802762
1015.5,0.006888403
1015,0.008438004
1014.5,0.005513089
1014,0.00854312
1013.5,0.009358291
1013,0.007129747
1012.5,0.009608439
1012,0.012337098
1011.5,0.007211363
1011,0.012493886
1010.5,0.011417551
1010,0.007833629
1009.5,0.008705992
1009,0.006496531
1008.5,0.011337484
1008,0.008644616
1007.5,0.008664443
1007,0.00724935
1006.5,0.010529191
1006,0.01011801
1005.5,0.006718612
1005,0.007251212
1004.5,0.007330852
1004,0.007617355
1003.5,0.008892894
1003,0.006496565
1002.5,0.009997939
1002,0.008185444
1001.5,0.007864356
1001,0.007117711
1000.5,0.007560919
1000,0.009480656
999.5,0.00429788
999,0.009127208
998.5,0.008939202
998,0.00798119
997.5,0.007348258
997,0.007975216
996.5,0.008752972
996,0.014663669
995.5,0.007167066
995,0.006402265
994.5,0.011048138
994,0.009826447
993.5,0.008640819
993,0.009192522
992.5,0.008112906
992,0.011557573
991.5,0.01267382
991,0.00600106
990.5,0.006194456
990,0.010744404
989.5,0.006035081
989,0.010065273
988.5,0.009478086
988,0.008720746
987.5,0.009765823
987,0.008237829
986.5,0.013361369
986,0.003836187
985.5,0.008307751
985,0.012563792
984.5,0.007667828
984,0.0096917
983.5,0.012155483
983,0.003646133
982.5,0.006849103
982,0.010687028
981.5,0.005250765
981,0.004257243
980.5,0.008645264
980,0.005707263
979.5,0.006952875
979,0.009990993
978.5,0.009050866
978,0.005408168
977.5,0.007796753
977,0.009089688
976.5,0.007376207
976,0.009251645
975.5,0.007555953
975,0.004051612
974.5,0.00870851
974,0.006298479
973.5,0.004293576
973,0.005517446
972.5,0.010607551
972,0.008913464
971.5,0.003125537
971,0.00492343
970.5,0.007122429
970,0.011571535
969.5,0.010259119
969,0.010261483
968.5,0.007254297
968,0.009261751
967.5,0.006992322
967,0.008151078
966.5,0.009056741
966,0.010756086
965.5,0.012409172
965,0.009252326
964.5,0.005534977
964,0.008251562
963.5,0.007547845
963,0.0071625
962.5,0.009234337
962,0.007652327
961.5,0.008956849
961,0.004941863
960.5,0.00926068
960,0.011053241
959.5,0.010332521
959,0.011670831
958.5,0.01121088
958,0.007409144
957.5,0.007409152
957,0.007079379
956.5,0.00809818
956,0.00861315
955.5,0.011412135
955,0.011821724
954.5,0.006314711
954,0.010383187
953.5,0.00994633
953,0.010213773
952.5,0.007286911
952,0.007866392
951.5,0.010751531
951,0.008819445
950.5,0.007088138
950,0.008373384
949.5,0.009872994
949,0.012752799
948.5,0.010226146
948,0.011817531
947.5,0.004767208
947,0.008365856
946.5,0.011646839
946,0.008712368
945.5,0.007936939
945,0.002818997
944.5,0.015890181
944,0.011199926
943.5,0.009066683
943,0.008321526
942.5,0.011562472
942,0.010757126
941.5,0.009779681
941,0.007818266
940.5,0.005813694
940,0.01086809
939.5,0.012415132
939,0.007055969
938.5,0.00985838
938,0.009571716
937.5,0.01125251
937,0.008714237
936.5,0.009623026
936,0.010490833
935.5,0.007964658
935,0.009938932
934.5,0.005861646
934,0.005203927
933.5,0.008666893
933,0.008991212
932.5,0.008139541
932,0.011768816
931.5,0.010477072
931,0.009516078
930.5,0.013594964
930,0.006463625
929.5,0.005876096
929,0.009657302
928.5,0.012090068
928,0.006452741
927.5,0.01166093
927,0.012667513
926.5,0.008614188
926,0.010359893
925.5,0.010253994
925,0.008339206
924.5,0.004238419
924,0.01211918
923.5,0.008693209
923,0.010205058
922.5,0.008751157
922,0.014313217
921.5,0.006741814
921,0.006271818
920.5,0.012680055
920,0.014156585
919.5,0.008462328
919,0.010075123
918.5,0.010445043
918,0.008994436
917.5,0.013102322
917,0.007133929
916.5,0.011177411
916,0.010060757
915.5,0.01063111
915,0.011018979
914.5,0.008695731
914,0.01056511
913.5,0.011266414
913,0.012515115
912.5,0.010479895
912,0.015873464
911.5,0.006546654
911,0.008962027
910.5,0.011963588
910,0.008478095
909.5,0.008931308
909,0.013013151
908.5,0.008392817
908,0.010069112
907.5,0.008572813
907,0.017643983
906.5,0.007574853
906,0.008662356
905.5,0.012775595
905,0.010414848
904.5,0.015118824
904,0.015189217
903.5,0.007183964
903,0.00970276
902.5,0.015400519
902,0.011848962
901.5,0.006256748
901,0.010053635
900.5,0.019355446
900,0.008543768
899.5,0.008871187
899,-0.001990377
898.5,0.001621851
898,0.003175494
897.5,0.004650548
897,0.00078643
896.5,0.003665259
896,0.002897342
895.5,0.003111551
895,0.005221299
894.5,0.004325495
894,0.007903456
893.5,0.004231752
893,0.004484999
892.5,0.006083567
892,0.004742919
891.5,0.005196718
891,0.008549577
890.5,0.001495579
890,0.008020647
889.5,0.005640082
889,0.006245074
888.5,0.007810365
888,0.009054105
887.5,0.007602415
887,0.011447421
886.5,0.010229936
886,0.010565249
885.5,0.010344803
885,0.011934988
884.5,0.01108119
884,0.012139736
883.5,0.012023845
883,0.015757801
882.5,0.012950522
882,0.013398861
881.5,0.016392788
881,0.015510397
880.5,0.019026332
880,0.021229308
879.5,0.021990499
879,0.020307496
878.5,0.021755753
878,0.022681689
877.5,0.02572629
877,0.024792541
876.5,0.029545574
876,0.029813787
875.5,0.034967065
875,0.031518437
874.5,0.035287231
874,0.038284324
873.5,0.042289115
873,0.045583911
872.5,0.048389997
872,0.048860338
871.5,0.054490142
871,0.05697104
870.5,0.065869771
870,0.071203612
869.5,0.074840136
869,0.080669031
868.5,0.083496533
868,0.090452276
867.5,0.097288288
867,0.107061908
866.5,0.115125753
866,0.122029394
865.5,0.134238616
865,0.144475877
864.5,0.157651424
864,0.17391932
863.5,0.188436136
863,0.202855259
862.5,0.219710216
862,0.24034977
861.5,0.260732055
861,0.284941405
860.5,0.313273042
860,0.338265896
859.5,0.37068364
859,0.406332314
858.5,0.448119998
858,0.493021369
857.5,0.537521243
857,0.595643938
856.5,0.6578421
856,0.723234236
855.5,0.79879117
855,0.890174687
854.5,0.989409804
854,1.098965168
853.5,1.210980535
853,1.355394602
852.5,1.511471987
852,1.683270335
851.5,1.887929797
851,2.109944582
850.5,2.357925415
850,2.651868105
849.5,2.980550051
849,3.366694212
848.5,3.791309118
848,4.280079842
847.5,4.835962296
847,5.487579823
846.5,6.216894627
846,7.093028069
845.5,8.061758041
845,9.188755989
844.5,10.45034027
844,11.88775539
843.5,13.56779194
843,15.45582676
842.5,17.63459969
842,20.0988121
841.5,22.72389603
841,25.81138611
840.5,29.08850288
840,32.65686417
839.5,36.60196686
839,40.71734619
838.5,45.05924988
838,49.62251282
837.5,54.09460831
837,58.78123474
836.5,63.25400543
836,67.39181519
835.5,71.42441559
835,75.05990601
834.5,78.37812042
834,81.3613739
833.5,83.77679443
833,85.92686462
832.5,87.71303558
832,89.1140976
831.5,90.24432373
831,91.1457901
830.5,91.80623627
830,92.37988281
829.5,92.73415375
829,93.03495026
828.5,93.37879944
828,93.46789551
827.5,93.62423706
827,93.75713348
826.5,93.82180786
826,93.9630127
825.5,94.0412674
825,94.1217804
824.5,94.26847076
824,94.37498474
823.5,94.46400452
823,94.59230042
822.5,94.6693573
822,94.73410034
821.5,94.88700104
821,94.96829987
820.5,95.07058716
820,95.12371826
819.5,95.12931061
819,95.20500946
818.5,95.2673111
818,95.25618744
817.5,95.29262543
817,95.21707916
816.5,95.14092255
816,95.12486267
815.5,95.03516388
815,94.96603394
814.5,94.85796356
814,94.79318237
813.5,94.64409637
813,94.5276413
812.5,94.39351654
812,94.25191498
811.5,94.07495117
811,94.00669861
810.5,93.81486511
810,93.69268799
809.5,93.63784027
809,93.45636749
808.5,93.31555176
808,93.24728394
807.5,93.11460114
807,93.00805664
806.5,92.92510986
806,92.86444855
805.5,92.74145508
805,92.69699097
804.5,92.63847351
804,92.53829193
803.5,92.52052307
803,92.51815033
802.5,92.5243454
802,92.48841858
801.5,92.51839447
801,92.50285339
800.5,92.52497101
800,92.60502625
799.5,92.64222717
799,92.69284821
798.5,92.72075653
798,92.83076477
797.5,92.92259216
797,92.96878815
796.5,93.05873871
796,93.21048737
795.5,93.25767517
795,93.41027832
794.5,93.51866913
794,93.66268158
793.5,93.76018524
793,93.88528442
792.5,94.01956177
792,94.15413666
791.5,94.29368591
791,94.44687653
790.5,94.60668182
790,94.69224548
789.5,94.84474945
789,94.97389984
788.5,95.08026886
788,95.21942139
787.5,95.30512238
787,95.42061615
786.5,95.5480423
786,95.63713074
785.5,95.73095703
785,95.81390381
784.5,95.92490387
784,95.98156738
783.5,96.02822876
783,96.09996796
782.5,96.13339233
782,96.16828918
781.5,96.19945526
781,96.2383194
780.5,96.21639252
780,96.21845245
779.5,96.21670532
779,96.16572571
778.5,96.14044952
778,96.10742188
777.5,96.05046844
777,96.02891541
776.5,95.95391846
776,95.85987091
775.5,95.78340149
775,95.71561432
774.5,95.60409546
774,95.53073883
773.5,95.41334534
773,95.32829285
772.5,95.220047
772,95.1412735
771.5,95.00192261
771,94.89565277
770.5,94.74501801
770,94.70343018
769.5,94.61875916
769,94.45766449
768.5,94.35869598
768,94.28961945
767.5,94.23264313
767,94.10353088
766.5,94.05082703
766,93.99249268
765.5,93.92993164
765,93.87635803
764.5,93.8264389
764,93.81005096
763.5,93.78221893
763,93.76861572
762.5,93.74298096
762,93.746315
761.5,93.7583313
761,93.7638855
760.5,93.80129242
760,93.85366058
759.5,93.902565
759,93.91277313
758.5,94.01271057
758,94.06808472
757.5,94.14012909
757,94.24433899
756.5,94.31880951
756,94.39569092
755.5,94.42942047
755,94.57216644
754.5,94.67803955
754,94.76935577
753.5,94.82319641
753,94.94356537
752.5,95.05000305
752,95.14052582
751.5,95.24456024
751,95.3203125
750.5,95.38632965
750,95.50370026
749.5,95.53887939
749,95.60552979
748.5,95.65241241
748,95.69171906
747.5,95.73433685
747,95.79647064
746.5,95.8006134
746,95.8421936
745.5,95.82402802
745,95.85127258
744.5,95.83346558
744,95.81569672
743.5,95.79948425
743,95.75645447
742.5,95.71826172
742,95.65584564
741.5,95.63793182
741,95.54805756
740.5,95.47245789
740,95.40519714
739.5,95.36616516
739,95.26663971
738.5,95.14237976
738,95.07470703
737.5,94.99057007
737,94.88194275
736.5,94.78799438
736,94.70754242
735.5,94.61225128
735,94.48590088
734.5,94.40332031
734,94.2622757
733.5,94.17139435
733,94.05900574
732.5,93.9620285
732,93.86379242
731.5,93.73985291
731,93.64372253
730.5,93.53559875
730,93.42334747
729.5,93.31642151
729,93.18108368
728.5,93.07611847
728,92.93447113
727.5,92.83090973
727,92.6829071
726.5,92.56594849
726,92.40707397
725.5,92.27206421
725,92.10874939
724.5,91.93920135
724,91.75185394
723.5,91.57304382
723,91.37399292
722.5,91.14276886
722,90.92634583
721.5,90.65672302
721,90.41680145
720.5,90.11211395
720,89.8026123
719.5,89.49395752
719,89.11352539
718.5,88.75671387
718,88.37449646
717.5,87.92204285
717,87.48609161
716.5,86.99654388
716,86.47407532
715.5,85.94721222
715,85.34152985
714.5,84.72108459
714,84.09130859
713.5,83.41558075
713,82.66438293
712.5,81.89864349
712,81.0641098
711.5,80.24674225
711,79.36798859
710.5,78.43341827
710,77.46743774
709.5,76.42508698
709,75.38505554
708.5,74.28128052
708,73.09187317
707.5,71.91659546
707,70.63652039
706.5,69.33322144
706,67.9571228
705.5,66.55137634
705,65.09149933
704.5,63.57117844
704,62.00693893
703.5,60.44719696
703,58.73753357
702.5,57.04232025
702,55.31984711
701.5,53.49677277
701,51.70384598
700.5,49.84687805
700,47.93960571
699.5,46.08513641
699,44.10341263
698.5,42.13368988
698,40.19284821
697.5,38.16368103
697,36.20080566
696.5,34.20492935
696,32.22249603
695.5,30.31191254
695,28.35372925
694.5,26.48082924
694,24.65071678
693.5,22.80118561
693,21.06496048
692.5,19.37278366
692,17.74313354
691.5,16.2384243
691,14.74033546
690.5,13.36982727
690,12.06999969
689.5,10.82090759
689,9.693835258
688.5,8.646559715
688,7.664497375
687.5,6.792178631
687,5.958138466
686.5,5.223544121
686,4.574982643
685.5,3.965537548
685,3.444295406
684.5,2.968399525
684,2.543611765
683.5,2.182562351
683,1.853205204
682.5,1.577499747
682,1.340105891
681.5,1.128253937
681,0.953857303
680.5,0.801032662
680,0.666849196
679.5,0.561466515
679,0.464723021
678.5,0.388516694
678,0.323602647
677.5,0.265487224
677,0.218572959
676.5,0.182799459
676,0.149728432
675.5,0.125379831
675,0.101938009
674.5,0.082015045
674,0.067816891
673.5,0.056237582
673,0.047246493
672.5,0.037302256
672,0.031383272
671.5,0.023341145
671,0.02027346
670.5,0.017123528
670,0.011969238
669.5,0.012011522
669,0.007903829
668.5,0.007259677
668,0.004709557
667.5,0.004008668
667,0.004308942
666.5,0.000696672
666,0.004443944
665.5,0.002628872
665,0.00084299
664.5,0.000694569
664,0.00084136
663.5,0.001708855
663,0.001241136
662.5,-0.001217333
662,-0.000238932
661.5,0.000847168
661,-0.000844091
660.5,0.000645111
660,0.001913367
659.5,0.001241818
659,0.000520157
658.5,0.000166294
658,-0.001157867
657.5,-0.000315215
657,-0.000494204
656.5,0.000651197
656,-0.00162585
655.5,-0.000422955
655,-0.001551473
654.5,-0.000242904
654,-9.31E-05
653.5,-0.000805153
653,0.000788623
652.5,0.000232931
652,0.000199719
651.5,-0.000744528
651,0.001437829
650.5,-0.000915864
650,3.52E-05
649.5,-2.28E-05
649,-0.000478249
648.5,-0.000732977
648,-0.000986091
647.5,4.37E-06
647,9.20E-06
646.5,-0.000906134
646,-0.000427846
645.5,-0.00021822
645,0.000195901
644.5,-0.001040343
644,-0.001177576
643.5,-0.000147699
643,-0.00056223
642.5,-0.000358758
642,-0.000569261
641.5,-0.00029773
641,-0.000441547
640.5,-0.001004063
640,-0.000524666
639.5,-0.001933786
639,2.08E-05
638.5,-0.001400277
638,0.000502499
637.5,0.000139703
637,0.000275316
636.5,-0.001390901
636,0.00025969
635.5,-0.001647182
635,0.000389897
634.5,-0.000800938
634,-0.000221373
633.5,-0.001206813
633,0.000809434
632.5,0.000239866
632,-0.000304945
631.5,-0.000172491
631,0.001274346
630.5,-0.000195691
630,-0.000281224
629.5,-0.000665005
629,-0.000230277
628.5,-0.000616924
628,-0.000999972
627.5,-0.001650045
627,-0.000660043
626.5,-0.000309833
626,0.000189505
625.5,0.00025647
625,-0.000772351
624.5,0.000320224
624,-0.000860879
623.5,-0.000498359
623,-0.000133179
622.5,-0.000506925
622,0.000677623
621.5,-0.000807908
621,0.000305592
620.5,8.28E-05
620,0.000232473
619.5,-0.000581619
619,-0.001096067
618.5,0.000239966
618,-0.001156789
617.5,-0.001221285
617,-0.000332087
616.5,0.000186703
616,-0.000750094
615.5,-0.001243099
615,0.00028121
614.5,-0.0012817
614,-0.000482746
613.5,-0.000257224
613,-0.000803449
612.5,-0.000647087
612,-0.000146912
611.5,-0.000543864
611,8.49E-05
610.5,0.000300164
610,-0.000558615
609.5,-0.001404155
609,0.000661511
608.5,-0.000641162
608,0.000753069
607.5,6.07E-06
607,-0.000323026
606.5,0.001244943
606,0.001449071
605.5,-0.001291987
605,-0.000412934
604.5,0.000257992
604,-0.000201227
603.5,-0.000131206
603,6.83E-05
602.5,-6.34E-05
602,-0.000527298
601.5,-0.000664286
601,0.001386993
600.5,-0.00021471
600,0.000579581
599.5,-0.001317275
599,-0.001476358
598.5,-0.001230365
598,-0.001190081
597.5,-0.00066087
597,-0.001257688
596.5,-0.001945255
596,-0.000244552
595.5,-0.000421203
595,-7.79E-05
594.5,-0.001687502
594,0.000847658
593.5,0.000758658
593,-0.001919209
592.5,-0.001127032
592,-0.000951481
591.5,-0.000167528
591,-0.000976693
590.5,0.000759614
590,5.68E-05
589.5,-0.000529727
589,-0.002377848
588.5,-0.000324815
588,-0.001283709
587.5,0.00128268
587,0.000514513
586.5,0.001956881
586,-0.00095037
585.5,-0.000846953
585,-0.000369389
584.5,-0.001088828
584,-0.000155994
583.5,-5.71E-05
583,-0.001431288
582.5,-0.000286426
582,-0.000847393
581.5,0.000536674
581,-0.001137709
580.5,-0.000431666
580,-0.000612042
579.5,9.58E-05
579,0.00070708
578.5,-4.57E-05
578,-0.000516271
577.5,6.48E-05
577,-0.000427121
576.5,-0.000388874
576,-0.000411192
575.5,0.000163966
575,-0.000530376
574.5,-0.000705112
574,-0.000803367
573.5,0.000928222
573,0.000479517
572.5,-0.000645778
572,-0.000590909
571.5,-0.000912412
571,-0.001237388
570.5,-0.001465394
570,-1.12E-05
569.5,-2.35E-05
569,0.000119745
568.5,-0.000998648
568,0.000247125
567.5,-0.001106985
567,0.000907681
566.5,-0.000152624
566,0.000977264
565.5,0.00036801
565,0.001203657
564.5,0.000748095
564,-0.001601108
563.5,-0.001290495
563,0.001282321
562.5,-0.001206356
562,0.000679862
561.5,0.000378814
561,0.001057333
560.5,-0.000149106
560,-0.001280398
559.5,-0.000602716
559,-0.000377142
558.5,-0.000378001
558,-0.00181433
557.5,0.000149176
557,-0.001742702
556.5,-0.00068515
556,-0.000989973
555.5,-0.001976719
555,-0.000689729
554.5,-0.000539533
554,-0.000388963
553.5,-0.000998129
553,-8.77E-05
552.5,-0.000393272
552,-0.000471072
551.5,-0.001996752
551,0.000670097
550.5,-0.000475733
550,-0.000247792
549.5,-0.000631115
549,0.001203022
548.5,-0.000175182
548,-0.001172427
547.5,-4.39E-05
547,0.000297176
546.5,0.000154332
546,-5.84E-05
545.5,-0.000124774
545,0.00102159
544.5,0.000529057
544,-0.000239863
543.5,-8.84E-05
543,-0.000637931
542.5,-0.000212847
542,0.000623956
541.5,-0.000961252
541,0.000147676
540.5,-0.001085238
540,-0.00032508
539.5,-0.000594935
539,-0.000112518
538.5,0.000504101
538,-0.001399191
537.5,-0.000511309
537,-0.000304821
536.5,-0.000369568
536,0.000174191
535.5,0.000243403
535,-9.28E-05
534.5,-0.000562883
534,-0.001167364
533.5,-0.000828135
533,-0.000758558
532.5,-1.75E-05
532,-0.000755113
531.5,0.000790291
531,-0.000215335
530.5,-0.001421236
530,-0.000213317
529.5,-0.000212286
529,-7.76E-05
528.5,0.000324663
528,-0.000477729
527.5,-0.000409991
527,-0.000275666
526.5,0.00012572
526,0.000660608
525.5,-0.000942475
525,-0.000942249
524.5,-0.00134251
524,-0.000474035
523.5,-0.000407322
523,0.000193783
522.5,-0.001074656
522,-0.000140183
521.5,-0.000874578
521,-7.36E-05
520.5,-0.000407762
520,-0.000407867
519.5,-0.001744384
519,0.00039286
518.5,-0.000876966
518,0.002063539
517.5,0.000191628
517,-0.000945566
516.5,-0.001347712
516,-0.000813246
515.5,0.00012288
515,-0.000547185
514.5,-0.000146558
514,-0.001085286
513.5,-0.000885508
513,-0.000953364
512.5,-0.001156215
512,-0.000217569
511.5,0.000452746
511,0.00018327
510.5,-0.000355476
510,0.000988774
509.5,0.000247856
509,-0.000561196
508.5,-0.000764744
508,0.000177878
507.5,-0.000362928
507,-0.000702192
506.5,0.000309867
506,0.00037627
505.5,-0.00036954
505,-0.000709736
504.5,0.000373116
504,-0.000510074
503.5,-0.000104416
503,-0.000785432
502.5,-0.000107701
502,-0.000994117
501.5,-0.000247018
501,-0.000248788
500.5,0.000227123
500,-0.000252616
499.5,-0.000733309
499,0.000975462
498.5,-0.000121445
498,-0.000946764
497.5,-0.000125028
497,-0.000470927
496.5,0.000214672
496,0.000970964
495.5,-0.00068512
495,-0.000342905
494.5,0.000484365
494,0.000413872
493.5,-7.30E-05
493,-0.000214026
492.5,-7.95E-06
492,-0.000775371
491.5,0.000126701
491,-0.000224256
490.5,-0.000575422
490,-0.00064852
489.5,0.000468577
489,0.000116211
488.5,-0.000237222
488,0.000463309
487.5,-0.000594424
487,-0.001020634
486.5,-0.000389118
486,3.21E-05
485.5,-0.000182792
485,0.000452284
484.5,-0.00040151
484,2.17E-05
483.5,-0.000550536
483,-5.50E-05
482.5,-0.000915188
482,-0.000918873
481.5,-0.000134811
481,-0.000855296
480.5,0.000865756
480,-0.000791295
479.5,-0.000434523
479,-0.001016043
478.5,-0.00051357
478,-0.000300347
477.5,-0.000593295
477,0.000565776
476.5,-0.000309216
476,-0.000822163
475.5,0.000195447
475,-0.000464378
474.5,4.47E-05
474,-0.001204069
473.5,-0.000327577
473,-0.000256965
472.5,0.000107999
472,0.000326652
471.5,-0.001963948
471,-0.00063855
470.5,-4.97E-05
470,-0.001460584
469.5,-0.00087129
469,-0.000206013
468.5,-0.001400759
468,0.001279222
467.5,-0.001111069
467,0.001203001
466.5,0.000603017
466,-0.00119835
465.5,-0.000376568
465,0.001500452
464.5,0.000295246
464,-0.000460922
463.5,-0.000766462
463,-1.38E-05
462.5,-0.001227877
462,0.000436026
461.5,-0.000173486
461,-0.000854556
460.5,-0.00128199
460,0.000789459
459.5,-0.00143471
459,6.82E-05
458.5,-6.26E-06
458,-0.000729281
457.5,-0.000878151
457,-0.000882323
456.5,0.000777892
456,0.000413515
455.5,-9.77E-05
455,0.001572968
454.5,-0.000104804
454,-0.001131006
453.5,-0.000478502
453,-0.001436364
452.5,-0.00034105
452,0.001644
451.5,-0.00049817
451,-0.000133581
450.5,0.000529827
450,-0.000887635
449.5,0.000373833
449,-7.87E-05
448.5,-0.0014352
448,0.000286438
447.5,0.000206494
447,0.002153614
446.5,0.001213426
446,-7.33E-05
445.5,-0.000509688
445,-0.000949424
444.5,5.10E-05
444,-0.000463003
443.5,0.000546514
443,0.000468436
442.5,9.61E-05
442,-0.000575227
441.5,0.000229183
441,-0.000299272
440.5,-0.001656916
440,-0.001072214
439.5,0.000327585
439,-0.000685153
438.5,0.000432603
438,-0.00142516
437.5,-0.001444188
437,-0.00052693
436.5,0.000255986
436,0.000246742
435.5,0.001044899
435,-0.00117925
434.5,-0.000677993
434,-0.001671422
433.5,-0.000121868
433,-0.000148352
432.5,-0.000449704
432,0.000256149
431.5,-0.000192948
431,0.00015879
430.5,-0.000447611
430,0.000805319
429.5,-0.001653433
429,6.15E-05
428.5,0.000333423
428,-0.000984985
427.5,-0.000497781
427,-7.60E-05
426.5,-0.000616936
426,0.00053189
425.5,-0.000509737
425,-0.000173924
424.5,-0.000194348
424,5.15E-06
423.5,-0.001576556
423,9.91E-05
422.5,-0.001493576
422,-0.001173822
421.5,0.00038712
421,-0.000583772
420.5,-0.001281641
420,-0.000267978
419.5,0.000129092
419,-0.001185237
418.5,-0.00049414
418,0.000215348
417.5,0.000319282
417,-0.00155644
416.5,4.38E-05
416,0.000746209
415.5,-1.61E-07
415,0.000880034
414.5,0.000354861
414,0.000124948
413.5,-0.001548279
413,-0.000206793
412.5,0.000505281
412,-0.000400224
411.5,0.000630197
411,-0.00115732
410.5,0.000675636
410,-0.000428415
409.5,0.000798049
409,-0.000399712
408.5,0.000908291
408,0.00019173
407.5,0.00010304
407,-6.02E-05
406.5,0.000139548
406,-0.000605497
405.5,-0.000201891
405,5.85E-05
404.5,0.00075068
404,-4.86E-05
403.5,0.000585915
403,-0.00191838
402.5,-0.001317325
402,-0.000406153
401.5,-0.001056063
401,-0.00023601
400.5,0.000599896
400,0.000949602
399.5,-0.000655559
399,0.00086244
398.5,-0.00018073
398,-0.000196442
397.5,-0.001395953
397,-2.00E-05
396.5,-0.000105919
396,-0.000621686
395.5,0.000511185
395,6.53E-05
394.5,-7.19E-05
394,-0.000387787
393.5,-0.001299346
393,-0.000837948
392.5,-0.000859349
392,-0.000245097
391.5,-0.000899258
391,0.000583625
390.5,-0.000434619
390,0.00151177
389.5,-0.000174962
389,0.000492237
388.5,-0.00102691
388,-0.000147716
387.5,4.85E-05
387,-0.001226297
386.5,-0.000116058
386,0.000867535
385.5,-0.000570793
385,0.001145129
384.5,-0.001399345
384,0.000244369
383.5,-0.000186868
383,0.000278641
382.5,-0.000417034
382,-0.0008449
381.5,-9.58E-05
381,-0.001367395
380.5,-0.000540906
380,-0.000626247
379.5,-0.002067258
379,-0.000655197
378.5,-0.000308518
378,-0.000658102
377.5,-0.000580956
377,-0.000460037
376.5,-0.001154434
376,-0.000350477
375.5,0.000119238
375,-0.000861717
374.5,2.89E-05
374,0.000931824
373.5,0.000714753
373,0.000566191
372.5,0.00034379
372,0.000869841
371.5,-0.000178595
371,-0.001405336
370.5,-0.001493533
370,0.000466108
369.5,-9.31E-05
369,-0.000382697
368.5,0.000300763
368,9.83E-06
367.5,-0.001064653
367,-0.00079975
366.5,-0.000653069
366,-0.000316711
365.5,-0.001140249
365,0.000738903
364.5,-0.000226351
364,-0.001207724
363.5,0.000299502
363,-0.00062438
362.5,0.000205726
362,-0.002093036
361.5,-0.000317304
361,-0.001735855
360.5,-0.001092291
360,-0.00043576
359.5,0.000717583
359,0.00035806
358.5,0.001121779
358,-0.000236613
357.5,-0.000719968
357,-0.00095224
356.5,-0.000233706
356,0.000641908
355.5,-0.001128034
355,0.000379537
354.5,0.00047497
354,0.000660638
353.5,-0.000454294
353,-6.81E-05
352.5,-0.000643093
352,-0.001062551
351.5,-0.000294365
351,-0.001157271
350.5,0.000621543
350,0.001123144
349.5,0.001869629
349,-0.000618862
348.5,8.00E-05
348,-0.00161866
347.5,-0.000357457
347,-0.000293837
346.5,0.000398146
346,-0.000795056
345.5,0.000461345
345,-0.00072554
344.5,-0.000347569
344,0.000466708
343.5,-0.002261684
343,0.001215185
342.5,-0.001132425
342,-0.000877379
341.5,-0.000686743
341,-0.000192346
340.5,5.68E-05
340,-0.000972848
339.5,-0.001149127
339,-0.001135827
338.5,-0.000209091
338,-0.000509202
337.5,-0.000487091
337,-0.000961893
336.5,0.000292635
336,-0.000786784
335.5,-0.001169939
335,0.000162965
334.5,0.000688559
334,-0.000944178
333.5,-0.00091647
333,-0.000332727
332.5,-0.001712644
332,-0.000488072
331.5,-0.001776505
331,-0.000651769
330.5,-0.001128523
330,0.000769439
329.5,-0.001311417
329,-2.02E-06
328.5,0.000205024
328,-0.000218078
327.5,-0.000449589
327,0.0001383
326.5,-0.000646806
326,-7.12E-05
325.5,-0.001015837
325,-9.87E-05
324.5,-0.000342024
324,-0.000447031
323.5,1.31E-05
323,-0.000402368
322.5,-0.0010508
322,-0.000236746
321.5,-4.09E-05
321,-0.00143794
320.5,-0.000644094
320,-0.000556735
319.5,-0.001091357
319,-0.001245973
318.5,0.000299736
318,7.61E-05
317.5,-0.000677917
317,0.000747121
316.5,-0.000693403
316,-0.000607494
315.5,-0.001571364
315,-0.000502059
314.5,-0.001206097
314,-0.000478643
313.5,0.000163778
313,-0.000267287
312.5,-0.000941875
312,-0.000420306
311.5,0.000152906
311,-1.79E-05
310.5,-4.23E-06
310,0.000189393
309.5,-0.000596588
309,3.58E-05
308.5,0.000556749
308,0.000124078
307.5,-5.13E-05
307,0.000766882
306.5,-0.000945688
306,0.000110305
305.5,-0.000360233
305,-0.001295622
304.5,0.000348666
304,-0.001046148
303.5,0.000181125
303,-0.000495067
302.5,0.000208044
302,-0.000331083
301.5,-0.000918349
301,-0.000677419
300.5,-0.000552909
300,-0.000208919
299.5,-0.00012398
299,-0.000165335
298.5,4.15E-05
298,-0.001028934
297.5,-0.000411591
297,-0.000528448
296.5,-0.001129771
296,-0.000159317
295.5,-7.31E-05
295,-0.000114682
294.5,3.46E-05
294,-0.00038775
293.5,-0.001234989
293,-0.000390915
292.5,-0.000908638
292,-0.000724554
291.5,-0.000853784
291,-0.000120873
290.5,2.95E-05
290,-0.000316665
289.5,-0.001309433
289,-0.001127836
288.5,-0.000450504
288,-0.000987467
287.5,-0.000206074
287,-0.00048768
286.5,9.00E-05
286,-0.000851718
285.5,-0.000373453
285,-0.00128869
284.5,-0.000569279
284,-0.001029431
283.5,-0.000973347
283,-0.000464177
282.5,-0.000247149
282,-0.000287881
281.5,-0.000887843
281,-0.000488517
280.5,-0.001938554
280,-2.29E-05
279.5,-0.001295266
279,7.61E-05
278.5,0.000282112
278,-0.000579261
277.5,0.000556437
277,-0.000681721
276.5,-0.000488544
276,-0.000663518
275.5,-0.001673207
275,-0.000749296
274.5,-0.000157506
274,0.000359903
273.5,-0.001059126
273,-0.000494797
272.5,0.00010245
272,0.00024677
271.5,-0.000518924
271,-0.000435992
270.5,-0.000544914
270,-0.000399691
269.5,-0.000256716
269,0.000815005
268.5,-0.000804528
268,-8.67E-05
267.5,-0.000529014
267,-5.69E-05
266.5,-0.000555806
266,-0.000792437
265.5,0.000934235
265,0.000188197
264.5,-0.001211587
264,0.000500849
263.5,-0.000683311
263,0.000386389
262.5,-0.000126459
262,-0.00115227
261.5,0.000993572
261,-0.001179797
260.5,-0.000143985
260,-0.000576025
259.5,-0.001003106
259,8.43E-05
258.5,-0.001038854
258,-0.000289162
257.5,0.001315427
257,-0.001062343
256.5,-0.000457036
256,0.000928726
255.5,0.000214973
255,-0.00075377
254.5,-0.001198098
254,-0.000479213
253.5,0.000621891
253,-0.000147428
252.5,-0.000786974
252,0.000308174
251.5,-0.001485488
251,-0.000649784
250.5,-0.000135224
250,-0.001031342
249.5,-0.001030714
249,-0.000901034
248.5,-0.001219801
248,0.000447844
247.5,-0.00019006
247,-0.001466144
246.5,-0.000629979
246,-0.00097012
245.5,-0.000103514
245,0.000242586
244.5,-0.001456076
244,-0.001313311
243.5,-0.000764528
243,-0.000286775
242.5,0.000325523
242,-0.001300432
241.5,-0.000962305
241,-0.000216931
240.5,-0.000694362
240,0.00080179
239.5,-0.000358286
239,-0.000224069
238.5,-0.000364388
238,-0.001055884
237.5,-0.000718553
237,0.000588542
236.5,-0.000595539
236,-0.001022736
235.5,0.000578312
235,0.000221768
234.5,-6.88E-05
234,-0.000434894
233.5,-0.002386988
233,-0.000316526
232.5,-0.001570102
232,-0.001301341
231.5,-0.001398956
231,0.001043946
230.5,-0.000619961
230,-0.001217451
229.5,-0.001571403
229,-0.000591702
228.5,-0.000832938
228,-0.000785116
227.5,-0.001931729
227,-9.87E-06
226.5,-0.000482495
226,-0.000791407
225.5,-0.001189535
225,-4.53E-05
224.5,0.001284046
224,-0.001014712
223.5,-0.001252285
223,-0.000605244
222.5,-0.001019996
222,-0.000385922
221.5,-0.002060093
221,-0.001044329
220.5,-0.000878231
220,0.000291937
219.5,-0.001426664
219,-0.000190906
218.5,-0.000546059
218,-0.000289003
217.5,-0.001541652
217,-0.00078694
216.5,0.001610637
216,-5.21E-05
215.5,-0.000407813
215,0.000131215
214.5,-0.001071587
214,-0.00135639
213.5,-0.000502596
213,-0.000862035
212.5,-0.000695215
212,0.000852687
211.5,-0.000215771
211,-0.000277879
210.5,0.001562874
210,-0.000787467
209.5,-1.35E-05
209,-0.00110747
208.5,-0.000317625
208,-0.001171891
207.5,-0.000620298
207,-0.000533017
206.5,-0.00014065
206,0.000253461
205.5,0.00056628
205,-0.000309747
204.5,-3.42E-06
204,-0.000412624
203.5,0.000710724
203,-0.000606054
202.5,-5.33E-05
202,-0.000321633
201.5,-0.001097034
201,-0.001037752
200.5,-0.001177364
200,3.35E-05